0.576974
0.444306
0.377988
0.104103
0.201797
0.658184
3.64473
4.8078
4.64551
16.1046
4.72747
0.0263875
0.0243977
4.37922
19.9423
13.7402
1.25583
0.734487
0.288834
0.352359
1.36073
0.257489
0.0435181
1.31695
0.651103
0.0965967
2.3151
1.17495
0.0465587
0.431172
6.37535
0.341947
3.34141
0.032079
0.919456
8.52726
3.67496
1.31018
0.273333
6.56015
2.25483
0.2578
0.443342
3.09447
4.28576
7.55011
5.28344
12.9956
0.865899
4.21872
0.0262455
0.00728855
0.969793
22.7889
0.766344
0.134622
0.0752527
0.191723
1.55522
4.55026
10.0221
2.05689
0.38201
6.65197
34.703
6.65222
0.0736465
0.255531
0.445594
0.628403
0.0418504
0.019418
0.155073
0.247346
0.0594667
1.45207
1.26192
0.262387
0.101596
1.90357
0.10528
0.539709
0.023965
0.344822
0.221599
0.0358102
5.07686
0.370339
1.05895
9.01512
25.8982
1.77622
0.869867
1.35318
0.0253194
0.0869446
0.19505
0.136307
0.708409
0.0890928
