39.1787
44.6458
42.5656
33.3605
48.4726
42.481
39.6943
41.4324
33.37
52.0114
33.05
46.0681
40.6659
40.7966
45.4933
51.476
44.9273
45.8539
39.9851
48.4316
37.3979
57.2318
38.7651
42.2724
28.6957
37.5635
54.2983
39.6966
38.4273
48.5139
35.604
42.5916
56.557
70.1633
43.1199
35.5647
48.8156
50.4315
45.6274
56.4688
59.704
45.8103
47.6002
43.3482
39.4578
47.8952
37.6012
42.5223
43.619
41.2569
46.9067
43.78
43.478
37.4708
35.2655
42.0643
44.1821
36.7945
62.5676
41.6253
39.7947
43.3799
36.0595
51.5201
51.043
31.5737
57.4055
57.7872
36.7754
30.6899
39.5204
42.7955
36.6498
41.8254
47.8307
38.5599
42.6242
66.9711
40.9126
52.8274
39.6561
52.1824
39.4965
53.2531
42.5244
35.2141
36.2411
50.1153
50.8015
40.8731
30.9198
48.7706
45.1684
41.3203
41.2404
50.7799
33.6633
51.8146
40.4604
47.4542
38.2652
44.2902
51.1577
