0.541869
0.452532
0.411801
0.156687
0.682702
0.376492
0.183598
0.329094
0.0988065
0.165902
0.272237
0.274569
0.185478
0.328737
0.563567
0.246627
0.243417
0.40048
0.297424
0.119885
0.337269
0.225578
0.171151
0.196396
0.163764
0.166094
0.393666
0.556529
0.297408
0.409217
0.227401
0.371248
0.188133
0.329085
0.384499
0.254729
0.422861
0.376008
0.717765
0.666046
0.416925
0.140698
0.218978
0.204297
0.111194
0.541747
0.943886
0.308469
0.226414
0.650827
0.342549
0.252865
0.69805
0.235691
1.06621
0.132072
0.208934
0.387195
0.479044
0.389919
0.217696
0.389883
0.128117
0.0856062
0.609995
0.152355
0.209433
0.314634
0.233568
0.371484
0.34891
0.499154
0.23506
0.215496
0.2934
0.403822
0.0999012
0.0986555
0.401121
0.176049
0.178904
0.435207
0.117819
0.369012
0.113149
0.892908
0.366368
0.0858093
0.273018
0.24436
0.175799
0.217689
0.733094
0.192333
0.206386
0.145033
0.249025
0.0856907
0.145301
0.395767
0.251914
0.223516
0.24581
0.111638
0.713377
0.271197
0.413479
0.172358
0.210694
0.256151
0.48648
0.987337
0.263194
0.365558
0.653073
0.166863
0.426618
0.19739
0.0837513
0.299949
0.281217
0.230253
0.23196
0.164031
0.256804
0.263115
0.400726
0.293432
0.221695
0.547264
0.454549
0.46096
0.400545
0.264322
0.573518
0.294175
0.504479
0.202732
0.386508
0.205458
0.125284
0.441807
0.606556
0.431433
0.585409
0.202043
0.804947
0.279296
0.431525
0.494206
0.421926
0.0794016
0.113166
0.121269
0.199765
0.362835
0.503853
0.199471
0.264982
0.345743
0.366922
0.230932
0.854426
0.173125
0.127967
0.2485
0.346749
0.514407
0.277376
0.196348
0.512331
0.274031
0.231398
0.464876
0.224026
1.58031
0.535992
0.713899
0.849556
0.352805
0.177176
0.121329
0.327442
0.304933
0.342822
0.290897
0.316932
1.0075
0.534709
0.500274
0.19709
0.158892
0.293736
0.872639
0.12678
0.451077
0.173876
0.186112
0.370934
0.0940075
0.464181
0.557664
0.23708
0.26465
0.241374
0.383211
1.18086
0.140112
0.30722
0.369057
0.367388
0.329053
0.237145
0.227397
0.198937
0.353721
0.277958
0.31669
0.32929
0.798942
0.179951
0.200044
0.28288
0.114965
0.108663
0.19653
0.357869
0.816924
0.476768
0.398334
1.24049
0.475964
0.298524
0.205496
0.45582
0.10754
0.202218
1.21915
0.185719
0.229692
0.425092
0.252262
0.376078
0.375671
0.163714
0.0461957
0.230143
0.209427
0.442367
0.362759
0.243168
0.334308
0.63715
0.729807
0.302971
0.186333
0.258601
0.237306
0.156959
0.271981
0.472608
0.167306
0.20707
0.392118
0.29754
0.327462
0.0727514
0.253361
0.406828
0.466115
0.194309
0.134307
0.581346
0.165577
0.173023
0.421214
0.419348
0.262576
0.176249
0.184901
0.37662
0.0742986
0.406617
0.315631
0.310907
0.405436
0.565202
0.643966
0.508496
0.201436
0.272438
0.301715
0.0922379
0.154993
0.443171
0.500827
0.399128
0.320576
0.394314
0.357409
0.547703
0.440068
0.262632
0.222621
0.270305
0.195318
0.269795
0.432187
0.379261
0.258256
0.470601
0.15512
0.0845597
0.529553
0.515303
0.353197
0.385545
0.190668
0.214265
0.294177
0.301764
0.286476
0.500975
0.410233
0.292432
0.354729
0.374423
0.103195
0.298911
0.460997
0.315521
0.202734
0.160357
0.331853
0.601589
0.213396
0.227717
0.374952
0.387572
0.17579
0.253692
0.253113
0.175878
0.423509
0.565074
0.392642
0.737342
0.137441
0.58592
0.310836
0.252439
0.205243
0.4417
0.213875
0.206096
0.202099
0.494119
0.215826
0.383023
0.577431
0.295198
0.227451
0.313723
0.200097
0.34542
0.599749
1.26814
0.229023
0.686089
0.375831
0.35144
0.226946
0.0902257
0.348881
0.324383
0.36841
0.432045
0.397065
0.43127
0.80419
0.542978
0.189142
0.623992
0.220247
0.449388
0.783047
0.291194
0.27625
0.0856002
0.293615
0.40006
0.412985
0.279684
0.421498
0.356818
0.203891
0.312942
0.369583
0.551065
0.220556
0.317708
0.211004
0.488958
0.339459
0.0766521
0.369395
0.385985
0.36663
0.123652
0.430742
0.933284
0.159248
0.271695
0.287188
0.311411
0.176675
0.121484
0.231531
0.222909
0.200284
0.187332
0.136506
0.434665
0.246231
0.271159
0.290974
0.0898701
0.362588
0.141666
0.176518
0.329874
0.249246
0.269095
0.178183
0.376354
0.547019
0.444066
0.343515
0.38417
0.192781
0.285078
0.329254
0.2423
0.150993
0.367767
0.335742
0.286113
0.0931114
0.458766
0.490928
0.469749
0.329991
0.210808
0.410631
0.189048
0.252512
0.197945
0.271522
0.561782
0.314796
0.1309
0.652328
0.165115
0.289843
0.141704
0.194891
0.392641
0.495019
0.0939366
1.02743
0.0866403
0.387457
0.252455
0.43766
0.245916
0.3046
0.159344
0.467644
0.248647
0.50744
0.134487
0.195209
0.169048
0.273092
0.0658734
0.247527
0.271511
0.141885
0.178954
0.414466
0.0884054
0.436117
0.297955
0.479238
0.29052
0.393071
0.13277
0.424628
0.165011
0.226376
0.541869
0.452532
0.411801
0.156687
0.682702
0.376492
0.183598
0.329094
0.0988065
0.165902
0.272237
0.274569
0.185478
0.328737
0.563567
0.246627
0.243417
0.40048
0.297424
0.119885
0.337269
0.225578
0.171151
0.196396
0.163764
0.166094
0.393666
0.556529
0.297408
0.409217
0.227401
0.371248
0.188133
0.329085
0.384499
0.254729
0.422861
0.376008
0.717765
0.666046
0.416925
0.140698
0.218978
0.204297
0.111194
0.541747
0.943886
0.308469
0.226414
0.650827
0.342549
0.252865
0.69805
0.235691
1.06621
0.132072
0.208934
0.387195
0.479044
0.389919
0.217696
0.389883
0.128117
0.0856062
0.609995
0.152355
0.209433
0.314634
0.233568
0.371484
0.34891
0.499154
0.23506
0.215496
0.2934
0.403822
0.0999012
0.0986555
0.401121
0.176049
0.178904
0.435207
0.117819
0.369012
0.113149
0.892908
0.366368
0.0858093
0.273018
0.24436
0.175799
0.217689
0.733094
0.192333
0.206386
0.145033
0.249025
0.0856907
0.145301
0.395767
0.251914
0.223516
0.24581
0.111638
0.713377
0.271197
0.413479
0.172358
0.210694
0.256151
0.48648
0.987337
0.263194
0.365558
0.653073
0.166863
0.426618
0.19739
0.0837513
0.299949
0.281217
0.230253
0.23196
0.164031
0.256804
0.263115
0.400726
0.293432
0.221695
0.547264
0.454549
0.46096
0.400545
0.264322
0.573518
0.294175
0.504479
0.202732
0.386508
0.205458
0.125284
0.441807
0.606556
0.431433
0.585409
0.202043
0.804947
0.279296
0.431525
0.494206
0.421926
0.0794016
0.113166
0.121269
0.199765
0.362835
0.503853
0.199471
0.264982
0.345743
0.366922
0.230932
0.854426
0.173125
0.127967
0.2485
0.346749
0.514407
0.277376
0.196348
0.512331
0.274031
0.231398
0.464876
0.224026
1.58031
0.535992
0.713899
0.849556
0.352805
0.177176
0.121329
0.327442
0.304933
0.342822
0.290897
0.316932
1.0075
0.534709
0.500274
0.19709
0.158892
0.293736
0.872639
0.12678
0.451077
0.173876
0.186112
0.370934
0.0940075
0.464181
0.557664
0.23708
0.26465
0.241374
0.383211
1.18086
0.140112
0.30722
0.369057
0.367388
0.329053
0.237145
0.227397
0.198937
0.353721
0.277958
0.31669
0.32929
0.798942
0.179951
0.200044
0.28288
0.114965
0.108663
0.19653
0.357869
0.816924
0.476768
0.398334
1.24049
0.475964
0.298524
0.205496
0.45582
0.10754
0.202218
1.21915
0.185719
0.229692
0.425092
0.252262
0.376078
0.375671
0.163714
0.0461957
0.230143
0.209427
0.442367
0.362759
0.243168
0.334308
0.63715
0.729807
0.302971
0.186333
0.258601
0.237306
0.156959
0.271981
0.472608
0.167306
0.20707
0.392118
0.29754
0.327462
0.0727514
0.253361
0.406828
0.466115
0.194309
0.134307
0.581346
0.165577
0.173023
0.421214
0.419348
0.262576
0.176249
0.184901
0.37662
0.0742986
0.406617
0.315631
0.310907
0.405436
0.565202
0.643966
0.508496
0.201436
0.272438
0.301715
0.0922379
0.154993
0.443171
0.500827
0.399128
0.320576
0.394314
0.357409
0.547703
0.440068
0.262632
0.222621
0.270305
0.195318
0.269795
0.432187
0.379261
0.258256
0.470601
0.15512
0.0845597
0.529553
0.515303
0.353197
0.385545
0.190668
0.214265
0.294177
0.301764
0.286476
0.500975
0.410233
0.292432
0.354729
0.374423
0.103195
0.298911
0.460997
0.315521
0.202734
0.160357
0.331853
0.601589
0.213396
0.227717
0.374952
0.387572
0.17579
0.253692
0.253113
0.175878
0.423509
0.565074
0.392642
0.737342
0.137441
0.58592
0.310836
0.252439
0.205243
0.4417
0.213875
0.206096
0.202099
0.494119
0.215826
0.383023
0.577431
0.295198
0.227451
0.313723
0.200097
0.34542
0.599749
1.26814
0.229023
0.686089
0.375831
0.35144
0.226946
0.0902257
0.348881
0.324383
0.36841
0.432045
0.397065
0.43127
0.80419
0.542978
0.189142
0.623992
0.220247
0.449388
0.783047
0.291194
0.27625
0.0856002
0.293615
0.40006
0.412985
0.279684
0.421498
0.356818
0.203891
0.312942
0.369583
0.551065
0.220556
0.317708
0.211004
0.488958
0.339459
0.0766521
0.369395
0.385985
0.36663
0.123652
0.430742
0.933284
0.159248
0.271695
0.287188
0.311411
0.176675
0.121484
0.231531
0.222909
0.200284
0.187332
0.136506
0.434665
0.246231
0.271159
0.290974
0.0898701
0.362588
0.141666
0.176518
0.329874
0.249246
0.269095
0.178183
0.376354
0.547019
0.444066
0.343515
0.38417
0.192781
0.285078
0.329254
0.2423
0.150993
0.367767
0.335742
0.286113
0.0931114
0.458766
0.490928
0.469749
0.329991
0.210808
0.410631
0.189048
0.252512
0.197945
0.271522
0.561782
0.314796
0.1309
0.652328
0.165115
0.289843
0.141704
0.194891
0.392641
0.495019
0.0939366
1.02743
0.0866403
0.387457
0.252455
0.43766
0.245916
0.3046
0.159344
0.467644
0.248647
0.50744
0.134487
0.195209
0.169048
0.273092
0.0658734
0.247527
0.271511
0.141885
0.178954
0.414466
0.0884054
0.436117
0.297955
0.479238
0.29052
0.393071
0.13277
0.424628
0.165011
0.226376
