3.19932
2.97729
2.39541
4.1377
3.50078
4.05649
2.60036
2.7552
3.97752
3.26319
3.71946
4.02103
5.47558
5.64618
4.06553
2.83446
3.24237
3.78355
3.73701
3.12617
3.05959
2.76424
4.62082
3.3027
4.27645
4.38419
4.34224
3.57545
2.05959
2.97108
3.59193
2.60624
3.81408
4.17814
5.21948
2.98213
2.82021
4.23196
4.56704
4.81756
2.33522
2.82815
3.58007
4.72816
3.9177
4.34448
2.61045
3.98894
3.52856
4.04317
3.73684
3.79895
2.38456
4.06854
5.11153
3.4878
3.01239
6.39909
4.4297
4.89161
2.7125
3.01791
3.87791
3.17227
5.82592
4.1535
4.03887
5.73562
5.84139
2.49087
2.29573
5.6413
2.38365
4.24661
2.96529
3.78446
2.32145
3.56408
3.43142
2.09413
4.59236
4.98453
4.60762
4.11514
3.04462
3.63679
4.44037
2.11089
4.08638
2.82847
7.19209
2.85483
3.35927
5.26944
2.74769
4.07792
3.52944
4.65764
4.65771
2.20845
3.38159
3.49588
2.9882
2.65431
4.20947
2.63803
4.33962
4.45234
2.66792
4.42706
5.96529
3.17581
3.93256
4.7629
4.79976
3.53919
3.74303
2.24654
4.72014
4.28811
4.2025
3.57509
3.91055
3.47081
2.92235
2.56495
3.73067
3.39849
3.52624
2.69999
2.32491
4.39582
2.2532
3.62804
2.16966
4.82865
4.07365
4.34697
3.06041
3.36488
3.47745
4.2919
3.76131
3.0973
5.04878
2.92798
3.08578
3.05791
2.9906
2.75779
3.34904
4.83304
4.02151
3.46804
3.30603
3.57382
2.80467
4.25731
2.58309
3.01872
5.24647
4.3438
3.55118
3.29829
3.34921
3.48226
4.14201
3.87226
3.62178
5.04985
3.09172
3.51017
4.87691
3.70001
3.61328
4.5248
2.59616
3.98557
4.18437
4.27384
2.74855
3.90194
3.79124
3.93757
3.02872
3.99868
4.27841
3.21537
4.24808
3.82129
3.65664
3.5048
2.40522
5.16615
3.11706
2.70737
3.93537
5.41616
6.44666
2.89073
3.55154
2.53925
2.70427
4.33197
4.33508
2.85551
2.03419
5.47758
4.81707
7.17813
3.40579
4.14998
3.53978
2.03824
3.13447
2.90359
3.78027
3.58225
2.00585
4.12347
5.06379
3.3565
3.21584
3.0162
4.95073
3.74393
3.17182
4.94137
1.7928
4.25735
2.87999
3.35497
2.84065
3.27377
3.38883
4.22128
4.08774
3.78625
6.73843
4.92721
4.07931
4.15708
2.80478
4.38004
2.07247
4.9201
5.1356
3.66463
4.66544
3.24231
2.60399
5.26048
3.11895
3.00077
2.78706
4.06035
2.73173
3.19081
3.3848
4.04356
3.03351
4.25838
2.68954
4.53204
3.80748
3.62874
3.2336
2.41773
6.55959
2.58176
2.49242
2.6604
4.73706
2.38651
4.21797
2.93464
3.84835
3.59582
4.44894
3.70376
2.61492
3.1652
3.32057
4.21826
6.05738
4.70474
4.53896
3.26055
4.36905
4.06844
3.05542
5.06427
3.52062
2.34637
4.79108
3.37857
2.31546
4.72554
4.52282
5.05833
3.8483
4.49116
4.25778
3.41264
2.73182
4.53703
3.55722
4.58691
2.3904
3.11613
3.53596
5.11493
3.51727
2.85346
3.26817
3.26598
3.20033
3.93313
2.96915
3.13076
5.05647
5.55023
3.58532
2.34725
2.32744
1.94146
2.84607
3.07917
3.84538
4.28337
3.46456
4.98877
2.47456
5.79082
6.33458
1.81513
4.43019
1.77258
2.43845
5.41329
2.72678
3.86507
2.96211
4.78483
3.93783
2.80491
2.99987
3.57132
5.4042
2.5777
5.94778
4.95819
3.40222
4.96107
3.36367
2.98907
2.59686
3.49821
2.96246
2.36477
4.22785
3.80503
3.95479
3.60236
4.20703
3.1798
3.82813
3.37517
3.93609
3.19629
6.37491
2.61061
5.22286
3.36613
2.27036
5.65929
5.97002
3.3072
3.74689
2.48506
3.44424
3.5951
3.0556
2.99712
2.75734
3.63516
6.4764
3.95171
2.40805
3.64784
2.70054
6.08194
2.69783
3.86487
4.44014
2.58668
2.94836
4.92513
4.24914
2.16595
4.00961
4.14439
2.08843
3.84212
3.09161
2.58355
4.09599
3.08452
2.40437
2.05648
3.68848
1.84893
2.81451
3.98662
4.21748
3.34541
2.63566
3.70833
4.22934
3.68802
3.0328
3.87978
3.02986
2.451
3.73965
7.07738
3.91538
4.11443
2.85321
4.30197
2.10106
5.32375
5.92149
2.2849
4.28615
5.37813
4.67701
3.39993
3.85758
4.98282
4.05107
3.09598
3.58186
3.44527
2.78578
5.39994
2.62007
3.52825
1.84078
2.14668
3.14119
6.17751
3.41029
3.51277
3.90613
4.2643
2.04648
3.05416
3.80725
3.23551
3.33353
2.54051
3.7703
5.0256
7.58379
1.89372
4.13456
2.86268
6.74774
3.74689
5.1939
3.52356
3.07565
4.26975
6.09437
4.46313
3.37319
6.29504
2.82577
4.42316
2.95155
3.64494
3.02094
3.32968
2.11294
3.12484
5.34744
3.18042
3.4819
3.86237
3.15414
3.50462
6.98016
4.88818
2.56931
3.08147
3.11085
4.64225
3.38444
2.49221
3.04662
4.64373
2.85902
4.13991
3.54344
3.42116
4.60718
4.16616
3.52592
3.45824
2.74794
4.2556
3.805
2.93464
3.16668
3.13309
3.19842
3.14562
4.83308
2.67271
4.50758
2.85638
3.17688
4.37797
4.62518
5.50284
5.60153
3.52437
4.71801
2.34454
2.25598
3.05417
3.40188
3.97192
3.59342
2.68869
3.03984
4.02928
3.37853
4.83959
3.19036
3.49748
4.879
4.97824
3.86682
4.25972
5.33123
2.88865
3.00001
4.55231
4.5201
2.71587
5.39446
4.38104
2.96792
3.48478
3.66921
3.79451
4.83736
4.14584
2.71974
4.09553
5.17188
2.62299
4.10191
2.06168
3.88181
3.93824
4.80942
2.98488
3.54228
2.98303
4.35303
3.00976
2.40544
3.74228
3.45387
3.06849
2.87524
5.13658
4.23758
3.83568
3.19317
4.00199
2.28112
5.29004
4.03779
4.06076
2.25535
4.47391
3.37703
4.66082
4.48726
2.92031
3.4572
2.45664
3.93144
2.76185
2.81949
3.38881
3.45653
6.47845
3.26821
4.63327
4.40879
3.88685
3.84733
3.05364
3.92819
2.88631
2.88367
3.44096
2.22047
4.42661
2.43586
2.72437
3.33278
3.25173
6.10661
1.80937
3.21755
5.08318
4.10165
2.32223
3.15111
5.46047
5.30203
3.60773
4.46835
3.75478
3.54097
2.83411
2.39297
4.75763
2.47026
2.81895
3.60073
3.01028
3.48572
2.64644
4.81031
4.58194
4.60705
2.28897
2.71814
3.28013
3.50167
3.52614
4.58404
4.39248
3.76238
4.35554
2.86524
3.08233
4.09101
4.16283
4.23374
4.6744
3.39998
2.61541
2.55016
3.68151
2.69312
3.49043
2.65781
4.55108
4.31893
4.66276
3.88372
3.92643
2.17737
4.81187
4.03579
4.48325
6.7117
3.42014
3.59696
3.68342
5.58245
4.50461
2.78866
5.25813
4.8444
3.14203
3.30447
5.21684
2.69365
3.47426
5.05954
4.16655
2.74621
4.33078
2.20062
2.22579
3.6726
2.63377
3.18757
2.27015
3.10994
5.16859
2.96727
6.13326
3.65205
4.32024
5.91786
3.78405
3.70851
3.83221
3.05037
4.23539
6.31897
2.65754
2.78597
4.37887
1.70925
5.32752
4.68477
3.04298
3.37697
2.51314
3.10976
2.18889
3.74175
2.69
4.55683
2.12391
3.28747
3.93894
2.65575
4.76093
2.81121
4.91311
3.54378
4.03714
3.17211
3.42755
4.28124
2.9151
3.43722
5.19281
3.02056
3.94251
3.16324
3.09749
2.6962
3.21664
2.88141
4.1119
3.83886
3.05424
3.09413
2.58182
3.03321
4.23483
3.0587
4.46964
3.33655
3.64389
4.34625
4.39449
4.37052
5.05323
4.07674
3.11176
4.05914
4.8064
4.42585
1.96278
4.23452
3.23367
2.32208
4.24281
3.84128
5.49851
4.40924
4.38063
3.77851
5.22152
3.13828
3.72636
4.20787
2.63371
3.55368
3.25445
3.68153
4.93813
3.74006
3.39894
4.41499
4.70716
2.52471
4.79137
3.15125
2.50792
4.36316
4.38302
2.83452
4.12798
2.98751
2.63416
3.03755
3.32393
3.3318
3.33509
2.57876
3.46088
2.6159
3.40072
2.47989
2.9036
5.79399
3.59971
2.58165
2.55645
1.82565
2.52759
3.68492
2.7018
2.80463
3.26309
2.93766
3.01684
2.91709
5.25384
3.32756
4.58232
3.17657
3.99282
2.84271
2.99613
5.98257
4.55148
3.52003
1.50695
3.90333
6.16872
3.83528
4.29044
3.47057
2.87443
3.40113
5.18636
3.48962
5.20564
3.16302
4.59832
3.78047
4.40229
4.86713
3.33679
3.18001
3.75791
2.44143
3.40703
2.58398
6.50068
2.85159
3.39944
4.4339
3.56694
3.01894
2.62725
2.61459
2.6096
4.71004
3.77272
3.68778
4.05662
3.58006
4.178
4.91289
2.75441
2.99065
2.8283
2.85586
3.03746
5.48693
3.2966
3.67452
4.02059
3.85798
3.06831
4.02901
2.50205
5.25216
2.17092
3.22639
6.06123
4.14845
5.87612
4.6222
3.15289
3.3938
4.23063
5.17358
4.47545
2.80709
2.40057
2.84011
3.4256
4.77093
3.0667
4.7051
2.81242
4.3696
3.47808
3.46462
3.6063
3.38138
4.44441
2.89551
2.9955
4.79496
3.7392
4.16953
6.27316
4.60101
2.79281
2.79309
3.19642
5.34779
2.38807
4.2507
3.99104
3.90948
4.49841
3.53472
2.52646
5.62457
4.23623
2.93134
2.58084
3.04789
5.67038
4.70041
2.21715
4.04838
3.74345
2.81617
3.20229
2.5044
5.07783
4.65952
3.76303
3.46117
5.62389
4.37941
3.14559
3.43154
1.82555
3.16295
5.04265
3.80808
2.70124
4.11378
4.1392
6.60638
3.59984
4.53523
3.83113
4.5656
2.36842
2.3736
2.3272
3.59939
2.72744
4.71118
7.54621
2.94176
3.23621
3.22947
2.16756
3.32099
3.8841
4.00656
5.5762
6.39156
6.14392
3.24806
4.32454
3.98996
3.01261
2.9244
4.65758
3.76815
3.17272
3.11964
3.29655
2.59912
2.78065
4.25751
3.38142
2.96984
3.54116
5.3719
2.55329
7.14297
2.78767
3.0083
2.77048
3.19932
2.97729
2.39541
4.1377
3.50078
4.05649
2.60036
2.7552
3.97752
3.26319
3.71946
4.02103
5.47558
5.64618
4.06553
2.83446
3.24237
3.78355
3.73701
3.12617
3.05959
2.76424
4.62082
3.3027
4.27645
4.38419
4.34224
3.57545
2.05959
2.97108
3.59193
2.60624
3.81408
4.17814
5.21948
2.98213
2.82021
4.23196
4.56704
4.81756
2.33522
2.82815
3.58007
4.72816
3.9177
4.34448
2.61045
3.98894
3.52856
4.04317
3.73684
3.79895
2.38456
4.06854
5.11153
3.4878
3.01239
6.39909
4.4297
4.89161
2.7125
3.01791
3.87791
3.17227
5.82592
4.1535
4.03887
5.73562
5.84139
2.49087
2.29573
5.6413
2.38365
4.24661
2.96529
3.78446
2.32145
3.56408
3.43142
2.09413
4.59236
4.98453
4.60762
4.11514
3.04462
3.63679
4.44037
2.11089
4.08638
2.82847
7.19209
2.85483
3.35927
5.26944
2.74769
4.07792
3.52944
4.65764
4.65771
2.20845
3.38159
3.49588
2.9882
2.65431
4.20947
2.63803
4.33962
4.45234
2.66792
4.42706
5.96529
3.17581
3.93256
4.7629
4.79976
3.53919
3.74303
2.24654
4.72014
4.28811
4.2025
3.57509
3.91055
3.47081
2.92235
2.56495
3.73067
3.39849
3.52624
2.69999
2.32491
4.39582
2.2532
3.62804
2.16966
4.82865
4.07365
4.34697
3.06041
3.36488
3.47745
4.2919
3.76131
3.0973
5.04878
2.92798
3.08578
3.05791
2.9906
2.75779
3.34904
4.83304
4.02151
3.46804
3.30603
3.57382
2.80467
4.25731
2.58309
3.01872
5.24647
4.3438
3.55118
3.29829
3.34921
3.48226
4.14201
3.87226
3.62178
5.04985
3.09172
3.51017
4.87691
3.70001
3.61328
4.5248
2.59616
3.98557
4.18437
4.27384
2.74855
3.90194
3.79124
3.93757
3.02872
3.99868
4.27841
3.21537
4.24808
3.82129
3.65664
3.5048
2.40522
5.16615
3.11706
2.70737
3.93537
5.41616
6.44666
2.89073
3.55154
2.53925
2.70427
4.33197
4.33508
2.85551
2.03419
5.47758
4.81707
7.17813
3.40579
4.14998
3.53978
2.03824
3.13447
2.90359
3.78027
3.58225
2.00585
4.12347
5.06379
3.3565
3.21584
3.0162
4.95073
3.74393
3.17182
4.94137
1.7928
4.25735
2.87999
3.35497
2.84065
3.27377
3.38883
4.22128
4.08774
3.78625
6.73843
4.92721
4.07931
4.15708
2.80478
4.38004
2.07247
4.9201
5.1356
3.66463
4.66544
3.24231
2.60399
5.26048
3.11895
3.00077
2.78706
4.06035
2.73173
3.19081
3.3848
4.04356
3.03351
4.25838
2.68954
4.53204
3.80748
3.62874
3.2336
2.41773
6.55959
2.58176
2.49242
2.6604
4.73706
2.38651
4.21797
2.93464
3.84835
3.59582
4.44894
3.70376
2.61492
3.1652
3.32057
4.21826
6.05738
4.70474
4.53896
3.26055
4.36905
4.06844
3.05542
5.06427
3.52062
2.34637
4.79108
3.37857
2.31546
4.72554
4.52282
5.05833
3.8483
4.49116
4.25778
3.41264
2.73182
4.53703
3.55722
4.58691
2.3904
3.11613
3.53596
5.11493
3.51727
2.85346
3.26817
3.26598
3.20033
3.93313
2.96915
3.13076
5.05647
5.55023
3.58532
2.34725
2.32744
1.94146
2.84607
3.07917
3.84538
4.28337
3.46456
4.98877
2.47456
5.79082
6.33458
1.81513
4.43019
1.77258
2.43845
5.41329
2.72678
3.86507
2.96211
4.78483
3.93783
2.80491
2.99987
3.57132
5.4042
2.5777
5.94778
4.95819
3.40222
4.96107
3.36367
2.98907
2.59686
3.49821
2.96246
2.36477
4.22785
3.80503
3.95479
3.60236
4.20703
3.1798
3.82813
3.37517
3.93609
3.19629
6.37491
2.61061
5.22286
3.36613
2.27036
5.65929
5.97002
3.3072
3.74689
2.48506
3.44424
3.5951
3.0556
2.99712
2.75734
3.63516
6.4764
3.95171
2.40805
3.64784
2.70054
6.08194
2.69783
3.86487
4.44014
2.58668
2.94836
4.92513
4.24914
2.16595
4.00961
4.14439
2.08843
3.84212
3.09161
2.58355
4.09599
3.08452
2.40437
2.05648
3.68848
1.84893
2.81451
3.98662
4.21748
3.34541
2.63566
3.70833
4.22934
3.68802
3.0328
3.87978
3.02986
2.451
3.73965
7.07738
3.91538
4.11443
2.85321
4.30197
2.10106
5.32375
5.92149
2.2849
4.28615
5.37813
4.67701
3.39993
3.85758
4.98282
4.05107
3.09598
3.58186
3.44527
2.78578
5.39994
2.62007
3.52825
1.84078
2.14668
3.14119
6.17751
3.41029
3.51277
3.90613
4.2643
2.04648
3.05416
3.80725
3.23551
3.33353
2.54051
3.7703
5.0256
7.58379
1.89372
4.13456
2.86268
6.74774
3.74689
5.1939
3.52356
3.07565
4.26975
6.09437
4.46313
3.37319
6.29504
2.82577
4.42316
2.95155
3.64494
3.02094
3.32968
2.11294
3.12484
5.34744
3.18042
3.4819
3.86237
3.15414
3.50462
6.98016
4.88818
2.56931
3.08147
3.11085
4.64225
3.38444
2.49221
3.04662
4.64373
2.85902
4.13991
3.54344
3.42116
4.60718
4.16616
3.52592
3.45824
2.74794
4.2556
3.805
2.93464
3.16668
3.13309
3.19842
3.14562
4.83308
2.67271
4.50758
2.85638
3.17688
4.37797
4.62518
5.50284
5.60153
3.52437
4.71801
2.34454
2.25598
3.05417
3.40188
3.97192
3.59342
2.68869
3.03984
4.02928
3.37853
4.83959
3.19036
3.49748
4.879
4.97824
3.86682
4.25972
5.33123
2.88865
3.00001
4.55231
4.5201
2.71587
5.39446
4.38104
2.96792
3.48478
3.66921
3.79451
4.83736
4.14584
2.71974
4.09553
5.17188
2.62299
4.10191
2.06168
3.88181
3.93824
4.80942
2.98488
3.54228
2.98303
4.35303
3.00976
2.40544
3.74228
3.45387
3.06849
2.87524
5.13658
4.23758
3.83568
3.19317
4.00199
2.28112
5.29004
4.03779
4.06076
2.25535
4.47391
3.37703
4.66082
4.48726
2.92031
3.4572
2.45664
3.93144
2.76185
2.81949
3.38881
3.45653
6.47845
3.26821
4.63327
4.40879
3.88685
3.84733
3.05364
3.92819
2.88631
2.88367
3.44096
2.22047
4.42661
2.43586
2.72437
3.33278
3.25173
6.10661
1.80937
3.21755
5.08318
4.10165
2.32223
3.15111
5.46047
5.30203
3.60773
4.46835
3.75478
3.54097
2.83411
2.39297
4.75763
2.47026
2.81895
3.60073
3.01028
3.48572
2.64644
4.81031
4.58194
4.60705
2.28897
2.71814
3.28013
3.50167
3.52614
4.58404
4.39248
3.76238
4.35554
2.86524
3.08233
4.09101
4.16283
4.23374
4.6744
3.39998
2.61541
2.55016
3.68151
2.69312
3.49043
2.65781
4.55108
4.31893
4.66276
3.88372
3.92643
2.17737
4.81187
4.03579
4.48325
6.7117
3.42014
3.59696
3.68342
5.58245
4.50461
2.78866
5.25813
4.8444
3.14203
3.30447
5.21684
2.69365
3.47426
5.05954
4.16655
2.74621
4.33078
2.20062
2.22579
3.6726
2.63377
3.18757
2.27015
3.10994
5.16859
2.96727
6.13326
3.65205
4.32024
5.91786
3.78405
3.70851
3.83221
3.05037
4.23539
6.31897
2.65754
2.78597
4.37887
1.70925
5.32752
4.68477
3.04298
3.37697
2.51314
3.10976
2.18889
3.74175
2.69
4.55683
2.12391
3.28747
3.93894
2.65575
4.76093
2.81121
4.91311
3.54378
4.03714
3.17211
3.42755
4.28124
2.9151
3.43722
5.19281
3.02056
3.94251
3.16324
3.09749
2.6962
3.21664
2.88141
4.1119
3.83886
3.05424
3.09413
2.58182
3.03321
4.23483
3.0587
4.46964
3.33655
3.64389
4.34625
4.39449
4.37052
5.05323
4.07674
3.11176
4.05914
4.8064
4.42585
1.96278
4.23452
3.23367
2.32208
4.24281
3.84128
5.49851
4.40924
4.38063
3.77851
5.22152
3.13828
3.72636
4.20787
2.63371
3.55368
3.25445
3.68153
4.93813
3.74006
3.39894
4.41499
4.70716
2.52471
4.79137
3.15125
2.50792
4.36316
4.38302
2.83452
4.12798
2.98751
2.63416
3.03755
3.32393
3.3318
3.33509
2.57876
3.46088
2.6159
3.40072
2.47989
2.9036
5.79399
3.59971
2.58165
2.55645
1.82565
2.52759
3.68492
2.7018
2.80463
3.26309
2.93766
3.01684
2.91709
5.25384
3.32756
4.58232
3.17657
3.99282
2.84271
2.99613
5.98257
4.55148
3.52003
1.50695
3.90333
6.16872
3.83528
4.29044
3.47057
2.87443
3.40113
5.18636
3.48962
5.20564
3.16302
4.59832
3.78047
4.40229
4.86713
3.33679
3.18001
3.75791
2.44143
3.40703
2.58398
6.50068
2.85159
3.39944
4.4339
3.56694
3.01894
2.62725
2.61459
2.6096
4.71004
3.77272
3.68778
4.05662
3.58006
4.178
4.91289
2.75441
2.99065
2.8283
2.85586
3.03746
5.48693
3.2966
3.67452
4.02059
3.85798
3.06831
4.02901
2.50205
5.25216
2.17092
3.22639
6.06123
4.14845
5.87612
4.6222
3.15289
3.3938
4.23063
5.17358
4.47545
2.80709
2.40057
2.84011
3.4256
4.77093
3.0667
4.7051
2.81242
4.3696
3.47808
3.46462
3.6063
3.38138
4.44441
2.89551
2.9955
4.79496
3.7392
4.16953
6.27316
4.60101
2.79281
2.79309
3.19642
5.34779
2.38807
4.2507
3.99104
3.90948
4.49841
3.53472
2.52646
5.62457
4.23623
2.93134
2.58084
3.04789
5.67038
4.70041
2.21715
4.04838
3.74345
2.81617
3.20229
2.5044
5.07783
4.65952
3.76303
3.46117
5.62389
4.37941
3.14559
3.43154
1.82555
3.16295
5.04265
3.80808
2.70124
4.11378
4.1392
6.60638
3.59984
4.53523
3.83113
4.5656
2.36842
2.3736
2.3272
3.59939
2.72744
4.71118
7.54621
2.94176
3.23621
3.22947
2.16756
3.32099
3.8841
4.00656
5.5762
6.39156
6.14392
3.24806
4.32454
3.98996
3.01261
2.9244
4.65758
3.76815
3.17272
3.11964
3.29655
2.59912
2.78065
4.25751
3.38142
2.96984
3.54116
5.3719
2.55329
7.14297
2.78767
3.0083
2.77048
