3.14675
2.92745
1.6202
1.86294
6.15227
3.81974
10.1208
3.34851
1.68503
4.05747
4.01361
3.36101
1.63176
1.98416
3.12943
3.19592
6.42199
2.74966
3.20683
1.91287
9.43409
3.21072
2.3185
3.58708
5.25838
4.32457
2.6292
1.87479
3.97855
7.59431
2.36785
2.98342
4.03637
4.52355
3.79027
2.09725
3.14401
8.49863
4.14764
4.18167
1.97695
5.25852
1.18389
2.49769
3.32858
2.73535
1.99384
4.91121
2.00001
2.93084
2.59094
4.2505
6.45239
6.37458
1.50539
1.60537
2.23088
4.62934
2.58856
3.0261
2.3462
6.44481
3.17309
1.45017
2.14616
3.70504
2.25974
4.55818
3.93841
3.9396
2.36256
3.14895
3.34302
3.45044
5.01935
4.1964
2.95675
5.37004
4.75232
7.40314
2.41988
3.2407
4.1363
5.10172
3.76253
2.28814
2.99072
3.16025
2.80874
1.67798
1.85004
3.08882
3.45613
3.76595
2.72069
8.64719
3.83185
4.88214
3.96091
3.58226
3.14675
2.92745
1.6202
1.86294
6.15227
3.81974
10.1208
3.34851
1.68503
4.05747
4.01361
3.36101
1.63176
1.98416
3.12943
3.19592
6.42199
2.74966
3.20683
1.91287
9.43409
3.21072
2.3185
3.58708
5.25838
4.32457
2.6292
1.87479
3.97855
7.59431
2.36785
2.98342
4.03637
4.52355
3.79027
2.09725
3.14401
8.49863
4.14764
4.18167
1.97695
5.25852
1.18389
2.49769
3.32858
2.73535
1.99384
4.91121
2.00001
2.93084
2.59094
4.2505
6.45239
6.37458
1.50539
1.60537
2.23088
4.62934
2.58856
3.0261
2.3462
6.44481
3.17309
1.45017
2.14616
3.70504
2.25974
4.55818
3.93841
3.9396
2.36256
3.14895
3.34302
3.45044
5.01935
4.1964
2.95675
5.37004
4.75232
7.40314
2.41988
3.2407
4.1363
5.10172
3.76253
2.28814
2.99072
3.16025
2.80874
1.67798
1.85004
3.08882
3.45613
3.76595
2.72069
8.64719
3.83185
4.88214
3.96091
3.58226
2.78527
3.99044
5.85545
7.35164
2.93839
3.37491
4.89082
2.67712
1.54475
3.14716
2.60779
2.47677
3.34199
4.81689
2.65866
3.08984
3.13206
1.92195
3.28455
1.20926
5.62695
2.05089
2.85652
2.31317
4.32752
2.50094
1.7462
4.96956
3.3789
2.92511
3.77821
2.4982
5.31145
3.8503
4.51152
5.17354
2.84338
3.16593
2.96833
3.35377
2.30111
4.72604
2.23779
3.55954
1.58948
3.05091
2.12405
3.02161
4.48752
2.60829
3.42547
5.86393
4.31237
3.0638
2.68565
6.34099
4.47423
2.27346
4.28824
4.57203
2.94791
1.71291
4.33944
1.6372
2.60506
1.34098
3.21737
3.44466
3.98265
6.05914
3.29995
9.37734
1.69168
2.33571
5.6121
3.41318
6.05065
3.30266
2.48889
4.10822
3.85946
4.48369
7.50391
4.94044
2.35801
7.44004
2.61083
5.14428
4.58981
4.61404
2.91643
2.65488
3.73827
2.33857
3.00177
3.25534
3.27971
3.01341
2.89878
2.82642
