4.5803e-05
0.000170867
6.11439e-06
5.95337e-05
2.03541e-05
2.26776e-05
6.34175e-05
6.12616e-05
2.1655e-05
5.78394e-05
5.64857e-05
5.47784e-05
7.79319e-05
5.76913e-05
5.54984e-05
2.63108e-05
2.87955e-05
5.73604e-05
1.42476e-05
2.96078e-05
2.27789e-05
1.25574e-05
2.8917e-05
4.24211e-05
2.06587e-05
7.02715e-05
3.15091e-05
2.20457e-05
7.37575e-05
4.92326e-05
4.60329e-05
6.96825e-05
3.59566e-05
3.42364e-05
1.28435e-05
3.39524e-05
7.36171e-05
2.37779e-05
3.4331e-05
7.53086e-05
5.11339e-05
3.05021e-05
6.99203e-05
2.92289e-05
2.65221e-05
8.09845e-05
3.02942e-05
2.31954e-05
2.68082e-05
2.28885e-05
8.01955e-05
2.56687e-05
2.60948e-05
4.66011e-05
2.58833e-05
7.63808e-05
2.72262e-05
9.58706e-05
4.49089e-05
6.37004e-05
0.000168551
3.00115e-05
4.87563e-05
7.18336e-05
2.63272e-05
0.000127776
2.12498e-05
3.12413e-05
1.46384e-05
1.84253e-05
3.8445e-05
6.22155e-05
7.61417e-05
3.47293e-05
8.34627e-06
2.33699e-05
6.76509e-05
3.61484e-05
4.96709e-05
7.19597e-05
4.65865e-05
1.38206e-05
6.67788e-05
5.28943e-05
8.64441e-05
4.30016e-05
1.30754e-05
6.12387e-05
6.95664e-05
6.95013e-06
2.91526e-05
4.51581e-05
9.32907e-05
2.64665e-05
1.24091e-05
1.237e-05
4.77168e-05
6.37826e-05
2.08822e-05
4.14784e-05
1.86686e-05
3.85737e-05
3.8719e-05
5.07446e-05
6.69517e-06
0.000115793
2.59282e-05
6.80166e-06
6.36782e-05
2.01911e-05
3.52589e-05
8.55017e-05
3.3413e-05
1.72328e-05
1.50972e-05
9.97341e-05
8.18868e-05
7.69087e-05
1.06223e-05
5.16211e-05
2.97283e-05
2.73074e-05
4.73419e-05
9.46e-05
3.18082e-05
2.62855e-05
0.000115392
2.37883e-05
4.75992e-05
5.39992e-05
2.92086e-05
8.35412e-06
8.76575e-05
0.000119569
3.27374e-05
2.63027e-05
5.32195e-05
9.7485e-05
1.13829e-05
9.49461e-05
5.26419e-05
6.88272e-05
5.05914e-05
3.71261e-05
1.56753e-05
3.79331e-05
3.59947e-05
1.2839e-05
4.6006e-05
1.57292e-05
4.64174e-05
2.98106e-05
4.1715e-05
2.83726e-05
2.07324e-05
2.9741e-05
2.2884e-05
2.31958e-05
0.000103697
5.88293e-05
1.40315e-05
4.04196e-05
2.59857e-05
1.82222e-05
2.30414e-05
4.10215e-05
5.35172e-05
0.000146966
6.32542e-05
3.03184e-05
5.96779e-05
1.0496e-05
4.60142e-05
9.4815e-05
0.000108263
1.27393e-06
6.09067e-05
4.30913e-05
3.69914e-05
8.31039e-06
4.66538e-05
2.63339e-05
2.89918e-05
1.9196e-05
2.22311e-05
8.21818e-05
2.40675e-05
5.86435e-05
4.02799e-05
4.63684e-05
0.000110916
4.63783e-05
8.33225e-05
7.94555e-05
2.81533e-05
6.98764e-05
1.61945e-05
5.74965e-05
1.99022e-05
2.41987e-05
1.72114e-05
4.65173e-05
2.57618e-05
1.69742e-05
1.38104e-06
6.94099e-06
4.30182e-05
7.94312e-05
5.73506e-05
4.11816e-05
6.38201e-05
9.18517e-06
1.8964e-05
2.35084e-05
7.36496e-05
1.0775e-05
7.22826e-06
1.81699e-05
6.91429e-05
2.17007e-05
1.35165e-05
2.01824e-05
2.19679e-05
3.25255e-05
0.000218199
5.67296e-06
1.88325e-05
2.02153e-05
7.05526e-05
1.70487e-05
3.10485e-05
3.16664e-05
0.000173683
7.45254e-05
2.42553e-05
1.27426e-05
5.75549e-05
7.9977e-05
2.14954e-05
5.99522e-05
2.88832e-05
5.63538e-05
1.33989e-05
0.000101225
3.98046e-05
4.26001e-05
9.67266e-05
7.81158e-05
7.76687e-05
2.26252e-05
1.65008e-05
3.97337e-05
7.29486e-05
2.46017e-05
4.09581e-05
3.57502e-05
2.97775e-05
5.42049e-05
1.62452e-05
1.96886e-05
6.65884e-05
3.4867e-05
5.20968e-05
4.75236e-05
3.88489e-05
3.70503e-06
1.4061e-05
6.84274e-05
7.36372e-05
6.85482e-05
7.77513e-05
4.79784e-05
2.15497e-05
3.19329e-05
5.26466e-05
0.00010263
2.22762e-05
1.80415e-05
5.16837e-05
3.63458e-05
3.08316e-05
4.03812e-05
2.85445e-05
6.85464e-08
6.81555e-05
4.46441e-05
6.98809e-05
3.65192e-05
4.63774e-05
1.7554e-05
2.08357e-05
9.11877e-05
7.22037e-05
7.05711e-06
4.46199e-05
1.70755e-05
6.16065e-05
2.38621e-05
4.63462e-05
3.6332e-05
0.000194407
3.08796e-05
5.85745e-05
0.000143525
4.47831e-05
7.55225e-05
1.49287e-05
8.43579e-05
6.17509e-05
7.64786e-05
4.65097e-05
2.5624e-05
1.06549e-05
4.25619e-05
5.2187e-05
6.04606e-05
2.14522e-05
4.23869e-05
1.79768e-05
9.03928e-05
2.84243e-05
7.006e-05
8.33738e-05
8.31435e-06
8.27863e-06
8.28172e-05
3.22713e-05
1.97685e-05
5.84985e-05
6.39017e-05
2.69276e-05
9.78631e-05
2.38695e-05
5.97978e-05
7.2262e-05
7.64737e-05
3.06467e-05
6.49969e-05
3.18474e-05
5.41859e-05
8.99366e-05
5.48622e-05
2.04361e-05
6.22646e-05
1.04121e-05
5.18086e-05
3.29129e-05
2.6115e-05
6.6867e-06
5.86254e-05
6.78482e-05
6.69851e-05
3.23426e-05
5.9458e-05
7.52248e-05
3.4824e-05
5.57159e-05
0.00020545
3.36745e-05
2.76766e-05
5.77795e-05
6.19823e-05
3.98547e-05
7.55301e-05
0.000229218
5.64096e-05
1.6656e-05
3.32807e-05
5.11927e-05
3.32698e-05
6.05145e-05
3.18883e-05
5.62854e-05
7.39164e-05
4.63259e-05
3.61442e-05
5.10581e-05
4.27422e-05
6.86055e-05
0.00012138
6.36369e-05
2.2244e-05
9.03866e-06
2.03525e-05
1.94404e-05
2.75252e-06
2.1779e-05
5.28795e-05
3.8232e-05
7.12679e-05
6.37577e-05
3.03274e-05
4.17082e-05
0.000111114
5.23885e-05
4.88257e-05
5.04559e-05
2.39701e-05
4.43195e-05
8.32613e-06
1.07234e-05
3.50852e-05
1.18233e-05
2.25807e-05
4.3851e-05
2.77214e-05
4.94987e-05
3.97577e-05
6.17689e-05
5.21599e-05
1.82882e-05
1.84345e-05
1.59795e-05
2.87916e-05
9.94244e-05
3.3147e-05
1.77169e-05
3.04493e-05
2.41093e-05
6.71335e-05
2.32942e-05
1.98988e-05
2.7571e-05
9.27283e-05
4.18444e-06
4.52483e-05
5.94539e-05
6.90097e-05
4.8067e-05
5.99249e-05
0.000110056
1.77017e-05
0.000110856
1.15518e-05
2.0496e-05
4.34658e-05
0.0001212
9.19231e-05
2.73919e-05
3.26635e-05
5.26086e-05
6.16535e-05
3.21667e-05
2.3793e-05
1.8207e-05
3.13334e-05
4.90735e-05
3.60131e-05
6.34463e-05
5.32747e-05
0.00010687
4.35412e-05
7.76511e-05
3.03558e-05
0.000126391
6.06434e-05
2.59973e-05
5.72164e-05
3.26878e-05
3.38672e-05
0.000119573
4.82913e-05
3.73769e-05
2.425e-05
3.02055e-05
4.99775e-05
7.25026e-05
3.33721e-05
8.47246e-06
2.45148e-05
7.23409e-05
0.000104844
5.23077e-05
6.21641e-05
8.94379e-05
4.3285e-05
6.00638e-05
1.81468e-05
2.83867e-05
0.000193929
9.55204e-05
5.34523e-05
5.94556e-05
1.43551e-06
3.26886e-05
3.25864e-05
8.27223e-05
4.08088e-05
3.7024e-05
5.25966e-05
4.83038e-06
0.000113534
0.00019117
7.28833e-05
2.98235e-05
3.98764e-05
6.36583e-05
2.35116e-05
3.69695e-05
5.64477e-05
3.97587e-05
9.07564e-06
4.70098e-05
7.74282e-05
6.74409e-05
5.52736e-05
5.35989e-05
5.68061e-05
6.99219e-05
9.41741e-06
2.09974e-05
7.45074e-05
7.86694e-05
4.47898e-05
7.62355e-05
2.00138e-05
9.87372e-06
4.58569e-05
6.1228e-05
3.24606e-05
5.66365e-06
1.08384e-05
6.20617e-05
8.68515e-05
0.000168176
7.36102e-05
0.00010824
6.31514e-05
2.69467e-05
3.43289e-05
6.4042e-05
0.000119039
8.09533e-05
1.95533e-05
3.57638e-05
7.42943e-05
9.95126e-05
7.5923e-05
4.58113e-05
1.96344e-05
4.48779e-05
2.74971e-05
6.37283e-06
0.000142227
6.87104e-05
0.000101997
4.45836e-05
4.92251e-05
0.000111821
2.94745e-05
1.03703e-05
1.3658e-05
5.76518e-05
1.05028e-05
2.0705e-05
8.68251e-05
3.38746e-06
4.38669e-05
3.33527e-05
3.80983e-05
1.09484e-05
7.52285e-05
5.50963e-05
4.14193e-05
3.94616e-05
8.77259e-05
5.35332e-05
1.72929e-05
5.16475e-05
4.49938e-05
2.67469e-05
8.08389e-05
5.9138e-05
4.04991e-05
5.48752e-05
5.91116e-05
1.33157e-05
0.000113118
4.60095e-05
2.58072e-05
6.30944e-05
6.40807e-05
1.32998e-05
5.52945e-05
3.44888e-05
2.32654e-05
3.43202e-05
1.02207e-05
6.11255e-05
1.67385e-05
2.06845e-05
2.34946e-05
6.56866e-05
3.21501e-05
2.99774e-06
0
3.04545e-05
7.78243e-06
6.96376e-06
8.07908e-05
1.49613e-05
4.1355e-05
4.20519e-05
6.82119e-05
4.3173e-05
5.67546e-05
7.06777e-05
1.71689e-05
3.4261e-05
2.609e-05
1.60182e-05
2.47892e-05
7.88929e-05
0.000111087
0.000107042
6.0759e-05
3.39987e-05
2.38724e-05
1.89998e-05
4.78729e-05
1.49086e-05
3.87516e-05
2.62116e-05
8.56035e-05
4.89811e-05
0.000123691
7.66191e-05
2.95358e-05
3.68003e-05
0.000170451
6.43012e-05
7.5847e-05
5.86432e-05
5.48239e-05
4.04579e-05
3.91142e-05
1.16299e-05
3.6317e-05
2.44672e-05
4.89898e-05
8.70003e-05
1.0856e-05
3.31396e-05
2.2895e-05
3.66342e-05
9.24268e-05
9.19233e-05
5.59089e-05
1.03139e-05
1.16503e-05
3.78884e-05
2.91484e-05
2.07949e-05
4.0313e-05
9.36141e-05
0.000101629
0.000139399
3.67549e-05
4.98516e-05
4.90593e-05
8.36972e-05
2.79891e-05
8.88633e-05
4.46201e-05
5.82208e-06
9.69632e-05
0.000132433
4.18996e-05
6.75295e-05
4.25576e-05
0.000143522
5.6551e-05
4.20944e-05
3.09222e-05
5.02712e-05
5.51451e-05
1.5997e-05
4.50339e-05
3.52545e-05
3.17507e-05
7.15393e-05
7.96301e-05
3.64439e-06
5.56049e-05
0.000101035
2.76408e-05
4.29516e-05
2.18303e-05
4.15329e-05
5.28817e-05
5.89915e-05
2.58997e-05
6.44743e-05
0.000103463
2.86117e-05
2.48264e-05
6.40701e-05
3.57083e-05
9.53707e-05
2.95044e-05
1.77475e-05
8.30612e-05
5.34346e-05
0.000102627
2.75311e-05
3.51266e-05
5.80457e-05
6.87855e-05
4.05767e-05
2.41393e-05
3.60785e-05
1.06859e-05
6.31744e-05
5.18139e-05
4.98085e-05
2.59597e-05
5.64105e-05
2.80196e-05
2.60491e-05
5.83162e-05
9.06947e-05
2.03368e-05
8.25353e-05
2.98391e-05
4.12961e-05
4.36082e-05
1.24396e-05
5.81146e-06
8.65452e-05
2.4309e-05
2.90091e-05
1.42405e-05
6.63995e-05
4.13243e-05
4.87573e-05
5.42706e-05
0.000157757
2.88181e-05
5.65643e-05
5.64777e-05
1.49634e-05
0.000115198
3.7307e-05
8.81509e-05
1.77487e-05
2.68299e-05
5.21768e-05
3.77299e-05
2.74531e-05
3.40292e-05
5.56271e-05
8.73584e-05
5.10559e-05
0.000132729
2.59527e-05
1.4642e-05
5.37517e-05
4.64739e-05
0.000163709
3.59166e-05
5.42367e-05
1.35385e-05
3.69732e-05
3.83157e-05
5.00879e-05
4.68177e-05
9.29237e-05
1.25008e-05
5.70375e-05
7.17675e-06
3.08718e-05
8.70858e-05
5.48295e-05
1.67987e-06
5.75396e-05
6.97812e-05
1.33398e-05
7.02973e-05
4.10318e-05
9.38701e-05
3.25854e-05
6.91536e-05
5.91581e-05
4.93367e-05
7.78746e-05
3.52461e-05
7.71839e-06
4.66387e-05
4.34038e-05
0.000121928
1.50748e-05
4.76603e-05
6.41653e-05
4.60748e-05
3.66544e-05
3.32136e-05
6.0574e-05
0.000176771
2.30556e-05
7.92752e-06
5.4171e-05
6.6788e-05
3.45502e-05
4.82164e-05
7.77763e-05
3.42126e-05
2.78916e-05
2.30377e-05
3.87607e-05
8.76186e-05
4.87388e-05
5.02237e-05
9.0649e-05
3.59384e-05
1.75521e-05
4.74727e-05
9.77334e-05
3.47437e-05
2.74241e-05
3.94359e-05
9.33653e-06
0.000172202
2.00618e-05
5.53365e-05
6.23387e-06
4.80137e-05
1.49458e-05
3.13937e-05
0.000100105
0.000255992
6.65332e-05
5.2131e-05
6.46441e-05
4.42924e-05
7.40176e-05
4.76476e-05
4.05826e-05
4.33167e-05
1.90373e-05
6.61589e-06
9.00741e-05
4.58101e-05
3.10132e-05
1.23519e-05
7.22896e-05
3.22288e-05
7.74053e-05
6.67354e-05
2.15901e-05
3.00095e-05
3.72576e-05
5.98549e-05
2.93103e-05
2.64924e-05
6.6801e-05
4.28102e-05
3.36329e-05
4.68155e-05
1.84113e-05
0.000125884
7.67612e-05
2.02056e-05
3.71133e-05
4.53038e-05
0.000136041
7.76969e-05
0.000124852
6.34188e-05
1.59925e-05
1.46871e-05
9.67403e-06
2.05909e-05
9.96921e-05
5.95526e-05
3.57984e-05
5.21209e-05
1.58675e-05
3.59112e-05
3.1612e-05
3.00991e-05
1.61828e-05
3.38047e-05
5.70461e-05
4.5365e-05
5.471e-05
3.65868e-06
0.00023481
0.000150171
5.27572e-05
7.39723e-05
1.53035e-05
5.26241e-05
1.27621e-05
7.57359e-05
1.92288e-05
1.47505e-05
3.33767e-05
4.91502e-05
2.60552e-05
5.06375e-05
5.61668e-05
2.00262e-05
3.412e-05
3.15511e-05
3.44045e-05
7.77557e-06
1.77435e-05
5.87645e-05
5.94179e-05
4.1484e-05
5.23112e-05
4.77079e-05
1.8871e-05
6.69994e-06
8.76337e-05
3.57494e-05
4.32923e-05
3.47351e-05
0.000134306
1.21478e-05
2.44389e-05
4.9138e-05
5.56674e-05
2.36863e-05
2.26043e-05
2.55424e-05
7.03326e-05
3.87572e-05
7.05977e-05
2.76538e-05
6.66453e-05
3.24871e-05
5.34331e-05
4.84109e-05
4.98444e-05
2.1434e-05
1.21241e-05
6.6163e-05
5.685e-05
1.36696e-05
3.72973e-05
4.88423e-05
4.18305e-06
2.19864e-05
1.79994e-05
1.32847e-05
1.28358e-05
4.80723e-05
5.54295e-05
4.1399e-05
1.39962e-05
2.36825e-05
2.57788e-05
2.59691e-05
2.33036e-05
7.08121e-05
4.58321e-05
8.82353e-05
9.22347e-06
7.29303e-05
7.24945e-05
4.51357e-05
4.04616e-05
1.77494e-05
7.17966e-05
9.31608e-05
2.6333e-05
9.37674e-05
4.86335e-05
5.4349e-05
1.19557e-05
1.47753e-05
0.000106056
2.62589e-05
3.4814e-05
2.38495e-05
8.8602e-05
1.14675e-05
4.79514e-05
3.87474e-05
0
1.7284e-05
9.54198e-05
3.48839e-05
3.45793e-05
7.34466e-05
2.63029e-05
3.35607e-05
3.42975e-05
4.42685e-05
4.34115e-05
4.63047e-05
5.40623e-05
4.36921e-05
1.75738e-05
2.66205e-05
4.03531e-05
3.23774e-05
7.64838e-05
4.60754e-05
1.59998e-05
3.01912e-05
3.7308e-05
2.1357e-05
2.53337e-05
4.31186e-05
3.05807e-05
4.75402e-05
5.29319e-05
8.93024e-06
4.58706e-05
3.84094e-05
5.74922e-05
0.000134348
2.43957e-05
0.000178316
1.15346e-05
3.44723e-05
1.53156e-05
1.27349e-05
5.02783e-05
1.9445e-05
2.75887e-05
5.6918e-05
4.55048e-05
9.92112e-05
2.8342e-05
4.81808e-05
8.34163e-05
2.05678e-05
1.23116e-05
4.8549e-05
0.000112562
6.28535e-05
1.47546e-05
3.75009e-05
4.86066e-05
4.47764e-05
6.02749e-05
3.85087e-05
1.78017e-05
0.00015506
8.47909e-05
7.73349e-06
8.11628e-05
3.86592e-05
5.20465e-05
8.27608e-05
0.000107451
3.23358e-05
1.69033e-05
2.30809e-05
7.30609e-05
5.53894e-05
1.4708e-05
1.44075e-05
1.97054e-05
3.37866e-05
7.95128e-05
0.00018656
9.2921e-05
0.000151189
5.04062e-06
6.52964e-05
1.30633e-05
6.78887e-05
5.1821e-05
4.24468e-06
7.92744e-05
6.68859e-05
5.54235e-05
1.60101e-05
3.16718e-05
1.55048e-05
6.32882e-05
3.59962e-05
1.25478e-05
3.22385e-06
5.07117e-05
3.39702e-05
2.06558e-05
3.22044e-05
3.73878e-05
7.6949e-05
7.12352e-05
8.09166e-05
5.26013e-05
7.59215e-05
4.11816e-05
2.21725e-05
2.09584e-05
5.47238e-05
4.75655e-05
4.30587e-05
5.3263e-05
8.60864e-05
6.87594e-05
0.000120442
1.95293e-05
7.5471e-05
5.89964e-05
8.4678e-05
3.48219e-05
0.000137789
7.40955e-05
3.96923e-05
2.49312e-05
3.74272e-05
5.18114e-05
4.30912e-05
6.55187e-05
3.78133e-05
5.30551e-05
4.53119e-05
2.444e-05
4.05725e-05
2.79882e-05
1.1143e-05
8.34088e-05
5.86107e-05
4.76426e-05
4.80894e-05
8.70787e-06
0.000124617
3.09611e-05
9.74365e-06
2.18334e-05
2.85471e-05
1.68708e-06
6.35064e-05
2.31587e-05
4.28656e-05
6.94986e-05
5.82201e-05
2.13127e-05
1.76615e-05
7.66081e-05
4.88465e-05
6.47464e-05
4.72394e-05
3.48218e-05
1.70946e-05
0
1.33981e-05
4.69813e-05
7.71721e-05
7.80679e-05
3.87301e-05
6.49113e-05
2.972e-05
4.59996e-05
7.62074e-05
6.40258e-05
2.06116e-06
2.40488e-05
5.66367e-05
3.21874e-05
1.09992e-05
4.78763e-05
5.12105e-05
1.20095e-05
4.16055e-05
7.46448e-05
4.35613e-05
2.61851e-05
1.27541e-05
2.55716e-05
2.17222e-05
6.50153e-05
7.51004e-05
3.59743e-05
2.39571e-05
2.5158e-05
1.20124e-05
5.14245e-05
3.70091e-05
6.58741e-05
3.37309e-05
5.34967e-05
2.29663e-05
4.0078e-05
0.000102379
1.0302e-05
3.18569e-05
8.02949e-05
3.57479e-05
2.67448e-05
7.81281e-05
3.43085e-05
5.43639e-05
0.000123166
4.10866e-05
8.15341e-05
4.25671e-05
0.000141246
1.04605e-05
0.000109173
4.2925e-05
5.45124e-06
8.96647e-05
1.93385e-05
1.13655e-05
4.94773e-05
6.29228e-06
0.000110509
2.31957e-05
1.30372e-05
3.61353e-05
5.96563e-05
3.56107e-05
6.37787e-05
4.05339e-05
5.96446e-05
5.08924e-05
2.49695e-05
6.34545e-05
4.69744e-05
2.96702e-05
3.94183e-05
6.68381e-05
4.03005e-05
3.41802e-06
5.55647e-05
7.28293e-05
3.23924e-05
8.14029e-05
0.000130868
3.07202e-05
2.25194e-05
3.9062e-05
1.49843e-05
5.85754e-05
0.000162201
2.79892e-05
5.77443e-05
8.99277e-05
6.07317e-05
4.29859e-05
6.43301e-05
7.34149e-06
0.000112451
2.39379e-05
2.88269e-05
9.51092e-06
1.54238e-05
1.17603e-05
4.79085e-05
7.10298e-05
9.84927e-05
2.51824e-05
0.000106734
6.52184e-05
3.18519e-05
5.81533e-05
2.18955e-05
3.61056e-05
4.8619e-05
6.04206e-05
3.83806e-05
6.90694e-05
4.58333e-05
2.64511e-05
4.05412e-05
4.60193e-05
4.55453e-05
1.96315e-05
2.54599e-05
3.38649e-05
5.24341e-05
3.83123e-05
6.0017e-05
3.1234e-05
2.91656e-05
2.73906e-05
5.12068e-05
0.00011104
4.17627e-05
2.13783e-05
3.98354e-05
0.000127768
2.8672e-05
9.63182e-05
3.76152e-05
8.33337e-05
1.24913e-05
5.08064e-05
5.61812e-05
0.000120164
3.81477e-05
8.96224e-05
5.78604e-06
4.78627e-05
2.50183e-05
4.91382e-05
7.18507e-05
4.47713e-05
6.18685e-05
3.28177e-05
4.83968e-05
4.53671e-05
2.02119e-05
2.86345e-05
1.56616e-05
3.43845e-05
8.62445e-05
5.68806e-05
4.30134e-05
3.18951e-05
4.95577e-05
6.74693e-05
4.9459e-05
3.84545e-05
2.44394e-05
4.88797e-05
2.10646e-05
0.000141597
3.10079e-05
5.09651e-05
6.8219e-05
2.62496e-05
6.05338e-06
2.25731e-05
3.78712e-05
5.00654e-05
2.53199e-05
0.000294727
4.58212e-05
7.17306e-05
5.05068e-05
7.73357e-05
6.08097e-06
2.83973e-05
6.83246e-05
3.45155e-05
9.43423e-05
4.946e-05
3.91713e-05
1.19238e-05
7.83025e-05
3.88988e-05
2.75816e-05
8.06624e-05
3.61848e-05
0.00011811
7.0414e-05
7.13783e-05
1.53856e-05
6.69373e-05
7.63384e-05
1.23494e-05
5.72277e-05
3.96641e-05
3.31782e-05
6.50862e-05
1.08029e-05
3.63528e-05
6.98317e-05
4.54985e-05
3.90243e-05
5.8799e-05
1.5805e-05
5.0659e-05
8.37228e-05
4.447e-05
5.41715e-06
2.73223e-05
2.44821e-05
7.36852e-05
1.04837e-05
6.71782e-05
2.31885e-05
3.72108e-05
7.0553e-05
2.50837e-05
4.74879e-05
1.71608e-05
1.12191e-05
6.84565e-05
1.38493e-05
4.77443e-05
5.76104e-05
6.27486e-05
5.80289e-05
2.24794e-05
3.72883e-05
2.39503e-05
3.88459e-05
5.20504e-05
7.10103e-05
7.35065e-05
0.000129288
3.86446e-05
5.25092e-06
4.11561e-05
7.17704e-06
5.91545e-05
7.81795e-05
7.76466e-06
5.17658e-05
3.6318e-05
9.47068e-06
2.61225e-05
0.000144731
2.31057e-05
0.000158808
9.55993e-05
2.85884e-05
6.70342e-05
0.000109612
5.5518e-05
1.25408e-05
6.57827e-05
0.000108856
5.76333e-05
3.55879e-05
3.94782e-05
7.10442e-05
3.69791e-05
6.79933e-06
2.04383e-05
2.62516e-05
6.60002e-05
4.34572e-05
2.98193e-05
2.10987e-05
3.42947e-05
7.84565e-05
5.44443e-05
4.44599e-05
0
6.93793e-05
5.06216e-05
2.27389e-05
9.79266e-05
6.17643e-05
2.15343e-05
6.67027e-05
3.60593e-05
2.89593e-05
2.57433e-05
1.2805e-05
3.17405e-05
2.08481e-05
6.07449e-05
8.21104e-06
3.72256e-05
2.87055e-05
1.97923e-05
0.000106138
3.79768e-05
8.91562e-05
6.92852e-05
7.79841e-06
1.78674e-05
1.54471e-05
4.26785e-05
2.23051e-05
5.96036e-05
2.54586e-05
1.69143e-05
2.84311e-05
6.31183e-05
2.58296e-05
4.58765e-05
2.20837e-05
1.14251e-05
0.000151594
8.60606e-05
4.4301e-05
1.97572e-05
1.1057e-05
8.67399e-05
1.93099e-05
2.58962e-05
4.85973e-05
9.12159e-05
1.76884e-05
3.77713e-05
5.93615e-05
7.11436e-05
4.03427e-05
8.35121e-05
2.05921e-05
1.99663e-05
3.22722e-06
8.50666e-06
2.68762e-05
8.1228e-05
1.04017e-05
6.94077e-05
4.43675e-05
7.60213e-05
5.6376e-05
5.84375e-05
1.35818e-05
2.25659e-06
1.34081e-05
4.51344e-05
3.72802e-05
3.92661e-05
2.40162e-06
4.1359e-05
6.28365e-05
4.62871e-05
2.09845e-05
3.31025e-05
5.72227e-05
6.99713e-05
2.64219e-05
7.99665e-05
4.18246e-05
5.03646e-05
3.46808e-05
2.93527e-05
3.46312e-05
4.49245e-05
2.3747e-05
8.03805e-06
8.02977e-05
0.000120225
0.00011769
5.65621e-05
2.8207e-05
2.10647e-05
6.57894e-05
1.21041e-05
1.96993e-05
7.59692e-05
2.41797e-05
1.26445e-05
2.65437e-05
2.73961e-05
4.7408e-05
4.72912e-05
6.02021e-05
5.27583e-05
5.6388e-05
2.88337e-05
5.00265e-05
6.43414e-05
5.61031e-05
7.18949e-05
6.70972e-05
4.786e-05
2.62413e-05
5.07006e-05
1.60291e-05
3.71939e-05
1.11977e-05
5.45954e-05
9.62567e-05
3.31812e-05
3.7371e-05
3.48412e-05
8.70353e-05
2.35671e-05
4.18864e-05
5.18994e-05
1.98486e-05
5.0092e-06
1.09809e-05
1.11312e-05
7.72606e-05
4.68795e-05
1.37915e-05
5.81303e-06
4.86087e-05
3.81801e-05
0.00012546
5.93823e-05
6.16684e-05
1.29729e-05
1.75597e-05
5.22162e-05
1.86182e-05
3.21107e-05
5.64386e-05
1.81374e-05
2.33756e-05
6.77213e-05
8.92208e-05
3.33832e-05
2.4066e-05
0.000150481
3.96364e-05
6.56692e-05
8.37133e-05
6.82477e-05
4.75386e-05
6.16661e-05
6.6048e-05
2.0535e-05
3.794e-05
3.9876e-05
7.67845e-05
9.36503e-05
2.70371e-05
4.93312e-05
9.31099e-05
9.26564e-06
1.11131e-05
2.41859e-05
0.000109691
1.90088e-05
7.4283e-06
7.34783e-05
0.000101594
6.77477e-05
2.45234e-05
3.48048e-05
5.3927e-05
3.72875e-05
5.08614e-05
7.97037e-05
6.38822e-05
9.91234e-06
5.55268e-06
1.59091e-05
8.77956e-05
4.30771e-06
8.8019e-06
4.70222e-05
6.51545e-05
0.000130589
4.94866e-05
5.15429e-05
6.14863e-05
2.46422e-05
0.000111718
2.8833e-05
1.71153e-05
0.000268492
4.1244e-05
1.70156e-05
0.000102789
5.09149e-05
3.16187e-05
3.47907e-05
7.04029e-06
8.09424e-05
2.226e-05
1.21486e-05
4.36266e-05
3.69609e-05
0.000129307
2.27792e-05
1.67739e-05
0.000117018
2.43289e-05
8.66547e-05
3.11726e-05
1.89218e-05
4.97937e-05
1.10244e-05
4.94841e-05
6.03388e-05
2.395e-05
4.74471e-05
1.90986e-05
4.03439e-05
7.80922e-06
6.01131e-05
4.01136e-05
6.1463e-05
2.60525e-05
7.47306e-05
3.4691e-05
6.03987e-05
1.46682e-05
6.60638e-05
7.60359e-05
1.31094e-05
5.59377e-05
7.6325e-05
7.00142e-05
8.66917e-05
4.57976e-05
6.94242e-05
3.62497e-05
2.55145e-05
3.70486e-05
0.000161163
6.01192e-05
2.76116e-05
4.06556e-05
3.2807e-05
3.20617e-05
8.25343e-05
2.1374e-05
2.97252e-05
6.53127e-05
3.38935e-05
1.73209e-05
5.02887e-05
3.05004e-05
9.30406e-05
2.35323e-05
1.2216e-05
2.92351e-05
1.38319e-05
4.50142e-05
2.38774e-05
7.26974e-05
2.91914e-05
1.11196e-05
7.30945e-05
2.1877e-05
3.36178e-05
5.67816e-05
5.47444e-05
9.50084e-05
3.20709e-05
7.7849e-05
2.29197e-05
3.87047e-05
6.54807e-05
2.9028e-05
8.8199e-06
1.87556e-05
3.07652e-05
6.66629e-05
1.76019e-05
3.87772e-05
7.35015e-05
6.32834e-05
6.13433e-05
1.62412e-05
3.52982e-05
3.9708e-06
4.63527e-05
1.3652e-05
3.9286e-05
3.48397e-05
2.07234e-05
3.18982e-05
3.3197e-05
2.59357e-05
8.81502e-05
4.26697e-05
4.85375e-05
2.793e-05
9.2395e-05
1.70699e-05
0.000132548
3.97534e-05
2.34399e-05
5.76337e-05
2.5086e-05
5.8498e-05
3.84478e-05
2.67903e-05
7.47651e-05
3.27351e-05
1.82349e-05
0.000100735
4.86514e-05
2.28856e-05
3.16014e-05
3.85445e-05
5.48756e-05
7.55506e-05
1.47104e-05
2.28491e-06
4.19735e-06
6.38711e-05
0.000109731
5.61083e-05
3.40887e-05
4.55591e-05
5.56664e-05
4.98308e-05
0.000134329
4.78409e-05
5.44529e-05
2.82707e-05
4.7425e-05
5.34077e-05
1.93155e-05
4.0201e-05
9.44643e-06
7.7253e-05
2.05212e-05
0.000132392
1.23256e-05
8.32358e-05
3.21221e-05
8.74909e-05
9.13018e-05
3.86015e-05
3.11205e-05
4.03379e-05
2.26674e-05
3.76027e-05
0.00011464
1.78508e-05
2.58913e-05
7.53592e-05
2.03564e-05
4.60641e-05
2.58441e-05
6.21919e-05
5.33641e-05
7.91869e-06
6.60055e-05
1.52578e-05
3.78487e-05
3.47562e-05
2.83307e-05
3.25769e-05
3.06162e-05
2.7028e-05
2.10477e-05
0.000115716
7.42021e-05
3.57848e-05
4.51557e-05
5.52339e-05
6.51235e-06
3.75268e-05
3.48571e-05
5.08202e-05
7.01547e-05
1.95692e-05
0.000110715
0.000112165
6.24056e-05
7.31178e-05
6.25924e-05
4.77657e-05
2.56474e-05
2.33637e-05
3.38182e-05
3.49694e-05
3.96913e-05
2.91533e-05
3.28384e-05
0.000163701
3.08331e-05
2.10747e-05
0.000103164
3.42103e-05
6.68662e-05
0
2.84344e-05
3.53328e-06
6.94341e-05
7.87515e-05
3.61397e-05
4.34856e-05
3.70836e-05
3.51496e-05
3.46156e-05
0.000110007
4.55896e-05
4.67917e-06
2.87314e-05
4.67557e-05
7.49527e-06
4.69656e-06
4.34905e-05
4.78765e-05
0.000102461
5.31704e-05
1.5008e-05
9.65863e-05
6.74717e-06
8.59821e-05
5.95838e-05
0.000116275
4.75498e-05
4.42127e-05
8.21868e-05
3.0909e-05
2.36782e-05
4.66165e-06
4.57535e-05
4.85359e-05
4.48596e-05
1.27468e-05
4.00976e-05
2.71569e-05
9.38202e-06
5.69699e-06
4.14909e-05
8.30813e-05
5.81643e-05
1.38083e-05
8.64603e-05
1.57418e-05
2.00629e-05
3.85292e-05
9.49093e-05
2.23204e-05
6.23824e-05
1.52342e-05
4.38791e-05
8.92611e-05
4.29219e-05
4.2623e-05
4.03546e-05
5.1101e-05
3.29601e-05
5.39897e-05
4.50769e-05
5.07544e-05
3.65977e-05
4.21584e-05
2.24451e-05
6.60787e-05
6.70138e-05
8.96373e-05
2.70193e-05
4.28497e-05
8.11797e-05
3.72043e-05
1.98794e-05
3.4752e-05
1.32426e-05
1.61195e-05
4.99764e-05
6.04154e-05
5.51802e-05
3.45366e-05
5.58685e-05
0.000119423
6.41554e-05
2.82088e-05
0.00011752
5.04518e-05
0.000120504
9.22344e-05
3.89451e-05
6.20957e-05
7.01363e-05
8.74388e-05
3.66855e-05
3.11687e-05
9.1827e-05
2.91378e-05
2.32e-05
6.4049e-05
5.38565e-05
1.74712e-05
6.66922e-05
5.18579e-05
2.70446e-05
2.67673e-05
9.60201e-06
2.14839e-05
2.91498e-05
2.89925e-05
5.15924e-05
0.000126791
2.18368e-05
3.97934e-05
3.12077e-05
2.57933e-05
5.08972e-05
4.01911e-05
4.76026e-05
8.35309e-05
1.2107e-05
4.58344e-05
4.3792e-05
2.91622e-05
1.96231e-05
2.60311e-05
5.16078e-05
5.19331e-05
7.97602e-05
5.64015e-05
9.11367e-05
6.19593e-06
3.91981e-05
5.06186e-05
6.42104e-05
1.86224e-05
8.46814e-06
1.09136e-05
3.24783e-05
1.12816e-05
5.89781e-05
0.000100197
9.46692e-05
4.49808e-05
5.0786e-05
3.98087e-05
5.6153e-05
5.86749e-05
7.13038e-05
6.25475e-05
1.8956e-05
1.59642e-06
1.38798e-05
2.9986e-05
2.92485e-05
2.91784e-05
2.15911e-05
4.6073e-06
2.38576e-05
4.5803e-05
0.000170867
6.11439e-06
5.95337e-05
2.03541e-05
2.26776e-05
6.34175e-05
6.12616e-05
2.1655e-05
5.78394e-05
5.64857e-05
5.47784e-05
7.79319e-05
5.76913e-05
5.54984e-05
2.63108e-05
2.87955e-05
5.73604e-05
1.42476e-05
2.96078e-05
2.27789e-05
1.25574e-05
2.8917e-05
4.24211e-05
2.06587e-05
7.02715e-05
3.15091e-05
2.20457e-05
7.37575e-05
4.92326e-05
4.60329e-05
6.96825e-05
3.59566e-05
3.42364e-05
1.28435e-05
3.39524e-05
7.36171e-05
2.37779e-05
3.4331e-05
7.53086e-05
5.11339e-05
3.05021e-05
6.99203e-05
2.92289e-05
2.65221e-05
8.09845e-05
3.02942e-05
2.31954e-05
2.68082e-05
2.28885e-05
8.01955e-05
2.56687e-05
2.60948e-05
4.66011e-05
2.58833e-05
7.63808e-05
2.72262e-05
9.58706e-05
4.49089e-05
6.37004e-05
0.000168551
3.00115e-05
4.87563e-05
7.18336e-05
2.63272e-05
0.000127776
2.12498e-05
3.12413e-05
1.46384e-05
1.84253e-05
3.8445e-05
6.22155e-05
7.61417e-05
3.47293e-05
8.34627e-06
2.33699e-05
6.76509e-05
3.61484e-05
4.96709e-05
7.19597e-05
4.65865e-05
1.38206e-05
6.67788e-05
5.28943e-05
8.64441e-05
4.30016e-05
1.30754e-05
6.12387e-05
6.95664e-05
6.95013e-06
2.91526e-05
4.51581e-05
9.32907e-05
2.64665e-05
1.24091e-05
1.237e-05
4.77168e-05
6.37826e-05
2.08822e-05
4.14784e-05
1.86686e-05
3.85737e-05
3.8719e-05
5.07446e-05
6.69517e-06
0.000115793
2.59282e-05
6.80166e-06
6.36782e-05
2.01911e-05
3.52589e-05
8.55017e-05
3.3413e-05
1.72328e-05
1.50972e-05
9.97341e-05
8.18868e-05
7.69087e-05
1.06223e-05
5.16211e-05
2.97283e-05
2.73074e-05
4.73419e-05
9.46e-05
3.18082e-05
2.62855e-05
0.000115392
2.37883e-05
4.75992e-05
5.39992e-05
2.92086e-05
8.35412e-06
8.76575e-05
0.000119569
3.27374e-05
2.63027e-05
5.32195e-05
9.7485e-05
1.13829e-05
9.49461e-05
5.26419e-05
6.88272e-05
5.05914e-05
3.71261e-05
1.56753e-05
3.79331e-05
3.59947e-05
1.2839e-05
4.6006e-05
1.57292e-05
4.64174e-05
2.98106e-05
4.1715e-05
2.83726e-05
2.07324e-05
2.9741e-05
2.2884e-05
2.31958e-05
0.000103697
5.88293e-05
1.40315e-05
4.04196e-05
2.59857e-05
1.82222e-05
2.30414e-05
4.10215e-05
5.35172e-05
0.000146966
6.32542e-05
3.03184e-05
5.96779e-05
1.0496e-05
4.60142e-05
9.4815e-05
0.000108263
1.27393e-06
6.09067e-05
4.30913e-05
3.69914e-05
8.31039e-06
4.66538e-05
2.63339e-05
2.89918e-05
1.9196e-05
2.22311e-05
8.21818e-05
2.40675e-05
5.86435e-05
4.02799e-05
4.63684e-05
0.000110916
4.63783e-05
8.33225e-05
7.94555e-05
2.81533e-05
6.98764e-05
1.61945e-05
5.74965e-05
1.99022e-05
2.41987e-05
1.72114e-05
4.65173e-05
2.57618e-05
1.69742e-05
1.38104e-06
6.94099e-06
4.30182e-05
7.94312e-05
5.73506e-05
4.11816e-05
6.38201e-05
9.18517e-06
1.8964e-05
2.35084e-05
7.36496e-05
1.0775e-05
7.22826e-06
1.81699e-05
6.91429e-05
2.17007e-05
1.35165e-05
2.01824e-05
2.19679e-05
3.25255e-05
0.000218199
5.67296e-06
1.88325e-05
2.02153e-05
7.05526e-05
1.70487e-05
3.10485e-05
3.16664e-05
0.000173683
7.45254e-05
2.42553e-05
1.27426e-05
5.75549e-05
7.9977e-05
2.14954e-05
5.99522e-05
2.88832e-05
5.63538e-05
1.33989e-05
0.000101225
3.98046e-05
4.26001e-05
9.67266e-05
7.81158e-05
7.76687e-05
2.26252e-05
1.65008e-05
3.97337e-05
7.29486e-05
2.46017e-05
4.09581e-05
3.57502e-05
2.97775e-05
5.42049e-05
1.62452e-05
1.96886e-05
6.65884e-05
3.4867e-05
5.20968e-05
4.75236e-05
3.88489e-05
3.70503e-06
1.4061e-05
6.84274e-05
7.36372e-05
6.85482e-05
7.77513e-05
4.79784e-05
2.15497e-05
3.19329e-05
5.26466e-05
0.00010263
2.22762e-05
1.80415e-05
5.16837e-05
3.63458e-05
3.08316e-05
4.03812e-05
2.85445e-05
6.85464e-08
6.81555e-05
4.46441e-05
6.98809e-05
3.65192e-05
4.63774e-05
1.7554e-05
2.08357e-05
9.11877e-05
7.22037e-05
7.05711e-06
4.46199e-05
1.70755e-05
6.16065e-05
2.38621e-05
4.63462e-05
3.6332e-05
0.000194407
3.08796e-05
5.85745e-05
0.000143525
4.47831e-05
7.55225e-05
1.49287e-05
8.43579e-05
6.17509e-05
7.64786e-05
4.65097e-05
2.5624e-05
1.06549e-05
4.25619e-05
5.2187e-05
6.04606e-05
2.14522e-05
4.23869e-05
1.79768e-05
9.03928e-05
2.84243e-05
7.006e-05
8.33738e-05
8.31435e-06
8.27863e-06
8.28172e-05
3.22713e-05
1.97685e-05
5.84985e-05
6.39017e-05
2.69276e-05
9.78631e-05
2.38695e-05
5.97978e-05
7.2262e-05
7.64737e-05
3.06467e-05
6.49969e-05
3.18474e-05
5.41859e-05
8.99366e-05
5.48622e-05
2.04361e-05
6.22646e-05
1.04121e-05
5.18086e-05
3.29129e-05
2.6115e-05
6.6867e-06
5.86254e-05
6.78482e-05
6.69851e-05
3.23426e-05
5.9458e-05
7.52248e-05
3.4824e-05
5.57159e-05
0.00020545
3.36745e-05
2.76766e-05
5.77795e-05
6.19823e-05
3.98547e-05
7.55301e-05
0.000229218
5.64096e-05
1.6656e-05
3.32807e-05
5.11927e-05
3.32698e-05
6.05145e-05
3.18883e-05
5.62854e-05
7.39164e-05
4.63259e-05
3.61442e-05
5.10581e-05
4.27422e-05
6.86055e-05
0.00012138
6.36369e-05
2.2244e-05
9.03866e-06
2.03525e-05
1.94404e-05
2.75252e-06
2.1779e-05
5.28795e-05
3.8232e-05
7.12679e-05
6.37577e-05
3.03274e-05
4.17082e-05
0.000111114
5.23885e-05
4.88257e-05
5.04559e-05
2.39701e-05
4.43195e-05
8.32613e-06
1.07234e-05
3.50852e-05
1.18233e-05
2.25807e-05
4.3851e-05
2.77214e-05
4.94987e-05
3.97577e-05
6.17689e-05
5.21599e-05
1.82882e-05
1.84345e-05
1.59795e-05
2.87916e-05
9.94244e-05
3.3147e-05
1.77169e-05
3.04493e-05
2.41093e-05
6.71335e-05
2.32942e-05
1.98988e-05
2.7571e-05
9.27283e-05
4.18444e-06
4.52483e-05
5.94539e-05
6.90097e-05
4.8067e-05
5.99249e-05
0.000110056
1.77017e-05
0.000110856
1.15518e-05
2.0496e-05
4.34658e-05
0.0001212
9.19231e-05
2.73919e-05
3.26635e-05
5.26086e-05
6.16535e-05
3.21667e-05
2.3793e-05
1.8207e-05
3.13334e-05
4.90735e-05
3.60131e-05
6.34463e-05
5.32747e-05
0.00010687
4.35412e-05
7.76511e-05
3.03558e-05
0.000126391
6.06434e-05
2.59973e-05
5.72164e-05
3.26878e-05
3.38672e-05
0.000119573
4.82913e-05
3.73769e-05
2.425e-05
3.02055e-05
4.99775e-05
7.25026e-05
3.33721e-05
8.47246e-06
2.45148e-05
7.23409e-05
0.000104844
5.23077e-05
6.21641e-05
8.94379e-05
4.3285e-05
6.00638e-05
1.81468e-05
2.83867e-05
0.000193929
9.55204e-05
5.34523e-05
5.94556e-05
1.43551e-06
3.26886e-05
3.25864e-05
8.27223e-05
4.08088e-05
3.7024e-05
5.25966e-05
4.83038e-06
0.000113534
0.00019117
7.28833e-05
2.98235e-05
3.98764e-05
6.36583e-05
2.35116e-05
3.69695e-05
5.64477e-05
3.97587e-05
9.07564e-06
4.70098e-05
7.74282e-05
6.74409e-05
5.52736e-05
5.35989e-05
5.68061e-05
6.99219e-05
9.41741e-06
2.09974e-05
7.45074e-05
7.86694e-05
4.47898e-05
7.62355e-05
2.00138e-05
9.87372e-06
4.58569e-05
6.1228e-05
3.24606e-05
5.66365e-06
1.08384e-05
6.20617e-05
8.68515e-05
0.000168176
7.36102e-05
0.00010824
6.31514e-05
2.69467e-05
3.43289e-05
6.4042e-05
0.000119039
8.09533e-05
1.95533e-05
3.57638e-05
7.42943e-05
9.95126e-05
7.5923e-05
4.58113e-05
1.96344e-05
4.48779e-05
2.74971e-05
6.37283e-06
0.000142227
6.87104e-05
0.000101997
4.45836e-05
4.92251e-05
0.000111821
2.94745e-05
1.03703e-05
1.3658e-05
5.76518e-05
1.05028e-05
2.0705e-05
8.68251e-05
3.38746e-06
4.38669e-05
3.33527e-05
3.80983e-05
1.09484e-05
7.52285e-05
5.50963e-05
4.14193e-05
3.94616e-05
8.77259e-05
5.35332e-05
1.72929e-05
5.16475e-05
4.49938e-05
2.67469e-05
8.08389e-05
5.9138e-05
4.04991e-05
5.48752e-05
5.91116e-05
1.33157e-05
0.000113118
4.60095e-05
2.58072e-05
6.30944e-05
6.40807e-05
1.32998e-05
5.52945e-05
3.44888e-05
2.32654e-05
3.43202e-05
1.02207e-05
6.11255e-05
1.67385e-05
2.06845e-05
2.34946e-05
6.56866e-05
3.21501e-05
2.99774e-06
0
3.04545e-05
7.78243e-06
6.96376e-06
8.07908e-05
1.49613e-05
4.1355e-05
4.20519e-05
6.82119e-05
4.3173e-05
5.67546e-05
7.06777e-05
1.71689e-05
3.4261e-05
2.609e-05
1.60182e-05
2.47892e-05
7.88929e-05
0.000111087
0.000107042
6.0759e-05
3.39987e-05
2.38724e-05
1.89998e-05
4.78729e-05
1.49086e-05
3.87516e-05
2.62116e-05
8.56035e-05
4.89811e-05
0.000123691
7.66191e-05
2.95358e-05
3.68003e-05
0.000170451
6.43012e-05
7.5847e-05
5.86432e-05
5.48239e-05
4.04579e-05
3.91142e-05
1.16299e-05
3.6317e-05
2.44672e-05
4.89898e-05
8.70003e-05
1.0856e-05
3.31396e-05
2.2895e-05
3.66342e-05
9.24268e-05
9.19233e-05
5.59089e-05
1.03139e-05
1.16503e-05
3.78884e-05
2.91484e-05
2.07949e-05
4.0313e-05
9.36141e-05
0.000101629
0.000139399
3.67549e-05
4.98516e-05
4.90593e-05
8.36972e-05
2.79891e-05
8.88633e-05
4.46201e-05
5.82208e-06
9.69632e-05
0.000132433
4.18996e-05
6.75295e-05
4.25576e-05
0.000143522
5.6551e-05
4.20944e-05
3.09222e-05
5.02712e-05
5.51451e-05
1.5997e-05
4.50339e-05
3.52545e-05
3.17507e-05
7.15393e-05
7.96301e-05
3.64439e-06
5.56049e-05
0.000101035
2.76408e-05
4.29516e-05
2.18303e-05
4.15329e-05
5.28817e-05
5.89915e-05
2.58997e-05
6.44743e-05
0.000103463
2.86117e-05
2.48264e-05
6.40701e-05
3.57083e-05
9.53707e-05
2.95044e-05
1.77475e-05
8.30612e-05
5.34346e-05
0.000102627
2.75311e-05
3.51266e-05
5.80457e-05
6.87855e-05
4.05767e-05
2.41393e-05
3.60785e-05
1.06859e-05
6.31744e-05
5.18139e-05
4.98085e-05
2.59597e-05
5.64105e-05
2.80196e-05
2.60491e-05
5.83162e-05
9.06947e-05
2.03368e-05
8.25353e-05
2.98391e-05
4.12961e-05
4.36082e-05
1.24396e-05
5.81146e-06
8.65452e-05
2.4309e-05
2.90091e-05
1.42405e-05
6.63995e-05
4.13243e-05
4.87573e-05
5.42706e-05
0.000157757
2.88181e-05
5.65643e-05
5.64777e-05
1.49634e-05
0.000115198
3.7307e-05
8.81509e-05
1.77487e-05
2.68299e-05
5.21768e-05
3.77299e-05
2.74531e-05
3.40292e-05
5.56271e-05
8.73584e-05
5.10559e-05
0.000132729
2.59527e-05
1.4642e-05
5.37517e-05
4.64739e-05
0.000163709
3.59166e-05
5.42367e-05
1.35385e-05
3.69732e-05
3.83157e-05
5.00879e-05
4.68177e-05
9.29237e-05
1.25008e-05
5.70375e-05
7.17675e-06
3.08718e-05
8.70858e-05
5.48295e-05
1.67987e-06
5.75396e-05
6.97812e-05
1.33398e-05
7.02973e-05
4.10318e-05
9.38701e-05
3.25854e-05
6.91536e-05
5.91581e-05
4.93367e-05
7.78746e-05
3.52461e-05
7.71839e-06
4.66387e-05
4.34038e-05
0.000121928
1.50748e-05
4.76603e-05
6.41653e-05
4.60748e-05
3.66544e-05
3.32136e-05
6.0574e-05
0.000176771
2.30556e-05
7.92752e-06
5.4171e-05
6.6788e-05
3.45502e-05
4.82164e-05
7.77763e-05
3.42126e-05
2.78916e-05
2.30377e-05
3.87607e-05
8.76186e-05
4.87388e-05
5.02237e-05
9.0649e-05
3.59384e-05
1.75521e-05
4.74727e-05
9.77334e-05
3.47437e-05
2.74241e-05
3.94359e-05
9.33653e-06
0.000172202
2.00618e-05
5.53365e-05
6.23387e-06
4.80137e-05
1.49458e-05
3.13937e-05
0.000100105
0.000255992
6.65332e-05
5.2131e-05
6.46441e-05
4.42924e-05
7.40176e-05
4.76476e-05
4.05826e-05
4.33167e-05
1.90373e-05
6.61589e-06
9.00741e-05
4.58101e-05
3.10132e-05
1.23519e-05
7.22896e-05
3.22288e-05
7.74053e-05
6.67354e-05
2.15901e-05
3.00095e-05
3.72576e-05
5.98549e-05
2.93103e-05
2.64924e-05
6.6801e-05
4.28102e-05
3.36329e-05
4.68155e-05
1.84113e-05
0.000125884
7.67612e-05
2.02056e-05
3.71133e-05
4.53038e-05
0.000136041
7.76969e-05
0.000124852
6.34188e-05
1.59925e-05
1.46871e-05
9.67403e-06
2.05909e-05
9.96921e-05
5.95526e-05
3.57984e-05
5.21209e-05
1.58675e-05
3.59112e-05
3.1612e-05
3.00991e-05
1.61828e-05
3.38047e-05
5.70461e-05
4.5365e-05
5.471e-05
3.65868e-06
0.00023481
0.000150171
5.27572e-05
7.39723e-05
1.53035e-05
5.26241e-05
1.27621e-05
7.57359e-05
1.92288e-05
1.47505e-05
3.33767e-05
4.91502e-05
2.60552e-05
5.06375e-05
5.61668e-05
2.00262e-05
3.412e-05
3.15511e-05
3.44045e-05
7.77557e-06
1.77435e-05
5.87645e-05
5.94179e-05
4.1484e-05
5.23112e-05
4.77079e-05
1.8871e-05
6.69994e-06
8.76337e-05
3.57494e-05
4.32923e-05
3.47351e-05
0.000134306
1.21478e-05
2.44389e-05
4.9138e-05
5.56674e-05
2.36863e-05
2.26043e-05
2.55424e-05
7.03326e-05
3.87572e-05
7.05977e-05
2.76538e-05
6.66453e-05
3.24871e-05
5.34331e-05
4.84109e-05
4.98444e-05
2.1434e-05
1.21241e-05
6.6163e-05
5.685e-05
1.36696e-05
3.72973e-05
4.88423e-05
4.18305e-06
2.19864e-05
1.79994e-05
1.32847e-05
1.28358e-05
4.80723e-05
5.54295e-05
4.1399e-05
1.39962e-05
2.36825e-05
2.57788e-05
2.59691e-05
2.33036e-05
7.08121e-05
4.58321e-05
8.82353e-05
9.22347e-06
7.29303e-05
7.24945e-05
4.51357e-05
4.04616e-05
1.77494e-05
7.17966e-05
9.31608e-05
2.6333e-05
9.37674e-05
4.86335e-05
5.4349e-05
1.19557e-05
1.47753e-05
0.000106056
2.62589e-05
3.4814e-05
2.38495e-05
8.8602e-05
1.14675e-05
4.79514e-05
3.87474e-05
0
1.7284e-05
9.54198e-05
3.48839e-05
3.45793e-05
7.34466e-05
2.63029e-05
3.35607e-05
3.42975e-05
4.42685e-05
4.34115e-05
4.63047e-05
5.40623e-05
4.36921e-05
1.75738e-05
2.66205e-05
4.03531e-05
3.23774e-05
7.64838e-05
4.60754e-05
1.59998e-05
3.01912e-05
3.7308e-05
2.1357e-05
2.53337e-05
4.31186e-05
3.05807e-05
4.75402e-05
5.29319e-05
8.93024e-06
4.58706e-05
3.84094e-05
5.74922e-05
0.000134348
2.43957e-05
0.000178316
1.15346e-05
3.44723e-05
1.53156e-05
1.27349e-05
5.02783e-05
1.9445e-05
2.75887e-05
5.6918e-05
4.55048e-05
9.92112e-05
2.8342e-05
4.81808e-05
8.34163e-05
2.05678e-05
1.23116e-05
4.8549e-05
0.000112562
6.28535e-05
1.47546e-05
3.75009e-05
4.86066e-05
4.47764e-05
6.02749e-05
3.85087e-05
1.78017e-05
0.00015506
8.47909e-05
7.73349e-06
8.11628e-05
3.86592e-05
5.20465e-05
8.27608e-05
0.000107451
3.23358e-05
1.69033e-05
2.30809e-05
7.30609e-05
5.53894e-05
1.4708e-05
1.44075e-05
1.97054e-05
3.37866e-05
7.95128e-05
0.00018656
9.2921e-05
0.000151189
5.04062e-06
6.52964e-05
1.30633e-05
6.78887e-05
5.1821e-05
4.24468e-06
7.92744e-05
6.68859e-05
5.54235e-05
1.60101e-05
3.16718e-05
1.55048e-05
6.32882e-05
3.59962e-05
1.25478e-05
3.22385e-06
5.07117e-05
3.39702e-05
2.06558e-05
3.22044e-05
3.73878e-05
7.6949e-05
7.12352e-05
8.09166e-05
5.26013e-05
7.59215e-05
4.11816e-05
2.21725e-05
2.09584e-05
5.47238e-05
4.75655e-05
4.30587e-05
5.3263e-05
8.60864e-05
6.87594e-05
0.000120442
1.95293e-05
7.5471e-05
5.89964e-05
8.4678e-05
3.48219e-05
0.000137789
7.40955e-05
3.96923e-05
2.49312e-05
3.74272e-05
5.18114e-05
4.30912e-05
6.55187e-05
3.78133e-05
5.30551e-05
4.53119e-05
2.444e-05
4.05725e-05
2.79882e-05
1.1143e-05
8.34088e-05
5.86107e-05
4.76426e-05
4.80894e-05
8.70787e-06
0.000124617
3.09611e-05
9.74365e-06
2.18334e-05
2.85471e-05
1.68708e-06
6.35064e-05
2.31587e-05
4.28656e-05
6.94986e-05
5.82201e-05
2.13127e-05
1.76615e-05
7.66081e-05
4.88465e-05
6.47464e-05
4.72394e-05
3.48218e-05
1.70946e-05
0
1.33981e-05
4.69813e-05
7.71721e-05
7.80679e-05
3.87301e-05
6.49113e-05
2.972e-05
4.59996e-05
7.62074e-05
6.40258e-05
2.06116e-06
2.40488e-05
5.66367e-05
3.21874e-05
1.09992e-05
4.78763e-05
5.12105e-05
1.20095e-05
4.16055e-05
7.46448e-05
4.35613e-05
2.61851e-05
1.27541e-05
2.55716e-05
2.17222e-05
6.50153e-05
7.51004e-05
3.59743e-05
2.39571e-05
2.5158e-05
1.20124e-05
5.14245e-05
3.70091e-05
6.58741e-05
3.37309e-05
5.34967e-05
2.29663e-05
4.0078e-05
0.000102379
1.0302e-05
3.18569e-05
8.02949e-05
3.57479e-05
2.67448e-05
7.81281e-05
3.43085e-05
5.43639e-05
0.000123166
4.10866e-05
8.15341e-05
4.25671e-05
0.000141246
1.04605e-05
0.000109173
4.2925e-05
5.45124e-06
8.96647e-05
1.93385e-05
1.13655e-05
4.94773e-05
6.29228e-06
0.000110509
2.31957e-05
1.30372e-05
3.61353e-05
5.96563e-05
3.56107e-05
6.37787e-05
4.05339e-05
5.96446e-05
5.08924e-05
2.49695e-05
6.34545e-05
4.69744e-05
2.96702e-05
3.94183e-05
6.68381e-05
4.03005e-05
3.41802e-06
5.55647e-05
7.28293e-05
3.23924e-05
8.14029e-05
0.000130868
3.07202e-05
2.25194e-05
3.9062e-05
1.49843e-05
5.85754e-05
0.000162201
2.79892e-05
5.77443e-05
8.99277e-05
6.07317e-05
4.29859e-05
6.43301e-05
7.34149e-06
0.000112451
2.39379e-05
2.88269e-05
9.51092e-06
1.54238e-05
1.17603e-05
4.79085e-05
7.10298e-05
9.84927e-05
2.51824e-05
0.000106734
6.52184e-05
3.18519e-05
5.81533e-05
2.18955e-05
3.61056e-05
4.8619e-05
6.04206e-05
3.83806e-05
6.90694e-05
4.58333e-05
2.64511e-05
4.05412e-05
4.60193e-05
4.55453e-05
1.96315e-05
2.54599e-05
3.38649e-05
5.24341e-05
3.83123e-05
6.0017e-05
3.1234e-05
2.91656e-05
2.73906e-05
5.12068e-05
0.00011104
4.17627e-05
2.13783e-05
3.98354e-05
0.000127768
2.8672e-05
9.63182e-05
3.76152e-05
8.33337e-05
1.24913e-05
5.08064e-05
5.61812e-05
0.000120164
3.81477e-05
8.96224e-05
5.78604e-06
4.78627e-05
2.50183e-05
4.91382e-05
7.18507e-05
4.47713e-05
6.18685e-05
3.28177e-05
4.83968e-05
4.53671e-05
2.02119e-05
2.86345e-05
1.56616e-05
3.43845e-05
8.62445e-05
5.68806e-05
4.30134e-05
3.18951e-05
4.95577e-05
6.74693e-05
4.9459e-05
3.84545e-05
2.44394e-05
4.88797e-05
2.10646e-05
0.000141597
3.10079e-05
5.09651e-05
6.8219e-05
2.62496e-05
6.05338e-06
2.25731e-05
3.78712e-05
5.00654e-05
2.53199e-05
0.000294727
4.58212e-05
7.17306e-05
5.05068e-05
7.73357e-05
6.08097e-06
2.83973e-05
6.83246e-05
3.45155e-05
9.43423e-05
4.946e-05
3.91713e-05
1.19238e-05
7.83025e-05
3.88988e-05
2.75816e-05
8.06624e-05
3.61848e-05
0.00011811
7.0414e-05
7.13783e-05
1.53856e-05
6.69373e-05
7.63384e-05
1.23494e-05
5.72277e-05
3.96641e-05
3.31782e-05
6.50862e-05
1.08029e-05
3.63528e-05
6.98317e-05
4.54985e-05
3.90243e-05
5.8799e-05
1.5805e-05
5.0659e-05
8.37228e-05
4.447e-05
5.41715e-06
2.73223e-05
2.44821e-05
7.36852e-05
1.04837e-05
6.71782e-05
2.31885e-05
3.72108e-05
7.0553e-05
2.50837e-05
4.74879e-05
1.71608e-05
1.12191e-05
6.84565e-05
1.38493e-05
4.77443e-05
5.76104e-05
6.27486e-05
5.80289e-05
2.24794e-05
3.72883e-05
2.39503e-05
3.88459e-05
5.20504e-05
7.10103e-05
7.35065e-05
0.000129288
3.86446e-05
5.25092e-06
4.11561e-05
7.17704e-06
5.91545e-05
7.81795e-05
7.76466e-06
5.17658e-05
3.6318e-05
9.47068e-06
2.61225e-05
0.000144731
2.31057e-05
0.000158808
9.55993e-05
2.85884e-05
6.70342e-05
0.000109612
5.5518e-05
1.25408e-05
6.57827e-05
0.000108856
5.76333e-05
3.55879e-05
3.94782e-05
7.10442e-05
3.69791e-05
6.79933e-06
2.04383e-05
2.62516e-05
6.60002e-05
4.34572e-05
2.98193e-05
2.10987e-05
3.42947e-05
7.84565e-05
5.44443e-05
4.44599e-05
0
6.93793e-05
5.06216e-05
2.27389e-05
9.79266e-05
6.17643e-05
2.15343e-05
6.67027e-05
3.60593e-05
2.89593e-05
2.57433e-05
1.2805e-05
3.17405e-05
2.08481e-05
6.07449e-05
8.21104e-06
3.72256e-05
2.87055e-05
1.97923e-05
0.000106138
3.79768e-05
8.91562e-05
6.92852e-05
7.79841e-06
1.78674e-05
1.54471e-05
4.26785e-05
2.23051e-05
5.96036e-05
2.54586e-05
1.69143e-05
2.84311e-05
6.31183e-05
2.58296e-05
4.58765e-05
2.20837e-05
1.14251e-05
0.000151594
8.60606e-05
4.4301e-05
1.97572e-05
1.1057e-05
8.67399e-05
1.93099e-05
2.58962e-05
4.85973e-05
9.12159e-05
1.76884e-05
3.77713e-05
5.93615e-05
7.11436e-05
4.03427e-05
8.35121e-05
2.05921e-05
1.99663e-05
3.22722e-06
8.50666e-06
2.68762e-05
8.1228e-05
1.04017e-05
6.94077e-05
4.43675e-05
7.60213e-05
5.6376e-05
5.84375e-05
1.35818e-05
2.25659e-06
1.34081e-05
4.51344e-05
3.72802e-05
3.92661e-05
2.40162e-06
4.1359e-05
6.28365e-05
4.62871e-05
2.09845e-05
3.31025e-05
5.72227e-05
6.99713e-05
2.64219e-05
7.99665e-05
4.18246e-05
5.03646e-05
3.46808e-05
2.93527e-05
3.46312e-05
4.49245e-05
2.3747e-05
8.03805e-06
8.02977e-05
0.000120225
0.00011769
5.65621e-05
2.8207e-05
2.10647e-05
6.57894e-05
1.21041e-05
1.96993e-05
7.59692e-05
2.41797e-05
1.26445e-05
2.65437e-05
2.73961e-05
4.7408e-05
4.72912e-05
6.02021e-05
5.27583e-05
5.6388e-05
2.88337e-05
5.00265e-05
6.43414e-05
5.61031e-05
7.18949e-05
6.70972e-05
4.786e-05
2.62413e-05
5.07006e-05
1.60291e-05
3.71939e-05
1.11977e-05
5.45954e-05
9.62567e-05
3.31812e-05
3.7371e-05
3.48412e-05
8.70353e-05
2.35671e-05
4.18864e-05
5.18994e-05
1.98486e-05
5.0092e-06
1.09809e-05
1.11312e-05
7.72606e-05
4.68795e-05
1.37915e-05
5.81303e-06
4.86087e-05
3.81801e-05
0.00012546
5.93823e-05
6.16684e-05
1.29729e-05
1.75597e-05
5.22162e-05
1.86182e-05
3.21107e-05
5.64386e-05
1.81374e-05
2.33756e-05
6.77213e-05
8.92208e-05
3.33832e-05
2.4066e-05
0.000150481
3.96364e-05
6.56692e-05
8.37133e-05
6.82477e-05
4.75386e-05
6.16661e-05
6.6048e-05
2.0535e-05
3.794e-05
3.9876e-05
7.67845e-05
9.36503e-05
2.70371e-05
4.93312e-05
9.31099e-05
9.26564e-06
1.11131e-05
2.41859e-05
0.000109691
1.90088e-05
7.4283e-06
7.34783e-05
0.000101594
6.77477e-05
2.45234e-05
3.48048e-05
5.3927e-05
3.72875e-05
5.08614e-05
7.97037e-05
6.38822e-05
9.91234e-06
5.55268e-06
1.59091e-05
8.77956e-05
4.30771e-06
8.8019e-06
4.70222e-05
6.51545e-05
0.000130589
4.94866e-05
5.15429e-05
6.14863e-05
2.46422e-05
0.000111718
2.8833e-05
1.71153e-05
0.000268492
4.1244e-05
1.70156e-05
0.000102789
5.09149e-05
3.16187e-05
3.47907e-05
7.04029e-06
8.09424e-05
2.226e-05
1.21486e-05
4.36266e-05
3.69609e-05
0.000129307
2.27792e-05
1.67739e-05
0.000117018
2.43289e-05
8.66547e-05
3.11726e-05
1.89218e-05
4.97937e-05
1.10244e-05
4.94841e-05
6.03388e-05
2.395e-05
4.74471e-05
1.90986e-05
4.03439e-05
7.80922e-06
6.01131e-05
4.01136e-05
6.1463e-05
2.60525e-05
7.47306e-05
3.4691e-05
6.03987e-05
1.46682e-05
6.60638e-05
7.60359e-05
1.31094e-05
5.59377e-05
7.6325e-05
7.00142e-05
8.66917e-05
4.57976e-05
6.94242e-05
3.62497e-05
2.55145e-05
3.70486e-05
0.000161163
6.01192e-05
2.76116e-05
4.06556e-05
3.2807e-05
3.20617e-05
8.25343e-05
2.1374e-05
2.97252e-05
6.53127e-05
3.38935e-05
1.73209e-05
5.02887e-05
3.05004e-05
9.30406e-05
2.35323e-05
1.2216e-05
2.92351e-05
1.38319e-05
4.50142e-05
2.38774e-05
7.26974e-05
2.91914e-05
1.11196e-05
7.30945e-05
2.1877e-05
3.36178e-05
5.67816e-05
5.47444e-05
9.50084e-05
3.20709e-05
7.7849e-05
2.29197e-05
3.87047e-05
6.54807e-05
2.9028e-05
8.8199e-06
1.87556e-05
3.07652e-05
6.66629e-05
1.76019e-05
3.87772e-05
7.35015e-05
6.32834e-05
6.13433e-05
1.62412e-05
3.52982e-05
3.9708e-06
4.63527e-05
1.3652e-05
3.9286e-05
3.48397e-05
2.07234e-05
3.18982e-05
3.3197e-05
2.59357e-05
8.81502e-05
4.26697e-05
4.85375e-05
2.793e-05
9.2395e-05
1.70699e-05
0.000132548
3.97534e-05
2.34399e-05
5.76337e-05
2.5086e-05
5.8498e-05
3.84478e-05
2.67903e-05
7.47651e-05
3.27351e-05
1.82349e-05
0.000100735
4.86514e-05
2.28856e-05
3.16014e-05
3.85445e-05
5.48756e-05
7.55506e-05
1.47104e-05
2.28491e-06
4.19735e-06
6.38711e-05
0.000109731
5.61083e-05
3.40887e-05
4.55591e-05
5.56664e-05
4.98308e-05
0.000134329
4.78409e-05
5.44529e-05
2.82707e-05
4.7425e-05
5.34077e-05
1.93155e-05
4.0201e-05
9.44643e-06
7.7253e-05
2.05212e-05
0.000132392
1.23256e-05
8.32358e-05
3.21221e-05
8.74909e-05
9.13018e-05
3.86015e-05
3.11205e-05
4.03379e-05
2.26674e-05
3.76027e-05
0.00011464
1.78508e-05
2.58913e-05
7.53592e-05
2.03564e-05
4.60641e-05
2.58441e-05
6.21919e-05
5.33641e-05
7.91869e-06
6.60055e-05
1.52578e-05
3.78487e-05
3.47562e-05
2.83307e-05
3.25769e-05
3.06162e-05
2.7028e-05
2.10477e-05
0.000115716
7.42021e-05
3.57848e-05
4.51557e-05
5.52339e-05
6.51235e-06
3.75268e-05
3.48571e-05
5.08202e-05
7.01547e-05
1.95692e-05
0.000110715
0.000112165
6.24056e-05
7.31178e-05
6.25924e-05
4.77657e-05
2.56474e-05
2.33637e-05
3.38182e-05
3.49694e-05
3.96913e-05
2.91533e-05
3.28384e-05
0.000163701
3.08331e-05
2.10747e-05
0.000103164
3.42103e-05
6.68662e-05
0
2.84344e-05
3.53328e-06
6.94341e-05
7.87515e-05
3.61397e-05
4.34856e-05
3.70836e-05
3.51496e-05
3.46156e-05
0.000110007
4.55896e-05
4.67917e-06
2.87314e-05
4.67557e-05
7.49527e-06
4.69656e-06
4.34905e-05
4.78765e-05
0.000102461
5.31704e-05
1.5008e-05
9.65863e-05
6.74717e-06
8.59821e-05
5.95838e-05
0.000116275
4.75498e-05
4.42127e-05
8.21868e-05
3.0909e-05
2.36782e-05
4.66165e-06
4.57535e-05
4.85359e-05
4.48596e-05
1.27468e-05
4.00976e-05
2.71569e-05
9.38202e-06
5.69699e-06
4.14909e-05
8.30813e-05
5.81643e-05
1.38083e-05
8.64603e-05
1.57418e-05
2.00629e-05
3.85292e-05
9.49093e-05
2.23204e-05
6.23824e-05
1.52342e-05
4.38791e-05
8.92611e-05
4.29219e-05
4.2623e-05
4.03546e-05
5.1101e-05
3.29601e-05
5.39897e-05
4.50769e-05
5.07544e-05
3.65977e-05
4.21584e-05
2.24451e-05
6.60787e-05
6.70138e-05
8.96373e-05
2.70193e-05
4.28497e-05
8.11797e-05
3.72043e-05
1.98794e-05
3.4752e-05
1.32426e-05
1.61195e-05
4.99764e-05
6.04154e-05
5.51802e-05
3.45366e-05
5.58685e-05
0.000119423
6.41554e-05
2.82088e-05
0.00011752
5.04518e-05
0.000120504
9.22344e-05
3.89451e-05
6.20957e-05
7.01363e-05
8.74388e-05
3.66855e-05
3.11687e-05
9.1827e-05
2.91378e-05
2.32e-05
6.4049e-05
5.38565e-05
1.74712e-05
6.66922e-05
5.18579e-05
2.70446e-05
2.67673e-05
9.60201e-06
2.14839e-05
2.91498e-05
2.89925e-05
5.15924e-05
0.000126791
2.18368e-05
3.97934e-05
3.12077e-05
2.57933e-05
5.08972e-05
4.01911e-05
4.76026e-05
8.35309e-05
1.2107e-05
4.58344e-05
4.3792e-05
2.91622e-05
1.96231e-05
2.60311e-05
5.16078e-05
5.19331e-05
7.97602e-05
5.64015e-05
9.11367e-05
6.19593e-06
3.91981e-05
5.06186e-05
6.42104e-05
1.86224e-05
8.46814e-06
1.09136e-05
3.24783e-05
1.12816e-05
5.89781e-05
0.000100197
9.46692e-05
4.49808e-05
5.0786e-05
3.98087e-05
5.6153e-05
5.86749e-05
7.13038e-05
6.25475e-05
1.8956e-05
1.59642e-06
1.38798e-05
2.9986e-05
2.92485e-05
2.91784e-05
2.15911e-05
4.6073e-06
2.38576e-05
