0.00430238
0.00422736
0.0034758
0.0044752
0.00437362
0.00368905
0.00336866
0.00429727
0.00352465
0.00361671
0.0040347
0.003602
0.0034278
0.00374482
0.00371941
0.00276256
0.00314273
0.00327182
0.00431683
0.00349146
0.00429077
0.00341435
0.00389789
0.00300167
0.00363156
0.00347962
0.0038231
0.0039551
0.00306981
0.00427262
0.00379356
0.00481115
0.00364025
0.00374108
0.00304192
0.00339746
0.00361434
0.00324259
0.00410259
0.0030685
0.00407577
0.00334734
0.00319039
0.0039344
0.00413951
0.0038858
0.00370739
0.0037122
0.00391132
0.0032578
0.00492613
0.00352768
0.00358936
0.00325681
0.00375304
0.00340992
0.0039157
0.00393312
0.00332225
0.00423602
0.00319708
0.00454074
0.00385512
0.00333481
0.00360717
0.00433498
0.00344044
0.0032493
0.00311434
0.00301061
0.00397598
0.0048911
0.00344913
0.0037014
0.00371909
0.00390912
0.00319125
0.00318852
0.00380048
0.00320809
0.00299811
0.00373567
0.00390998
0.00331224
0.00315969
0.00371608
0.00431415
0.00392375
0.00347092
0.00464589
0.00320303
0.00356822
0.00361215
0.00354044
0.00431284
0.00289717
0.00406465
0.00349228
0.00339664
0.00331168
0.00382782
0.00316203
0.00305118
0.00361899
0.00378292
0.00409414
0.00321598
0.00398718
0.00350863
0.00342456
0.00528021
0.00359542
0.00406801
0.00374405
0.00338202
0.00343404
0.00446245
0.00422353
0.00383897
0.00290492
0.00363165
0.00334384
0.00295515
0.00428646
0.00363494
0.0040999
0.00375914
0.00442592
0.00305261
0.00333851
0.00352373
0.00323326
0.00447299
0.00373392
0.00350524
0.00323056
0.00395709
0.00334846
0.00367508
0.00331681
0.00339819
0.00362249
0.00362469
0.00408001
0.00394318
0.00391318
0.00367864
0.0043043
0.00387578
0.00331368
0.00329907
0.00339528
0.00283993
0.00385271
0.00364782
0.00302395
0.00357781
0.00333052
0.00342999
0.00431323
0.00392702
0.0032595
0.00353402
0.0030312
0.00356405
0.00336571
0.00357361
0.00279702
0.00332421
0.00347538
0.00305938
0.00399754
0.00356214
0.00398609
0.00426624
0.00397034
0.00476089
0.00442501
0.00419959
0.00494208
0.00451482
0.00400957
0.00287049
0.00371314
0.00261533
0.00385791
0.00255098
0.00316562
0.00308314
0.00326925
0.00372957
0.00374087
0.00358743
0.00323036
0.00347232
0.00350802
0.00322488
0.00374756
0.00335156
0.00343429
0.00408605
0.00406378
0.00358639
0.0038873
0.00338194
0.00446693
0.00450738
0.00327915
0.00344292
0.00356075
0.00261243
0.00472905
0.00374989
0.00404316
0.00457305
0.00370042
0.00433929
0.00371402
0.00382106
0.00283328
0.0045468
0.00429466
0.00423914
0.00385835
0.00330753
0.00343875
0.00327451
0.00416191
0.00376272
0.00356052
0.00363767
0.00329825
0.0035095
0.00384314
0.00405517
0.00360328
0.00302796
0.00337683
0.00409501
0.00321423
0.00391371
0.00368042
0.00327367
0.00405953
0.00374142
0.00334066
0.00283788
0.00353347
0.00371276
0.00367178
0.00426393
0.00311366
0.00373917
0.00393935
0.00357653
0.00413215
0.00342672
0.00289367
0.00448637
0.00396132
0.00420188
0.00396602
0.00412011
0.00386667
0.00428443
0.00400275
0.0044349
0.00404564
0.00368215
0.00306123
0.00265952
0.0039035
0.0026818
0.00331028
0.0032989
0.00345296
0.0034049
0.00410866
0.00289372
0.00324252
0.00411186
0.00321229
0.0030886
0.00326612
0.0037452
0.00349567
0.00400569
0.00326844
0.00305665
0.00302703
0.00355895
0.00344704
0.00349697
0.00357611
0.00381294
0.00373776
0.00340224
0.00313757
0.0028689
0.00391212
0.00323688
0.00345181
0.00374282
0.00331883
0.00342129
0.00372591
0.00379768
0.00304505
0.00351203
0.00387005
0.00381582
0.0044534
0.00333484
0.00405439
0.00388836
0.00399927
0.00403263
0.00395762
0.00354155
0.00292642
0.00338952
0.00317709
0.00393156
0.00420745
0.00464194
0.0038321
0.003634
0.00371575
0.00434284
0.00355782
0.00294364
0.00296437
0.00352574
0.0034585
0.00369686
0.00301306
0.00347361
0.00367558
0.00348896
0.00427618
0.00397515
0.00316336
0.00437729
0.00366986
0.0045423
0.0042556
0.00383371
0.00319924
0.00344472
0.00341878
0.00348418
0.00309556
0.00305722
0.00357649
0.00413503
0.00407786
0.0037927
0.00522776
0.00417224
0.00319948
0.00291106
0.00400028
0.00311056
0.00385498
0.00420132
0.00384718
0.00348745
0.00364195
0.00453256
0.00388102
0.0045986
0.00327529
0.00327132
0.00388054
0.00389053
0.00373843
0.00329177
0.00394357
0.00447382
0.00376665
0.00357861
0.00399555
0.00272313
0.00375843
0.00348351
0.00387373
0.00314525
0.00348269
0.00374478
0.00505822
0.00329659
0.00304265
0.00298943
0.00398205
0.0028561
0.00295092
0.00432461
0.00291262
0.00371473
0.00407839
0.00395054
0.00334634
0.00354127
0.00412061
0.00362759
0.00353639
0.00288732
0.00337751
0.00345361
0.00299194
0.00345689
0.00407723
0.00385777
0.00374589
0.0041863
0.00371674
0.00366624
0.00312808
0.00414822
0.00408093
0.0033782
0.00286345
0.00407726
0.00391898
0.00339709
0.00380945
0.00327753
0.00448787
0.00327805
0.0034281
0.00291805
0.00345081
0.00349404
0.00357167
0.00362779
0.0031584
0.00367611
0.00361394
0.00420257
0.00360775
0.00391009
0.0029487
0.00367597
0.00311807
0.00411842
0.00342329
0.00357069
0.003936
0.00369337
0.00349195
0.00268217
0.00397373
0.00331885
0.00388513
0.00343269
0.00383724
0.00373424
0.00412705
0.00421148
0.00351727
0.00300583
0.00315669
0.0031873
0.00409728
0.00292262
0.00411924
0.00422272
0.00402922
0.00265525
0.00281176
0.00414467
0.00322672
0.003019
0.00364298
0.00353289
0.00404335
0.00356639
0.00371344
0.00334932
0.00421421
0.00314838
0.00367204
0.00335413
0.00342526
0.00369367
0.00341695
0.00423312
0.00349919
0.00334433
0.00389961
0.00506765
0.00309446
0.0039356
0.00387571
0.00407012
0.0035219
0.0035109
0.00306515
0.00343502
0.00323599
0.0035448
0.00321763
0.00446496
0.00411197
0.00502452
0.0037582
0.00345027
0.00378895
0.00369806
0.00342514
0.00364671
0.00400102
0.00363607
0.00390692
0.00304963
0.00352756
0.00333081
0.00346253
0.00438323
0.00371523
0.00372919
0.00399088
0.00401452
0.00328351
0.00338251
0.00310431
0.00347944
0.0035382
0.00346423
0.00514291
0.0040929
0.00372377
0.00373952
0.00305277
0.00308803
0.00300934
0.00335567
0.00392151
0.00403573
0.00372047
0.00352887
0.00426551
0.00356896
0.00344943
0.00383422
0.00415668
0.00405042
0.00393852
0.00393025
0.00340158
0.00349902
0.00241954
0.00441224
0.00433293
0.00380412
0.00424545
0.00416996
0.00365356
0.00418345
0.00389327
0.00366269
0.0038723
0.00308743
0.00377136
0.00321067
0.00306342
0.0038449
0.00305292
0.00361983
0.00392131
0.00350524
0.00476834
0.00349076
0.00441132
0.00407981
0.00300122
0.00322783
0.00296443
0.00325296
0.00401095
0.00306178
0.00374164
0.00377281
0.0033363
0.00356356
0.00387269
0.00267186
0.00291369
0.0032716
0.00410645
0.00295858
0.00438805
0.00430048
0.00325147
0.00358788
0.00367543
0.00458982
0.00379753
0.00403533
0.00450823
0.00332609
0.00433348
0.00413095
0.00506004
0.00362057
0.0042177
0.00347889
0.00371283
0.00323804
0.00407205
0.00400811
0.00305718
0.00370078
0.00363222
0.00349105
0.00374889
0.00470695
0.00407364
0.00296009
0.00352065
0.00387486
0.00339449
0.00325656
0.00362955
0.00319875
0.00377906
0.00369073
0.00454005
0.00344833
0.00309789
0.00348815
0.00359631
0.00381566
0.00439407
0.00324202
0.00332604
0.00451561
0.00380604
0.00412803
0.0032424
0.00380721
0.00397941
0.00347518
0.00250625
0.0044521
0.00443031
0.00388954
0.0032535
0.00331361
0.00363273
0.00393365
0.00426635
0.00459133
0.00325432
0.00422669
0.00327604
0.0039448
0.00417627
0.00403956
0.00382594
0.00288365
0.00304157
0.00348711
0.00310278
0.00321095
0.0042153
0.0041345
0.00316935
0.00339275
0.00395025
0.00393327
0.00368865
0.00345595
0.00350012
0.00329335
0.00452485
0.00293383
0.00352277
0.00371626
0.00352257
0.00251101
0.0032317
0.003026
0.00368667
0.00394246
0.00448787
0.00369471
0.00297624
0.00345273
0.00433914
0.00378644
0.00431429
0.00341446
0.00391994
0.00320703
0.00297663
0.00357673
0.00318756
0.003201
0.00338331
0.00402072
0.00393967
0.0038165
0.00389988
0.00328071
0.00309601
0.00359964
0.00364605
0.00423389
0.00360505
0.00510059
0.00287747
0.00441691
0.00348295
0.00407349
0.00349118
0.00309019
0.003542
0.00313299
0.00328866
0.00326363
0.00424696
0.00348508
0.00326297
0.00278914
0.00424752
0.00412257
0.00381026
0.00326181
0.00345517
0.00417446
0.00385158
0.00278512
0.00386298
0.0028896
0.00308553
0.003509
0.00320541
0.00379281
0.00357599
0.00413634
0.0032368
0.00377829
0.00474471
0.00306498
0.00361484
0.00432225
0.00358583
0.00374154
0.00371408
0.00415546
0.003741
0.0031408
0.00328867
0.00361164
0.00327431
0.00454703
0.0039153
0.00339154
0.00323127
0.00357739
0.00326679
0.00344606
0.00439984
0.00417491
0.00326671
0.00330369
0.0029447
0.00356518
0.0034532
0.00421982
0.00303346
0.00328733
0.00274654
0.00272223
0.00347961
0.00324119
0.00352136
0.00293236
0.00382313
0.00419134
0.00394445
0.00431601
0.0036589
0.00463168
0.00445643
0.00395329
0.00257592
0.00419484
0.00425603
0.00339861
0.00424025
0.00330873
0.00402256
0.00299634
0.00386917
0.00332169
0.0033619
0.003655
0.00359488
0.00349563
0.00368488
0.00337823
0.00368556
0.00319013
0.00344774
0.00373326
0.0043309
0.00419897
0.00316636
0.00410897
0.00388331
0.004618
0.00286594
0.00399334
0.00301876
0.00376218
0.00356578
0.00389666
0.00303572
0.00300057
0.00364166
0.00358096
0.00345645
0.00358581
0.00320831
0.00398455
0.00326865
0.00327842
0.00405709
0.00333342
0.00376397
0.00347037
0.00286984
0.00415821
0.0038817
0.00365884
0.00355884
0.00386092
0.00359781
0.00309316
0.00343433
0.00324935
0.00524302
0.00356036
0.00356287
0.00385097
0.00432822
0.00424922
0.00358222
0.00360156
0.0036518
0.00269958
0.00397859
0.0039547
0.00269783
0.00348125
0.00463217
0.00335337
0.00565253
0.00363192
0.00440133
0.00301749
0.00340588
0.00405393
0.00377361
0.00350255
0.00378536
0.00359237
0.0028895
0.00308031
0.00377461
0.0035089
0.00441212
0.00313092
0.00382279
0.00445502
0.00350025
0.00367556
0.00371491
0.00304295
0.00388708
0.00373793
0.00324262
0.00394536
0.00315457
0.00415091
0.00316909
0.00461558
0.0036313
0.00316634
0.00380872
0.00366067
0.00320557
0.00356993
0.00377657
0.00336857
0.00334995
0.00437394
0.00268547
0.00331918
0.0028367
0.00368627
0.00360244
0.00357713
0.00367582
0.00395076
0.00379572
0.00302537
0.00389029
0.00360657
0.00341685
0.00409768
0.00434914
0.00410021
0.0036204
0.00324249
0.00380285
0.00368365
0.00394831
0.00294096
0.00349997
0.0042232
0.00403426
0.00299958
0.00290703
0.00359021
0.00291431
0.00399244
0.00408671
0.00384696
0.00358745
0.00439224
0.00399489
0.00369438
0.00330694
0.00378788
0.00350649
0.00350663
0.00344241
0.0036938
0.00267448
0.00321835
0.00340876
0.00342544
0.00354749
0.00369709
0.00314761
0.003281
0.00361043
0.00369692
0.00399014
0.00339938
0.00438801
0.00356731
0.00306031
0.00384314
0.0044186
0.00343851
0.00315688
0.00393691
0.00370025
0.00323088
0.00314376
0.00363086
0.00385756
0.00419504
0.00319832
0.0030905
0.00395846
0.00370393
0.00361766
0.00532446
0.00315836
0.00293673
0.00395716
0.00405341
0.0027075
0.00440531
0.00368587
0.003485
0.00323851
0.00296605
0.00310839
0.00391617
0.00434975
0.00341355
0.00482416
0.00363398
0.00370328
0.00460374
0.0037312
0.00335752
0.00460206
0.00393287
0.00326108
0.00367878
0.00370493
0.00322368
0.00371298
0.0037846
0.00400805
0.00332609
0.00378635
0.0038331
0.00465875
0.00357021
0.00341151
0.0038999
0.0036613
0.00334122
0.00417593
0.00497021
0.00451
0.00345502
0.00341611
0.00317418
0.00365297
0.00366653
0.00380828
0.00360836
0.00366829
0.00288478
0.00353507
0.00371936
0.00324773
0.00335125
0.00344716
0.00319921
0.00387389
0.00305661
0.00301661
0.0038855
0.00366817
0.00367011
0.00302798
0.00329388
0.00385598
0.00422159
0.00379999
0.00375037
0.00389716
0.00387581
0.00359031
0.00304852
0.0035725
0.00386333
0.00491713
0.00387528
0.0042444
0.0036907
0.00527311
0.00397145
0.00353655
0.00396797
0.00523667
0.00347329
0.0033881
0.00281804
0.00352214
0.00396292
0.00371478
0.00294165
0.00353846
0.00321106
0.00342755
0.00317003
0.00347953
0.00377484
0.00338952
0.00322551
0.0039932
0.00365282
0.00302833
0.0034951
0.00290829
0.00337112
0.00331707
0.00272332
0.00287235
0.00485313
0.00319351
0.00368768
0.00349094
0.00441272
0.00415755
0.00305308
0.00357346
0.00423885
0.0040436
0.00378807
0.00389139
0.00349505
0.00388371
0.00356266
0.00343865
0.00331268
0.00381103
0.00358149
0.00407843
0.00410962
0.00404445
0.00344574
0.00382781
0.00375738
0.00413386
0.00310909
0.00404034
0.00322697
0.00317447
0.00379738
0.00333081
0.00530862
0.00310259
0.0029932
0.00379171
0.00331307
0.00324784
0.00398967
0.00414751
0.00315641
0.00383911
0.00417931
0.00314209
0.00357425
0.00340086
0.00369774
0.00333209
0.00328747
0.00427024
0.00322595
0.00426866
0.00322604
0.00315618
0.0031638
0.00371845
0.00343578
0.00384863
0.00261227
0.00356227
0.00315653
0.00331156
0.00384772
0.00336714
0.00314149
0.0038625
0.00393171
0.00337525
0.00332421
0.00334074
0.00333675
0.00363623
0.00302017
0.00392672
0.00300169
0.00366836
0.00406366
0.00418147
0.00367568
0.0034852
0.00314114
0.00391552
0.00319864
0.00347714
0.00332245
0.00343336
0.00327319
0.00361276
0.00391578
0.00357211
0.00393605
0.00318395
0.00477807
0.00381973
0.00353504
0.00349356
0.00457621
0.00375262
0.00372682
0.00399952
0.00289055
0.00413165
0.00344575
0.00428939
0.00294466
0.0037874
0.00361849
0.00288203
0.00312671
0.00358742
0.00365011
0.00358637
0.00445984
0.0036482
0.00409767
0.00380299
0.00306424
0.00363801
0.00384031
0.0029842
0.00354003
0.00318836
0.00343176
0.00408793
0.00313913
0.00404329
0.00428082
0.00362932
0.00306545
0.00363656
0.00337485
0.00304202
0.00343617
0.00349686
0.0038355
0.00407546
0.00348129
0.00311398
0.00384032
0.00304368
0.00312954
0.00319614
0.00277188
0.00323639
0.00362378
0.00317797
0.0029894
0.00369717
0.0045752
0.00405151
0.00349342
0.00352041
0.00351086
0.00389128
0.00297335
0.00425572
0.003575
0.00468437
0.00336346
0.00323233
0.00450956
0.00344171
0.00414683
0.0043713
0.00397969
0.00309317
0.00372489
0.00394406
0.00325971
0.00327833
0.00344745
0.00323667
0.00368308
0.003377
0.00311318
0.00395143
0.00335613
0.00300311
0.00346
0.00365709
0.00327442
0.0036449
0.00293669
0.00354913
0.00398949
0.00289753
0.00264019
0.00297366
0.00368261
0.0040276
0.00342072
0.00341443
0.00355924
0.00289007
0.00346424
0.00331289
0.00406272
0.00331275
0.00310914
0.00346932
0.00390215
0.00448769
0.00406251
0.00367346
0.0036152
0.0036955
0.00394069
0.00362527
0.00378973
0.00374653
0.0038792
0.0029097
0.00494399
0.00340797
0.00360857
0.00354926
0.00297993
0.0033702
0.00384847
0.00404044
0.00379946
0.00331093
0.00407775
0.00388832
0.00347423
0.00278885
0.00315121
0.00292838
0.00339793
0.00403169
0.00353511
0.00334374
0.00334804
0.0043716
0.00325544
0.00416165
0.00319724
0.00420123
0.00401754
0.0034634
0.00347873
0.0030909
0.00349315
0.00393941
0.00356773
0.00311174
0.00365571
0.00431931
0.00292774
0.00337656
0.00353713
0.00351646
0.0029367
0.00359455
0.00370291
0.00406028
0.00317141
0.00480602
0.00409293
0.00368273
0.00355075
0.00425695
0.00299931
0.00427174
0.00299626
0.00273292
0.00385094
0.00323199
0.00427215
0.00339367
0.00365992
0.00447421
0.00361591
0.00406381
0.00361687
0.00436715
0.0035971
0.00371187
0.0035177
0.00302393
0.00343366
0.00274887
0.00394195
0.00305135
0.00328813
0.00462827
0.0045217
0.00418404
0.00372214
0.00297111
0.00480541
0.00326789
0.00411505
0.00333098
0.00421246
0.00394085
0.00371623
0.00348436
0.0037317
0.00416861
0.00328617
0.00282472
0.00345833
0.00350389
0.00372442
0.00374843
0.00323812
0.00395412
0.00390126
0.0028384
0.00388394
0.0049906
0.00393687
0.00364049
0.00341035
0.00340559
0.00378774
0.00402278
0.00363714
0.00361929
0.00345873
0.00352067
0.00362835
0.00337444
0.00286176
0.00369778
0.00351974
0.00345564
0.00412056
0.00408914
0.00474364
0.00392138
0.00379899
0.00380633
0.00341305
0.00342924
0.00430925
0.00353147
0.00311343
0.00386327
0.00414915
0.00338716
0.00316326
0.00404493
0.00412454
0.0034955
0.00363946
0.00417858
0.00363911
0.00331515
0.00387511
0.00309313
0.00343207
0.00398915
0.00330587
0.00347583
0.00323916
0.00381034
0.00383979
0.00385252
0.00357587
0.00381127
0.00334379
0.00457055
0.00321245
0.00368065
0.00344242
0.00433379
0.00310606
0.00282736
0.00349695
0.00400062
0.0033959
0.00398418
0.00361404
0.00367351
0.00371855
0.00346563
0.00341963
0.00336393
0.00389937
0.00418166
0.00412255
0.0032302
0.00436407
0.00358087
0.0033206
0.00385304
0.00337683
0.00474211
0.00344053
0.00415103
0.00378568
0.00328838
0.00445032
0.00302694
0.0034407
0.00351759
0.00392428
0.00369724
0.00422736
0.00339704
0.0032609
0.003489
0.00360882
0.00327303
0.0039088
0.00380046
0.00336519
0.00355248
0.00433608
0.00300114
0.003832
0.00377796
0.00375151
0.0039366
0.00407177
0.00366904
0.00298026
0.00419156
0.00371489
0.00405255
0.00386632
0.00389916
0.00418485
0.00445596
0.00373785
0.00385997
0.00426101
0.00284939
0.00369575
0.00298719
0.00379741
0.00381139
0.00369212
0.00336418
0.00415395
0.00354861
0.00401393
0.00411081
0.00388725
0.00408727
0.0045901
0.00313381
0.00307081
0.00391834
0.00371394
0.0040442
0.00414408
0.0035421
0.00429942
0.00417966
0.00315593
0.00413827
0.00445294
0.00398911
0.00304307
0.0032727
0.00368236
0.00319407
0.00484387
0.00378311
0.00339809
0.00451501
0.00369948
0.00287142
0.0030499
0.00351035
0.0037786
0.00338176
0.00311091
0.00333411
0.00443018
0.00399119
0.00310667
0.00357162
0.00405829
0.00401793
0.00372147
0.00345648
0.00358211
0.00402135
0.00330342
0.00425385
0.00397625
0.00435866
0.00345364
0.00325554
0.0039264
0.00395759
0.00329401
0.00351005
0.00464227
0.00401468
0.00424724
0.00375371
0.00435238
0.00334802
0.00404391
0.00344041
0.00303287
0.00372531
0.00457636
0.00337638
0.00382898
0.00344913
0.00389814
0.00319208
0.00334209
0.00347256
0.00337784
0.00425006
0.0026114
0.00325997
0.00275172
0.00391669
0.00414394
0.00496918
0.0032098
0.0038513
0.00348469
0.00423628
0.0042296
0.00380331
0.00323989
0.00352461
0.00320156
0.00386769
0.00265011
0.00346775
0.00458009
0.00322788
0.00337145
0.00360534
0.00370389
0.00330555
0.00348328
0.00349215
0.00366327
0.00298626
0.0033908
0.00319464
0.00340988
0.00380453
0.00403797
0.00498457
0.00412108
0.00449277
0.0042792
0.00352258
0.0043896
0.00296877
0.00344342
0.00348187
0.00378822
0.00301939
0.00321313
0.00356923
0.0038151
0.00431067
0.00346896
0.00459138
0.00367101
0.00396595
0.00351692
0.00338787
0.00372657
0.0035812
0.00299405
0.00349805
0.0031371
0.00362089
0.0035898
0.00332665
0.00384078
0.00355458
0.00422551
0.00361129
0.00386537
0.00352092
0.00491785
0.0030066
0.00387189
0.00350504
0.00484618
0.00326746
0.00362424
0.0038748
0.00310225
0.003286
0.00349993
0.00413636
0.0032925
0.00356999
0.00391177
0.00381449
0.0031361
0.0044216
0.00341754
0.00383029
0.00354959
0.00391058
0.00475725
0.00422234
0.00385276
0.00395081
0.00388361
0.0044371
0.0037849
0.00366784
0.00341392
0.00349868
0.00361311
0.00344877
0.00369845
0.00386261
0.00304508
0.00330651
0.0035643
0.00385136
0.00310186
0.0035516
0.00337641
0.0030997
0.00312505
0.0035165
0.00258556
0.00430805
0.00400732
0.00349957
0.00309508
0.00277555
0.0034468
0.00344501
0.00316554
0.00381664
0.00312229
0.00393356
0.00348443
0.00379063
0.0035678
0.00413945
0.00320174
0.00386427
0.00342179
0.00342234
0.00308779
0.00305558
0.0029753
0.00336572
0.00341218
0.00329718
0.00372357
0.00462811
0.00460175
0.00314771
0.00344456
0.00361976
0.00362113
0.00385067
0.00407496
0.00339935
0.00379486
0.00386152
0.00340337
0.00396227
0.00340787
0.00348883
0.00335464
0.00315935
0.00405697
0.00418707
0.00391159
0.00398032
0.00319004
0.00434452
0.00338797
0.00436237
0.00474586
0.00436066
0.00302168
0.00473417
0.00370382
0.00343404
0.0033142
0.00347661
0.00327874
0.00373983
0.00402839
0.00359371
0.00330018
0.00283206
0.00304372
0.00338615
0.00314806
0.00354139
0.00410662
0.00301912
0.00347937
0.00290291
0.00390683
0.00410126
0.0037125
0.00294744
0.00283895
0.00409533
0.0036336
0.00414398
0.00367274
0.00409991
0.00314927
0.00326079
0.00323543
0.00351316
0.00311936
0.00353377
0.00320646
0.00325206
0.0036545
0.00297121
0.00337694
0.00360693
0.00462977
0.00354808
0.00406029
0.00335241
0.00328763
0.00363349
0.00384524
0.00382977
0.00388992
0.00373161
0.00388612
0.00406515
0.00424908
0.00424086
0.00359527
0.00403897
0.00373991
0.00383893
0.00290198
0.0031348
0.00393334
0.00370972
0.00342882
0.00327026
0.00300695
0.00249496
0.0038871
0.00443908
0.00289441
0.00380765
0.00405036
0.00436713
0.00428696
0.00413884
0.00359478
0.00309465
0.00419247
0.00297135
0.00379335
0.00510482
0.00368674
0.00315033
0.00315415
0.00374722
0.00364338
0.00309994
0.0034042
0.00339256
0.00350001
0.00318794
0.00355999
0.00349335
0.00304258
0.00365129
0.00370004
0.00408959
0.00332921
0.00424889
0.00355858
0.0031334
0.00324666
0.00295081
0.00385197
0.00375386
0.00329364
0.0031391
0.00382644
0.00360029
0.00337878
0.00308135
0.00307572
0.00396501
0.00376417
0.00333916
0.00367511
0.00340173
0.00337351
0.00362733
0.00279409
0.00320008
0.00390172
0.00317617
0.00392958
0.00343043
0.00385517
0.00362516
0.00303076
0.00333645
0.00341831
0.00439752
0.0027885
0.0031433
0.00295246
0.0037094
0.00309176
0.00359453
0.00391992
0.00361282
0.0035286
0.00320539
0.00417909
0.00397074
0.00326569
0.00350165
0.00416787
0.00397133
0.00400094
0.00313397
0.00315972
0.00347081
0.00328122
0.00428146
0.00303885
0.00382304
0.00508284
0.00359864
0.00325718
0.00297335
0.00390682
0.00342066
0.00516924
0.00387982
0.00360961
0.00322836
0.00364689
0.00405478
0.00348565
0.00481244
0.00390211
0.00350512
0.00377006
0.00402304
0.0041392
0.00305022
0.00327067
0.00329198
0.00337548
0.00338342
0.00277147
0.00328818
0.00349
0.00409792
0.00352722
0.00311738
0.0036427
0.00438085
0.00341958
0.00424205
0.00398784
0.00421369
0.00373609
0.00337094
0.00316527
0.00333991
0.00337102
0.00428541
0.00349251
0.00365029
0.0035258
0.00408268
0.00315452
0.0027504
0.00326023
0.00342377
0.00365614
0.0038094
0.00296082
0.00317501
0.00413909
0.00276179
0.00350649
0.00342111
0.00416042
0.00320779
0.00367625
0.00390901
0.00412538
0.00362613
0.00360223
0.00350674
0.00328616
0.00335796
0.00369145
0.00377408
0.00400574
0.00335731
0.0039194
0.00351409
0.00394258
0.00394076
0.00386953
0.00424643
0.00370563
0.0031318
0.00402746
0.00346082
0.00349926
0.00443145
0.00430238
0.00422736
0.0034758
0.0044752
0.00437362
0.00368905
0.00336866
0.00429727
0.00352465
0.00361671
0.0040347
0.003602
0.0034278
0.00374482
0.00371941
0.00276256
0.00314273
0.00327182
0.00431683
0.00349146
0.00429077
0.00341435
0.00389789
0.00300167
0.00363156
0.00347962
0.0038231
0.0039551
0.00306981
0.00427262
0.00379356
0.00481115
0.00364025
0.00374108
0.00304192
0.00339746
0.00361434
0.00324259
0.00410259
0.0030685
0.00407577
0.00334734
0.00319039
0.0039344
0.00413951
0.0038858
0.00370739
0.0037122
0.00391132
0.0032578
0.00492613
0.00352768
0.00358936
0.00325681
0.00375304
0.00340992
0.0039157
0.00393312
0.00332225
0.00423602
0.00319708
0.00454074
0.00385512
0.00333481
0.00360717
0.00433498
0.00344044
0.0032493
0.00311434
0.00301061
0.00397598
0.0048911
0.00344913
0.0037014
0.00371909
0.00390912
0.00319125
0.00318852
0.00380048
0.00320809
0.00299811
0.00373567
0.00390998
0.00331224
0.00315969
0.00371608
0.00431415
0.00392375
0.00347092
0.00464589
0.00320303
0.00356822
0.00361215
0.00354044
0.00431284
0.00289717
0.00406465
0.00349228
0.00339664
0.00331168
0.00382782
0.00316203
0.00305118
0.00361899
0.00378292
0.00409414
0.00321598
0.00398718
0.00350863
0.00342456
0.00528021
0.00359542
0.00406801
0.00374405
0.00338202
0.00343404
0.00446245
0.00422353
0.00383897
0.00290492
0.00363165
0.00334384
0.00295515
0.00428646
0.00363494
0.0040999
0.00375914
0.00442592
0.00305261
0.00333851
0.00352373
0.00323326
0.00447299
0.00373392
0.00350524
0.00323056
0.00395709
0.00334846
0.00367508
0.00331681
0.00339819
0.00362249
0.00362469
0.00408001
0.00394318
0.00391318
0.00367864
0.0043043
0.00387578
0.00331368
0.00329907
0.00339528
0.00283993
0.00385271
0.00364782
0.00302395
0.00357781
0.00333052
0.00342999
0.00431323
0.00392702
0.0032595
0.00353402
0.0030312
0.00356405
0.00336571
0.00357361
0.00279702
0.00332421
0.00347538
0.00305938
0.00399754
0.00356214
0.00398609
0.00426624
0.00397034
0.00476089
0.00442501
0.00419959
0.00494208
0.00451482
0.00400957
0.00287049
0.00371314
0.00261533
0.00385791
0.00255098
0.00316562
0.00308314
0.00326925
0.00372957
0.00374087
0.00358743
0.00323036
0.00347232
0.00350802
0.00322488
0.00374756
0.00335156
0.00343429
0.00408605
0.00406378
0.00358639
0.0038873
0.00338194
0.00446693
0.00450738
0.00327915
0.00344292
0.00356075
0.00261243
0.00472905
0.00374989
0.00404316
0.00457305
0.00370042
0.00433929
0.00371402
0.00382106
0.00283328
0.0045468
0.00429466
0.00423914
0.00385835
0.00330753
0.00343875
0.00327451
0.00416191
0.00376272
0.00356052
0.00363767
0.00329825
0.0035095
0.00384314
0.00405517
0.00360328
0.00302796
0.00337683
0.00409501
0.00321423
0.00391371
0.00368042
0.00327367
0.00405953
0.00374142
0.00334066
0.00283788
0.00353347
0.00371276
0.00367178
0.00426393
0.00311366
0.00373917
0.00393935
0.00357653
0.00413215
0.00342672
0.00289367
0.00448637
0.00396132
0.00420188
0.00396602
0.00412011
0.00386667
0.00428443
0.00400275
0.0044349
0.00404564
0.00368215
0.00306123
0.00265952
0.0039035
0.0026818
0.00331028
0.0032989
0.00345296
0.0034049
0.00410866
0.00289372
0.00324252
0.00411186
0.00321229
0.0030886
0.00326612
0.0037452
0.00349567
0.00400569
0.00326844
0.00305665
0.00302703
0.00355895
0.00344704
0.00349697
0.00357611
0.00381294
0.00373776
0.00340224
0.00313757
0.0028689
0.00391212
0.00323688
0.00345181
0.00374282
0.00331883
0.00342129
0.00372591
0.00379768
0.00304505
0.00351203
0.00387005
0.00381582
0.0044534
0.00333484
0.00405439
0.00388836
0.00399927
0.00403263
0.00395762
0.00354155
0.00292642
0.00338952
0.00317709
0.00393156
0.00420745
0.00464194
0.0038321
0.003634
0.00371575
0.00434284
0.00355782
0.00294364
0.00296437
0.00352574
0.0034585
0.00369686
0.00301306
0.00347361
0.00367558
0.00348896
0.00427618
0.00397515
0.00316336
0.00437729
0.00366986
0.0045423
0.0042556
0.00383371
0.00319924
0.00344472
0.00341878
0.00348418
0.00309556
0.00305722
0.00357649
0.00413503
0.00407786
0.0037927
0.00522776
0.00417224
0.00319948
0.00291106
0.00400028
0.00311056
0.00385498
0.00420132
0.00384718
0.00348745
0.00364195
0.00453256
0.00388102
0.0045986
0.00327529
0.00327132
0.00388054
0.00389053
0.00373843
0.00329177
0.00394357
0.00447382
0.00376665
0.00357861
0.00399555
0.00272313
0.00375843
0.00348351
0.00387373
0.00314525
0.00348269
0.00374478
0.00505822
0.00329659
0.00304265
0.00298943
0.00398205
0.0028561
0.00295092
0.00432461
0.00291262
0.00371473
0.00407839
0.00395054
0.00334634
0.00354127
0.00412061
0.00362759
0.00353639
0.00288732
0.00337751
0.00345361
0.00299194
0.00345689
0.00407723
0.00385777
0.00374589
0.0041863
0.00371674
0.00366624
0.00312808
0.00414822
0.00408093
0.0033782
0.00286345
0.00407726
0.00391898
0.00339709
0.00380945
0.00327753
0.00448787
0.00327805
0.0034281
0.00291805
0.00345081
0.00349404
0.00357167
0.00362779
0.0031584
0.00367611
0.00361394
0.00420257
0.00360775
0.00391009
0.0029487
0.00367597
0.00311807
0.00411842
0.00342329
0.00357069
0.003936
0.00369337
0.00349195
0.00268217
0.00397373
0.00331885
0.00388513
0.00343269
0.00383724
0.00373424
0.00412705
0.00421148
0.00351727
0.00300583
0.00315669
0.0031873
0.00409728
0.00292262
0.00411924
0.00422272
0.00402922
0.00265525
0.00281176
0.00414467
0.00322672
0.003019
0.00364298
0.00353289
0.00404335
0.00356639
0.00371344
0.00334932
0.00421421
0.00314838
0.00367204
0.00335413
0.00342526
0.00369367
0.00341695
0.00423312
0.00349919
0.00334433
0.00389961
0.00506765
0.00309446
0.0039356
0.00387571
0.00407012
0.0035219
0.0035109
0.00306515
0.00343502
0.00323599
0.0035448
0.00321763
0.00446496
0.00411197
0.00502452
0.0037582
0.00345027
0.00378895
0.00369806
0.00342514
0.00364671
0.00400102
0.00363607
0.00390692
0.00304963
0.00352756
0.00333081
0.00346253
0.00438323
0.00371523
0.00372919
0.00399088
0.00401452
0.00328351
0.00338251
0.00310431
0.00347944
0.0035382
0.00346423
0.00514291
0.0040929
0.00372377
0.00373952
0.00305277
0.00308803
0.00300934
0.00335567
0.00392151
0.00403573
0.00372047
0.00352887
0.00426551
0.00356896
0.00344943
0.00383422
0.00415668
0.00405042
0.00393852
0.00393025
0.00340158
0.00349902
0.00241954
0.00441224
0.00433293
0.00380412
0.00424545
0.00416996
0.00365356
0.00418345
0.00389327
0.00366269
0.0038723
0.00308743
0.00377136
0.00321067
0.00306342
0.0038449
0.00305292
0.00361983
0.00392131
0.00350524
0.00476834
0.00349076
0.00441132
0.00407981
0.00300122
0.00322783
0.00296443
0.00325296
0.00401095
0.00306178
0.00374164
0.00377281
0.0033363
0.00356356
0.00387269
0.00267186
0.00291369
0.0032716
0.00410645
0.00295858
0.00438805
0.00430048
0.00325147
0.00358788
0.00367543
0.00458982
0.00379753
0.00403533
0.00450823
0.00332609
0.00433348
0.00413095
0.00506004
0.00362057
0.0042177
0.00347889
0.00371283
0.00323804
0.00407205
0.00400811
0.00305718
0.00370078
0.00363222
0.00349105
0.00374889
0.00470695
0.00407364
0.00296009
0.00352065
0.00387486
0.00339449
0.00325656
0.00362955
0.00319875
0.00377906
0.00369073
0.00454005
0.00344833
0.00309789
0.00348815
0.00359631
0.00381566
0.00439407
0.00324202
0.00332604
0.00451561
0.00380604
0.00412803
0.0032424
0.00380721
0.00397941
0.00347518
0.00250625
0.0044521
0.00443031
0.00388954
0.0032535
0.00331361
0.00363273
0.00393365
0.00426635
0.00459133
0.00325432
0.00422669
0.00327604
0.0039448
0.00417627
0.00403956
0.00382594
0.00288365
0.00304157
0.00348711
0.00310278
0.00321095
0.0042153
0.0041345
0.00316935
0.00339275
0.00395025
0.00393327
0.00368865
0.00345595
0.00350012
0.00329335
0.00452485
0.00293383
0.00352277
0.00371626
0.00352257
0.00251101
0.0032317
0.003026
0.00368667
0.00394246
0.00448787
0.00369471
0.00297624
0.00345273
0.00433914
0.00378644
0.00431429
0.00341446
0.00391994
0.00320703
0.00297663
0.00357673
0.00318756
0.003201
0.00338331
0.00402072
0.00393967
0.0038165
0.00389988
0.00328071
0.00309601
0.00359964
0.00364605
0.00423389
0.00360505
0.00510059
0.00287747
0.00441691
0.00348295
0.00407349
0.00349118
0.00309019
0.003542
0.00313299
0.00328866
0.00326363
0.00424696
0.00348508
0.00326297
0.00278914
0.00424752
0.00412257
0.00381026
0.00326181
0.00345517
0.00417446
0.00385158
0.00278512
0.00386298
0.0028896
0.00308553
0.003509
0.00320541
0.00379281
0.00357599
0.00413634
0.0032368
0.00377829
0.00474471
0.00306498
0.00361484
0.00432225
0.00358583
0.00374154
0.00371408
0.00415546
0.003741
0.0031408
0.00328867
0.00361164
0.00327431
0.00454703
0.0039153
0.00339154
0.00323127
0.00357739
0.00326679
0.00344606
0.00439984
0.00417491
0.00326671
0.00330369
0.0029447
0.00356518
0.0034532
0.00421982
0.00303346
0.00328733
0.00274654
0.00272223
0.00347961
0.00324119
0.00352136
0.00293236
0.00382313
0.00419134
0.00394445
0.00431601
0.0036589
0.00463168
0.00445643
0.00395329
0.00257592
0.00419484
0.00425603
0.00339861
0.00424025
0.00330873
0.00402256
0.00299634
0.00386917
0.00332169
0.0033619
0.003655
0.00359488
0.00349563
0.00368488
0.00337823
0.00368556
0.00319013
0.00344774
0.00373326
0.0043309
0.00419897
0.00316636
0.00410897
0.00388331
0.004618
0.00286594
0.00399334
0.00301876
0.00376218
0.00356578
0.00389666
0.00303572
0.00300057
0.00364166
0.00358096
0.00345645
0.00358581
0.00320831
0.00398455
0.00326865
0.00327842
0.00405709
0.00333342
0.00376397
0.00347037
0.00286984
0.00415821
0.0038817
0.00365884
0.00355884
0.00386092
0.00359781
0.00309316
0.00343433
0.00324935
0.00524302
0.00356036
0.00356287
0.00385097
0.00432822
0.00424922
0.00358222
0.00360156
0.0036518
0.00269958
0.00397859
0.0039547
0.00269783
0.00348125
0.00463217
0.00335337
0.00565253
0.00363192
0.00440133
0.00301749
0.00340588
0.00405393
0.00377361
0.00350255
0.00378536
0.00359237
0.0028895
0.00308031
0.00377461
0.0035089
0.00441212
0.00313092
0.00382279
0.00445502
0.00350025
0.00367556
0.00371491
0.00304295
0.00388708
0.00373793
0.00324262
0.00394536
0.00315457
0.00415091
0.00316909
0.00461558
0.0036313
0.00316634
0.00380872
0.00366067
0.00320557
0.00356993
0.00377657
0.00336857
0.00334995
0.00437394
0.00268547
0.00331918
0.0028367
0.00368627
0.00360244
0.00357713
0.00367582
0.00395076
0.00379572
0.00302537
0.00389029
0.00360657
0.00341685
0.00409768
0.00434914
0.00410021
0.0036204
0.00324249
0.00380285
0.00368365
0.00394831
0.00294096
0.00349997
0.0042232
0.00403426
0.00299958
0.00290703
0.00359021
0.00291431
0.00399244
0.00408671
0.00384696
0.00358745
0.00439224
0.00399489
0.00369438
0.00330694
0.00378788
0.00350649
0.00350663
0.00344241
0.0036938
0.00267448
0.00321835
0.00340876
0.00342544
0.00354749
0.00369709
0.00314761
0.003281
0.00361043
0.00369692
0.00399014
0.00339938
0.00438801
0.00356731
0.00306031
0.00384314
0.0044186
0.00343851
0.00315688
0.00393691
0.00370025
0.00323088
0.00314376
0.00363086
0.00385756
0.00419504
0.00319832
0.0030905
0.00395846
0.00370393
0.00361766
0.00532446
0.00315836
0.00293673
0.00395716
0.00405341
0.0027075
0.00440531
0.00368587
0.003485
0.00323851
0.00296605
0.00310839
0.00391617
0.00434975
0.00341355
0.00482416
0.00363398
0.00370328
0.00460374
0.0037312
0.00335752
0.00460206
0.00393287
0.00326108
0.00367878
0.00370493
0.00322368
0.00371298
0.0037846
0.00400805
0.00332609
0.00378635
0.0038331
0.00465875
0.00357021
0.00341151
0.0038999
0.0036613
0.00334122
0.00417593
0.00497021
0.00451
0.00345502
0.00341611
0.00317418
0.00365297
0.00366653
0.00380828
0.00360836
0.00366829
0.00288478
0.00353507
0.00371936
0.00324773
0.00335125
0.00344716
0.00319921
0.00387389
0.00305661
0.00301661
0.0038855
0.00366817
0.00367011
0.00302798
0.00329388
0.00385598
0.00422159
0.00379999
0.00375037
0.00389716
0.00387581
0.00359031
0.00304852
0.0035725
0.00386333
0.00491713
0.00387528
0.0042444
0.0036907
0.00527311
0.00397145
0.00353655
0.00396797
0.00523667
0.00347329
0.0033881
0.00281804
0.00352214
0.00396292
0.00371478
0.00294165
0.00353846
0.00321106
0.00342755
0.00317003
0.00347953
0.00377484
0.00338952
0.00322551
0.0039932
0.00365282
0.00302833
0.0034951
0.00290829
0.00337112
0.00331707
0.00272332
0.00287235
0.00485313
0.00319351
0.00368768
0.00349094
0.00441272
0.00415755
0.00305308
0.00357346
0.00423885
0.0040436
0.00378807
0.00389139
0.00349505
0.00388371
0.00356266
0.00343865
0.00331268
0.00381103
0.00358149
0.00407843
0.00410962
0.00404445
0.00344574
0.00382781
0.00375738
0.00413386
0.00310909
0.00404034
0.00322697
0.00317447
0.00379738
0.00333081
0.00530862
0.00310259
0.0029932
0.00379171
0.00331307
0.00324784
0.00398967
0.00414751
0.00315641
0.00383911
0.00417931
0.00314209
0.00357425
0.00340086
0.00369774
0.00333209
0.00328747
0.00427024
0.00322595
0.00426866
0.00322604
0.00315618
0.0031638
0.00371845
0.00343578
0.00384863
0.00261227
0.00356227
0.00315653
0.00331156
0.00384772
0.00336714
0.00314149
0.0038625
0.00393171
0.00337525
0.00332421
0.00334074
0.00333675
0.00363623
0.00302017
0.00392672
0.00300169
0.00366836
0.00406366
0.00418147
0.00367568
0.0034852
0.00314114
0.00391552
0.00319864
0.00347714
0.00332245
0.00343336
0.00327319
0.00361276
0.00391578
0.00357211
0.00393605
0.00318395
0.00477807
0.00381973
0.00353504
0.00349356
0.00457621
0.00375262
0.00372682
0.00399952
0.00289055
0.00413165
0.00344575
0.00428939
0.00294466
0.0037874
0.00361849
0.00288203
0.00312671
0.00358742
0.00365011
0.00358637
0.00445984
0.0036482
0.00409767
0.00380299
0.00306424
0.00363801
0.00384031
0.0029842
0.00354003
0.00318836
0.00343176
0.00408793
0.00313913
0.00404329
0.00428082
0.00362932
0.00306545
0.00363656
0.00337485
0.00304202
0.00343617
0.00349686
0.0038355
0.00407546
0.00348129
0.00311398
0.00384032
0.00304368
0.00312954
0.00319614
0.00277188
0.00323639
0.00362378
0.00317797
0.0029894
0.00369717
0.0045752
0.00405151
0.00349342
0.00352041
0.00351086
0.00389128
0.00297335
0.00425572
0.003575
0.00468437
0.00336346
0.00323233
0.00450956
0.00344171
0.00414683
0.0043713
0.00397969
0.00309317
0.00372489
0.00394406
0.00325971
0.00327833
0.00344745
0.00323667
0.00368308
0.003377
0.00311318
0.00395143
0.00335613
0.00300311
0.00346
0.00365709
0.00327442
0.0036449
0.00293669
0.00354913
0.00398949
0.00289753
0.00264019
0.00297366
0.00368261
0.0040276
0.00342072
0.00341443
0.00355924
0.00289007
0.00346424
0.00331289
0.00406272
0.00331275
0.00310914
0.00346932
0.00390215
0.00448769
0.00406251
0.00367346
0.0036152
0.0036955
0.00394069
0.00362527
0.00378973
0.00374653
0.0038792
0.0029097
0.00494399
0.00340797
0.00360857
0.00354926
0.00297993
0.0033702
0.00384847
0.00404044
0.00379946
0.00331093
0.00407775
0.00388832
0.00347423
0.00278885
0.00315121
0.00292838
0.00339793
0.00403169
0.00353511
0.00334374
0.00334804
0.0043716
0.00325544
0.00416165
0.00319724
0.00420123
0.00401754
0.0034634
0.00347873
0.0030909
0.00349315
0.00393941
0.00356773
0.00311174
0.00365571
0.00431931
0.00292774
0.00337656
0.00353713
0.00351646
0.0029367
0.00359455
0.00370291
0.00406028
0.00317141
0.00480602
0.00409293
0.00368273
0.00355075
0.00425695
0.00299931
0.00427174
0.00299626
0.00273292
0.00385094
0.00323199
0.00427215
0.00339367
0.00365992
0.00447421
0.00361591
0.00406381
0.00361687
0.00436715
0.0035971
0.00371187
0.0035177
0.00302393
0.00343366
0.00274887
0.00394195
0.00305135
0.00328813
0.00462827
0.0045217
0.00418404
0.00372214
0.00297111
0.00480541
0.00326789
0.00411505
0.00333098
0.00421246
0.00394085
0.00371623
0.00348436
0.0037317
0.00416861
0.00328617
0.00282472
0.00345833
0.00350389
0.00372442
0.00374843
0.00323812
0.00395412
0.00390126
0.0028384
0.00388394
0.0049906
0.00393687
0.00364049
0.00341035
0.00340559
0.00378774
0.00402278
0.00363714
0.00361929
0.00345873
0.00352067
0.00362835
0.00337444
0.00286176
0.00369778
0.00351974
0.00345564
0.00412056
0.00408914
0.00474364
0.00392138
0.00379899
0.00380633
0.00341305
0.00342924
0.00430925
0.00353147
0.00311343
0.00386327
0.00414915
0.00338716
0.00316326
0.00404493
0.00412454
0.0034955
0.00363946
0.00417858
0.00363911
0.00331515
0.00387511
0.00309313
0.00343207
0.00398915
0.00330587
0.00347583
0.00323916
0.00381034
0.00383979
0.00385252
0.00357587
0.00381127
0.00334379
0.00457055
0.00321245
0.00368065
0.00344242
0.00433379
0.00310606
0.00282736
0.00349695
0.00400062
0.0033959
0.00398418
0.00361404
0.00367351
0.00371855
0.00346563
0.00341963
0.00336393
0.00389937
0.00418166
0.00412255
0.0032302
0.00436407
0.00358087
0.0033206
0.00385304
0.00337683
0.00474211
0.00344053
0.00415103
0.00378568
0.00328838
0.00445032
0.00302694
0.0034407
0.00351759
0.00392428
0.00369724
0.00422736
0.00339704
0.0032609
0.003489
0.00360882
0.00327303
0.0039088
0.00380046
0.00336519
0.00355248
0.00433608
0.00300114
0.003832
0.00377796
0.00375151
0.0039366
0.00407177
0.00366904
0.00298026
0.00419156
0.00371489
0.00405255
0.00386632
0.00389916
0.00418485
0.00445596
0.00373785
0.00385997
0.00426101
0.00284939
0.00369575
0.00298719
0.00379741
0.00381139
0.00369212
0.00336418
0.00415395
0.00354861
0.00401393
0.00411081
0.00388725
0.00408727
0.0045901
0.00313381
0.00307081
0.00391834
0.00371394
0.0040442
0.00414408
0.0035421
0.00429942
0.00417966
0.00315593
0.00413827
0.00445294
0.00398911
0.00304307
0.0032727
0.00368236
0.00319407
0.00484387
0.00378311
0.00339809
0.00451501
0.00369948
0.00287142
0.0030499
0.00351035
0.0037786
0.00338176
0.00311091
0.00333411
0.00443018
0.00399119
0.00310667
0.00357162
0.00405829
0.00401793
0.00372147
0.00345648
0.00358211
0.00402135
0.00330342
0.00425385
0.00397625
0.00435866
0.00345364
0.00325554
0.0039264
0.00395759
0.00329401
0.00351005
0.00464227
0.00401468
0.00424724
0.00375371
0.00435238
0.00334802
0.00404391
0.00344041
0.00303287
0.00372531
0.00457636
0.00337638
0.00382898
0.00344913
0.00389814
0.00319208
0.00334209
0.00347256
0.00337784
0.00425006
0.0026114
0.00325997
0.00275172
0.00391669
0.00414394
0.00496918
0.0032098
0.0038513
0.00348469
0.00423628
0.0042296
0.00380331
0.00323989
0.00352461
0.00320156
0.00386769
0.00265011
0.00346775
0.00458009
0.00322788
0.00337145
0.00360534
0.00370389
0.00330555
0.00348328
0.00349215
0.00366327
0.00298626
0.0033908
0.00319464
0.00340988
0.00380453
0.00403797
0.00498457
0.00412108
0.00449277
0.0042792
0.00352258
0.0043896
0.00296877
0.00344342
0.00348187
0.00378822
0.00301939
0.00321313
0.00356923
0.0038151
0.00431067
0.00346896
0.00459138
0.00367101
0.00396595
0.00351692
0.00338787
0.00372657
0.0035812
0.00299405
0.00349805
0.0031371
0.00362089
0.0035898
0.00332665
0.00384078
0.00355458
0.00422551
0.00361129
0.00386537
0.00352092
0.00491785
0.0030066
0.00387189
0.00350504
0.00484618
0.00326746
0.00362424
0.0038748
0.00310225
0.003286
0.00349993
0.00413636
0.0032925
0.00356999
0.00391177
0.00381449
0.0031361
0.0044216
0.00341754
0.00383029
0.00354959
0.00391058
0.00475725
0.00422234
0.00385276
0.00395081
0.00388361
0.0044371
0.0037849
0.00366784
0.00341392
0.00349868
0.00361311
0.00344877
0.00369845
0.00386261
0.00304508
0.00330651
0.0035643
0.00385136
0.00310186
0.0035516
0.00337641
0.0030997
0.00312505
0.0035165
0.00258556
0.00430805
0.00400732
0.00349957
0.00309508
0.00277555
0.0034468
0.00344501
0.00316554
0.00381664
0.00312229
0.00393356
0.00348443
0.00379063
0.0035678
0.00413945
0.00320174
0.00386427
0.00342179
0.00342234
0.00308779
0.00305558
0.0029753
0.00336572
0.00341218
0.00329718
0.00372357
0.00462811
0.00460175
0.00314771
0.00344456
0.00361976
0.00362113
0.00385067
0.00407496
0.00339935
0.00379486
0.00386152
0.00340337
0.00396227
0.00340787
0.00348883
0.00335464
0.00315935
0.00405697
0.00418707
0.00391159
0.00398032
0.00319004
0.00434452
0.00338797
0.00436237
0.00474586
0.00436066
0.00302168
0.00473417
0.00370382
0.00343404
0.0033142
0.00347661
0.00327874
0.00373983
0.00402839
0.00359371
0.00330018
0.00283206
0.00304372
0.00338615
0.00314806
0.00354139
0.00410662
0.00301912
0.00347937
0.00290291
0.00390683
0.00410126
0.0037125
0.00294744
0.00283895
0.00409533
0.0036336
0.00414398
0.00367274
0.00409991
0.00314927
0.00326079
0.00323543
0.00351316
0.00311936
0.00353377
0.00320646
0.00325206
0.0036545
0.00297121
0.00337694
0.00360693
0.00462977
0.00354808
0.00406029
0.00335241
0.00328763
0.00363349
0.00384524
0.00382977
0.00388992
0.00373161
0.00388612
0.00406515
0.00424908
0.00424086
0.00359527
0.00403897
0.00373991
0.00383893
0.00290198
0.0031348
0.00393334
0.00370972
0.00342882
0.00327026
0.00300695
0.00249496
0.0038871
0.00443908
0.00289441
0.00380765
0.00405036
0.00436713
0.00428696
0.00413884
0.00359478
0.00309465
0.00419247
0.00297135
0.00379335
0.00510482
0.00368674
0.00315033
0.00315415
0.00374722
0.00364338
0.00309994
0.0034042
0.00339256
0.00350001
0.00318794
0.00355999
0.00349335
0.00304258
0.00365129
0.00370004
0.00408959
0.00332921
0.00424889
0.00355858
0.0031334
0.00324666
0.00295081
0.00385197
0.00375386
0.00329364
0.0031391
0.00382644
0.00360029
0.00337878
0.00308135
0.00307572
0.00396501
0.00376417
0.00333916
0.00367511
0.00340173
0.00337351
0.00362733
0.00279409
0.00320008
0.00390172
0.00317617
0.00392958
0.00343043
0.00385517
0.00362516
0.00303076
0.00333645
0.00341831
0.00439752
0.0027885
0.0031433
0.00295246
0.0037094
0.00309176
0.00359453
0.00391992
0.00361282
0.0035286
0.00320539
0.00417909
0.00397074
0.00326569
0.00350165
0.00416787
0.00397133
0.00400094
0.00313397
0.00315972
0.00347081
0.00328122
0.00428146
0.00303885
0.00382304
0.00508284
0.00359864
0.00325718
0.00297335
0.00390682
0.00342066
0.00516924
0.00387982
0.00360961
0.00322836
0.00364689
0.00405478
0.00348565
0.00481244
0.00390211
0.00350512
0.00377006
0.00402304
0.0041392
0.00305022
0.00327067
0.00329198
0.00337548
0.00338342
0.00277147
0.00328818
0.00349
0.00409792
0.00352722
0.00311738
0.0036427
0.00438085
0.00341958
0.00424205
0.00398784
0.00421369
0.00373609
0.00337094
0.00316527
0.00333991
0.00337102
0.00428541
0.00349251
0.00365029
0.0035258
0.00408268
0.00315452
0.0027504
0.00326023
0.00342377
0.00365614
0.0038094
0.00296082
0.00317501
0.00413909
0.00276179
0.00350649
0.00342111
0.00416042
0.00320779
0.00367625
0.00390901
0.00412538
0.00362613
0.00360223
0.00350674
0.00328616
0.00335796
0.00369145
0.00377408
0.00400574
0.00335731
0.0039194
0.00351409
0.00394258
0.00394076
0.00386953
0.00424643
0.00370563
0.0031318
0.00402746
0.00346082
0.00349926
0.00443145
