0.00296973
0.00399405
0.00386758
0.00433955
0.00425346
0.00362143
0.00317211
0.00361217
0.00296135
0.0034251
0.00396291
0.00287408
0.00391656
0.0039572
0.00331335
0.00301354
0.00403769
0.00393671
0.00403141
0.00487302
0.00439669
0.00341724
0.00337133
0.00361035
0.00341957
0.00311619
0.00396249
0.00346559
0.00328625
0.0036547
0.00285546
0.00421161
0.00353608
0.00432974
0.00569267
0.00388436
0.003205
0.00359336
0.00407573
0.0029269
0.00305946
0.00416111
0.00335556
0.00387155
0.0038292
0.00375997
0.00299443
0.00400154
0.00363893
0.00416912
0.00385712
0.00402235
0.00319596
0.00351606
0.00324667
0.00372456
0.00295728
0.00374058
0.00285198
0.00331172
0.00366735
0.003557
0.00348665
0.00370447
0.00340708
0.00355378
0.00315132
0.00276535
0.00387618
0.00325627
0.00339524
0.00272884
0.00333903
0.00329443
0.0031853
0.00397947
0.00379109
0.00270053
0.00463939
0.0027272
0.00377801
0.00411775
0.00335724
0.00333301
0.00361211
0.00324971
0.00290681
0.00384108
0.00383001
0.00316816
0.00379395
0.00385453
0.00442291
0.00325187
0.00346696
0.00298255
0.00403714
0.00381445
0.00316564
0.00291887
0.00321797
0.0042499
0.00379205
0.00312073
0.0036261
0.0038159
0.00332579
0.00386927
0.00514417
0.00447266
0.00406789
0.00306837
0.00471505
0.00418802
0.00381686
0.00361559
0.00323456
0.00304333
0.00363812
0.0031457
0.0043505
0.00391855
0.00378246
0.00342154
0.0034148
0.00390939
0.00310795
0.00365712
0.00371343
0.00366551
0.00292056
0.00399057
0.00463496
0.0030456
0.00333686
0.0037792
0.00526358
0.00298537
0.00371086
0.00385767
0.00440223
0.00367901
0.00314975
0.0039278
0.00328837
0.00407362
0.00396354
0.00355974
0.00302161
0.00349761
0.00362304
0.0030966
0.00375682
0.00314242
0.00306839
0.0035488
0.00324273
0.00383431
0.00377494
0.0029306
0.00394706
0.0036155
0.0038857
0.00351852
0.0050245
0.00430409
0.00346106
0.00291294
0.00278435
0.00436392
0.00395645
0.00347307
0.00340596
0.00313216
0.00375425
0.00308798
0.00323095
0.00360645
0.00311754
0.00409123
0.00369638
0.00322429
0.00290654
0.00413838
0.00345557
0.00353954
0.00372338
0.0037279
0.00320401
0.00301082
0.00299941
0.00399876
0.00358221
0.00291015
0.00365431
0.0040299
0.0036565
0.00288517
0.00287768
0.00338171
0.00292441
0.00257407
0.0030224
0.00431239
0.00375846
0.00344674
0.0031523
0.00389225
0.00336476
0.00423513
0.00288427
0.00279144
0.00365596
0.00339285
0.00300682
0.00448276
0.00360182
0.00341764
0.00310378
0.00405476
0.00411522
0.00399026
0.00499311
0.00271172
0.00417559
0.00363077
0.00324152
0.00366195
0.00373795
0.00393757
0.00335439
0.00295361
0.00342082
0.00402839
0.00386647
0.00385465
0.00259263
0.00358876
0.00402121
0.00402539
0.00312708
0.00313102
0.00469123
0.00407022
0.00351659
0.004006
0.00433628
0.00393049
0.0033824
0.00350831
0.00535607
0.00415277
0.0046902
0.00296693
0.00397028
0.00306229
0.00382514
0.00252189
0.00476736
0.00397344
0.0036413
0.00370725
0.00365313
0.00410437
0.00278768
0.00415981
0.00316277
0.00298977
0.00394252
0.00300602
0.0043761
0.0032692
0.00345161
0.00364685
0.00431139
0.00361772
0.00361075
0.00325699
0.00342278
0.00463062
0.0036396
0.00287417
0.00267302
0.0030589
0.0040102
0.00294148
0.00435493
0.00362841
0.00308758
0.00361136
0.00367283
0.00374725
0.00496549
0.00361056
0.00354293
0.00369183
0.00436214
0.0035268
0.00368743
0.00305122
0.00443813
0.0035902
0.00340991
0.00314034
0.00339075
0.0032627
0.00288057
0.00358502
0.00430607
0.00408668
0.00289583
0.00295243
0.004469
0.00340886
0.00287048
0.00402805
0.00306649
0.00370951
0.00346913
0.00334549
0.00500527
0.00437689
0.00315683
0.00337049
0.00466692
0.00348321
0.00417194
0.00363136
0.00342624
0.0046297
0.00352421
0.00396528
0.00396354
0.00454197
0.00346733
0.0034525
0.00344971
0.00436302
0.00322558
0.00336997
0.00331769
0.00326368
0.00333962
0.00406587
0.00328458
0.00438613
0.00301295
0.00351472
0.00354015
0.00344492
0.00400319
0.00355799
0.00350707
0.00373988
0.00439465
0.00460282
0.00404311
0.00355257
0.00293714
0.00414002
0.00287199
0.0035845
0.00374944
0.00400317
0.00372306
0.00377496
0.00285891
0.00335783
0.00332722
0.00421947
0.00320274
0.00455375
0.00420918
0.00316228
0.00339167
0.00369881
0.0037519
0.00331737
0.00282067
0.00301587
0.00426231
0.00381817
0.00302329
0.00330613
0.00290456
0.00424803
0.00333962
0.00411323
0.0040792
0.00420607
0.0033042
0.0033889
0.00312203
0.0033129
0.00371804
0.00314459
0.00345517
0.00581883
0.0037752
0.00356038
0.00434138
0.00353265
0.00375009
0.00310556
0.00302441
0.00295255
0.00321279
0.00301011
0.00328664
0.00272845
0.00361792
0.00457884
0.00369863
0.00393611
0.00313375
0.00371278
0.00406897
0.00342998
0.0043271
0.00397673
0.00422827
0.00352797
0.00355585
0.00365453
0.00399228
0.00299404
0.00326568
0.00409512
0.00350934
0.00359184
0.00371887
0.00292673
0.00355424
0.00287445
0.00353991
0.00431228
0.00322102
0.00340973
0.0033599
0.00374018
0.00328998
0.00287495
0.00434637
0.00397591
0.00402203
0.00287861
0.00398468
0.00345567
0.00493913
0.00338165
0.0043586
0.00371365
0.00350727
0.00538837
0.0046251
0.00399679
0.00303366
0.00394409
0.00341565
0.00366555
0.00340349
0.00330125
0.0035733
0.00322354
0.00368813
0.0035343
0.00335938
0.00359968
0.00373583
0.00331012
0.00388287
0.00296981
0.00414112
0.00295147
0.00400548
0.00366622
0.00296976
0.00375409
0.00370631
0.00435961
0.00380733
0.00371445
0.00389457
0.00325295
0.00357733
0.00296215
0.00357202
0.00460607
0.00339088
0.00338566
0.00285644
0.00305175
0.0041439
0.00483673
0.00367552
0.00369504
0.00407465
0.00377773
0.00308163
0.00305795
0.00350188
0.00347069
0.00652839
0.00354168
0.00323115
0.00324658
0.00397029
0.00379392
0.00335765
0.00274422
0.00439966
0.00323233
0.0029332
0.00312939
0.00337731
0.00365983
0.00319088
0.0036673
0.00403255
0.00372159
0.00323716
0.00314187
0.00334206
0.00315177
0.00331665
0.00340514
0.00327727
0.00461463
0.00505556
0.00397595
0.00305705
0.00383831
0.00344891
0.00375741
0.00415054
0.00355875
0.00385704
0.00352253
0.00288713
0.00326453
0.00331013
0.0041162
0.00401261
0.00336121
0.00349742
0.00380136
0.00403537
0.00385578
0.00354358
0.00414263
0.00286201
0.00342846
0.00294143
0.00377896
0.00397103
0.00475203
0.00423898
0.00328204
0.00365094
0.00412017
0.00394061
0.00337991
0.00323328
0.00293035
0.00324926
0.00412217
0.00386874
0.0027834
0.00295384
0.00430724
0.00424273
0.00422537
0.00334965
0.00395791
0.00314978
0.00368555
0.00368951
0.00347315
0.00389075
0.00303552
0.0031162
0.00316123
0.00283942
0.00332523
0.00374238
0.00326362
0.00317323
0.00408565
0.0037202
0.00418962
0.00358898
0.00388451
0.00403985
0.0042095
0.00372679
0.00333795
0.00346751
0.00431512
0.00363731
0.00362538
0.00338538
0.00390639
0.00312291
0.00351693
0.00289036
0.00384186
0.0040932
0.00310029
0.00347316
0.00403011
0.00381162
0.00410762
0.00385032
0.00389201
0.00409524
0.00321224
0.00357919
0.00290967
0.00445569
0.00337134
0.00416152
0.00327202
0.00455674
0.00365359
0.00390371
0.00391185
0.00335243
0.0039363
0.00339292
0.00378836
0.00319877
0.00396993
0.00372348
0.00271654
0.00459864
0.00308843
0.0037768
0.0036296
0.00345779
0.00297509
0.00336978
0.00422159
0.00377641
0.00353656
0.00306973
0.00305794
0.0039627
0.003674
0.00413158
0.0030891
0.00346222
0.00450778
0.0035415
0.00294994
0.00445843
0.003801
0.003747
0.00296008
0.00453524
0.00291751
0.00352414
0.00356959
0.00392007
0.0039467
0.00343484
0.0029295
0.0036839
0.00374736
0.00326022
0.00451551
0.00327785
0.00397036
0.00487753
0.00383421
0.00317751
0.00430261
0.00298693
0.00326132
0.00545428
0.00430908
0.00297218
0.0028878
0.00352365
0.00344207
0.00346518
0.00448552
0.00359553
0.00446276
0.0034496
0.00363406
0.00397584
0.00345884
0.00330264
0.00353779
0.00372195
0.0042715
0.00376418
0.00379346
0.00366367
0.00375956
0.00313798
0.00402866
0.00349479
0.003696
0.00329421
0.00344351
0.00371527
0.00385364
0.00307846
0.00343794
0.00342112
0.00327791
0.00366964
0.00385972
0.00372183
0.0032125
0.00378087
0.00313187
0.0037001
0.00340739
0.00324476
0.00351622
0.00326134
0.00367507
0.00412353
0.00452031
0.00334817
0.00377714
0.00366783
0.00297314
0.00401483
0.00275643
0.00305135
0.00388905
0.00329226
0.00334091
0.00325937
0.00389905
0.0029935
0.00330053
0.0044382
0.00302715
0.00412196
0.00392397
0.00300221
0.00306346
0.00313065
0.00347288
0.00323145
0.00383438
0.0046053
0.00353378
0.00270431
0.00287217
0.0040528
0.00339435
0.00350834
0.00311772
0.00328521
0.00436881
0.00340501
0.00297425
0.00397572
0.00390117
0.00386815
0.00353302
0.00337487
0.00375425
0.003405
0.00395324
0.00476129
0.00488685
0.0040206
0.00361328
0.00374925
0.00330563
0.0045746
0.00291183
0.00285321
0.00437645
0.00311448
0.00412277
0.00264905
0.00347311
0.00270035
0.00410059
0.00355235
0.00409123
0.00376084
0.00417264
0.00332198
0.00413171
0.00358649
0.00373218
0.00365521
0.00332546
0.00431795
0.00351053
0.00417507
0.00318494
0.0037215
0.00433135
0.00373228
0.00303281
0.00282285
0.00442721
0.00331429
0.0041472
0.0039448
0.00289318
0.00388912
0.00276921
0.00308368
0.00381261
0.00407901
0.00397982
0.00279874
0.0033712
0.00376463
0.00445383
0.00389844
0.00344449
0.00378143
0.00407941
0.00385756
0.00315156
0.00438875
0.00290284
0.00347538
0.0036638
0.00337863
0.00327683
0.00456039
0.00335201
0.00340769
0.00304371
0.00406744
0.00458124
0.00318419
0.00335779
0.00317965
0.0034573
0.00401106
0.00352706
0.00394099
0.00382039
0.00436823
0.00478451
0.00324721
0.00247781
0.00410317
0.00458739
0.0032794
0.00469634
0.00363388
0.00476732
0.00499512
0.00339206
0.00391823
0.00395922
0.00343921
0.00305715
0.0039274
0.00350729
0.00372296
0.00331793
0.00308393
0.00321343
0.00335002
0.00393633
0.00352191
0.00349042
0.00341466
0.00358947
0.00402631
0.00347638
0.00380798
0.00433843
0.0038949
0.00336322
0.00452529
0.00474237
0.00266472
0.00273739
0.00358881
0.00305899
0.00371065
0.00384683
0.00383283
0.00418226
0.00318243
0.00326319
0.00333299
0.00345337
0.00406922
0.00312581
0.00375582
0.00288816
0.00391325
0.00435509
0.0034343
0.00317665
0.00418467
0.00407334
0.00338186
0.00279246
0.00353901
0.00338165
0.00403947
0.00325413
0.00301172
0.00407008
0.0031746
0.00361135
0.00367515
0.00362079
0.0029252
0.00281514
0.00398912
0.002528
0.00514728
0.00269508
0.00377034
0.00393734
0.00352449
0.0023126
0.00367281
0.00368798
0.00381469
0.00286287
0.00370955
0.00424924
0.0033214
0.0041794
0.00383427
0.00343404
0.00383835
0.00417775
0.00399173
0.0034264
0.00344662
0.00407171
0.00366241
0.0028985
0.00366117
0.00414717
0.00399308
0.0035102
0.00294541
0.00337805
0.00353948
0.00350923
0.00381099
0.00341289
0.00340514
0.00362379
0.00333486
0.00271186
0.00382849
0.00372374
0.00456885
0.00324009
0.00378163
0.00384012
0.00378216
0.00468643
0.00346978
0.00400352
0.00259085
0.00382153
0.00386317
0.00336134
0.00388446
0.00413959
0.00310536
0.00320451
0.00274367
0.00323978
0.00350966
0.00311121
0.00404377
0.00506648
0.00321383
0.00348629
0.00372429
0.00324835
0.00457297
0.00515495
0.00336559
0.00357051
0.00375826
0.00368233
0.00293757
0.00390207
0.00361297
0.00356671
0.00319189
0.00483129
0.00329299
0.00363546
0.00296973
0.00399405
0.00386758
0.00433955
0.00425346
0.00362143
0.00317211
0.00361217
0.00296135
0.0034251
0.00396291
0.00287408
0.00391656
0.0039572
0.00331335
0.00301354
0.00403769
0.00393671
0.00403141
0.00487302
0.00439669
0.00341724
0.00337133
0.00361035
0.00341957
0.00311619
0.00396249
0.00346559
0.00328625
0.0036547
0.00285546
0.00421161
0.00353608
0.00432974
0.00569267
0.00388436
0.003205
0.00359336
0.00407573
0.0029269
0.00305946
0.00416111
0.00335556
0.00387155
0.0038292
0.00375997
0.00299443
0.00400154
0.00363893
0.00416912
0.00385712
0.00402235
0.00319596
0.00351606
0.00324667
0.00372456
0.00295728
0.00374058
0.00285198
0.00331172
0.00366735
0.003557
0.00348665
0.00370447
0.00340708
0.00355378
0.00315132
0.00276535
0.00387618
0.00325627
0.00339524
0.00272884
0.00333903
0.00329443
0.0031853
0.00397947
0.00379109
0.00270053
0.00463939
0.0027272
0.00377801
0.00411775
0.00335724
0.00333301
0.00361211
0.00324971
0.00290681
0.00384108
0.00383001
0.00316816
0.00379395
0.00385453
0.00442291
0.00325187
0.00346696
0.00298255
0.00403714
0.00381445
0.00316564
0.00291887
0.00321797
0.0042499
0.00379205
0.00312073
0.0036261
0.0038159
0.00332579
0.00386927
0.00514417
0.00447266
0.00406789
0.00306837
0.00471505
0.00418802
0.00381686
0.00361559
0.00323456
0.00304333
0.00363812
0.0031457
0.0043505
0.00391855
0.00378246
0.00342154
0.0034148
0.00390939
0.00310795
0.00365712
0.00371343
0.00366551
0.00292056
0.00399057
0.00463496
0.0030456
0.00333686
0.0037792
0.00526358
0.00298537
0.00371086
0.00385767
0.00440223
0.00367901
0.00314975
0.0039278
0.00328837
0.00407362
0.00396354
0.00355974
0.00302161
0.00349761
0.00362304
0.0030966
0.00375682
0.00314242
0.00306839
0.0035488
0.00324273
0.00383431
0.00377494
0.0029306
0.00394706
0.0036155
0.0038857
0.00351852
0.0050245
0.00430409
0.00346106
0.00291294
0.00278435
0.00436392
0.00395645
0.00347307
0.00340596
0.00313216
0.00375425
0.00308798
0.00323095
0.00360645
0.00311754
0.00409123
0.00369638
0.00322429
0.00290654
0.00413838
0.00345557
0.00353954
0.00372338
0.0037279
0.00320401
0.00301082
0.00299941
0.00399876
0.00358221
0.00291015
0.00365431
0.0040299
0.0036565
0.00288517
0.00287768
0.00338171
0.00292441
0.00257407
0.0030224
0.00431239
0.00375846
0.00344674
0.0031523
0.00389225
0.00336476
0.00423513
0.00288427
0.00279144
0.00365596
0.00339285
0.00300682
0.00448276
0.00360182
0.00341764
0.00310378
0.00405476
0.00411522
0.00399026
0.00499311
0.00271172
0.00417559
0.00363077
0.00324152
0.00366195
0.00373795
0.00393757
0.00335439
0.00295361
0.00342082
0.00402839
0.00386647
0.00385465
0.00259263
0.00358876
0.00402121
0.00402539
0.00312708
0.00313102
0.00469123
0.00407022
0.00351659
0.004006
0.00433628
0.00393049
0.0033824
0.00350831
0.00535607
0.00415277
0.0046902
0.00296693
0.00397028
0.00306229
0.00382514
0.00252189
0.00476736
0.00397344
0.0036413
0.00370725
0.00365313
0.00410437
0.00278768
0.00415981
0.00316277
0.00298977
0.00394252
0.00300602
0.0043761
0.0032692
0.00345161
0.00364685
0.00431139
0.00361772
0.00361075
0.00325699
0.00342278
0.00463062
0.0036396
0.00287417
0.00267302
0.0030589
0.0040102
0.00294148
0.00435493
0.00362841
0.00308758
0.00361136
0.00367283
0.00374725
0.00496549
0.00361056
0.00354293
0.00369183
0.00436214
0.0035268
0.00368743
0.00305122
0.00443813
0.0035902
0.00340991
0.00314034
0.00339075
0.0032627
0.00288057
0.00358502
0.00430607
0.00408668
0.00289583
0.00295243
0.004469
0.00340886
0.00287048
0.00402805
0.00306649
0.00370951
0.00346913
0.00334549
0.00500527
0.00437689
0.00315683
0.00337049
0.00466692
0.00348321
0.00417194
0.00363136
0.00342624
0.0046297
0.00352421
0.00396528
0.00396354
0.00454197
0.00346733
0.0034525
0.00344971
0.00436302
0.00322558
0.00336997
0.00331769
0.00326368
0.00333962
0.00406587
0.00328458
0.00438613
0.00301295
0.00351472
0.00354015
0.00344492
0.00400319
0.00355799
0.00350707
0.00373988
0.00439465
0.00460282
0.00404311
0.00355257
0.00293714
0.00414002
0.00287199
0.0035845
0.00374944
0.00400317
0.00372306
0.00377496
0.00285891
0.00335783
0.00332722
0.00421947
0.00320274
0.00455375
0.00420918
0.00316228
0.00339167
0.00369881
0.0037519
0.00331737
0.00282067
0.00301587
0.00426231
0.00381817
0.00302329
0.00330613
0.00290456
0.00424803
0.00333962
0.00411323
0.0040792
0.00420607
0.0033042
0.0033889
0.00312203
0.0033129
0.00371804
0.00314459
0.00345517
0.00581883
0.0037752
0.00356038
0.00434138
0.00353265
0.00375009
0.00310556
0.00302441
0.00295255
0.00321279
0.00301011
0.00328664
0.00272845
0.00361792
0.00457884
0.00369863
0.00393611
0.00313375
0.00371278
0.00406897
0.00342998
0.0043271
0.00397673
0.00422827
0.00352797
0.00355585
0.00365453
0.00399228
0.00299404
0.00326568
0.00409512
0.00350934
0.00359184
0.00371887
0.00292673
0.00355424
0.00287445
0.00353991
0.00431228
0.00322102
0.00340973
0.0033599
0.00374018
0.00328998
0.00287495
0.00434637
0.00397591
0.00402203
0.00287861
0.00398468
0.00345567
0.00493913
0.00338165
0.0043586
0.00371365
0.00350727
0.00538837
0.0046251
0.00399679
0.00303366
0.00394409
0.00341565
0.00366555
0.00340349
0.00330125
0.0035733
0.00322354
0.00368813
0.0035343
0.00335938
0.00359968
0.00373583
0.00331012
0.00388287
0.00296981
0.00414112
0.00295147
0.00400548
0.00366622
0.00296976
0.00375409
0.00370631
0.00435961
0.00380733
0.00371445
0.00389457
0.00325295
0.00357733
0.00296215
0.00357202
0.00460607
0.00339088
0.00338566
0.00285644
0.00305175
0.0041439
0.00483673
0.00367552
0.00369504
0.00407465
0.00377773
0.00308163
0.00305795
0.00350188
0.00347069
0.00652839
0.00354168
0.00323115
0.00324658
0.00397029
0.00379392
0.00335765
0.00274422
0.00439966
0.00323233
0.0029332
0.00312939
0.00337731
0.00365983
0.00319088
0.0036673
0.00403255
0.00372159
0.00323716
0.00314187
0.00334206
0.00315177
0.00331665
0.00340514
0.00327727
0.00461463
0.00505556
0.00397595
0.00305705
0.00383831
0.00344891
0.00375741
0.00415054
0.00355875
0.00385704
0.00352253
0.00288713
0.00326453
0.00331013
0.0041162
0.00401261
0.00336121
0.00349742
0.00380136
0.00403537
0.00385578
0.00354358
0.00414263
0.00286201
0.00342846
0.00294143
0.00377896
0.00397103
0.00475203
0.00423898
0.00328204
0.00365094
0.00412017
0.00394061
0.00337991
0.00323328
0.00293035
0.00324926
0.00412217
0.00386874
0.0027834
0.00295384
0.00430724
0.00424273
0.00422537
0.00334965
0.00395791
0.00314978
0.00368555
0.00368951
0.00347315
0.00389075
0.00303552
0.0031162
0.00316123
0.00283942
0.00332523
0.00374238
0.00326362
0.00317323
0.00408565
0.0037202
0.00418962
0.00358898
0.00388451
0.00403985
0.0042095
0.00372679
0.00333795
0.00346751
0.00431512
0.00363731
0.00362538
0.00338538
0.00390639
0.00312291
0.00351693
0.00289036
0.00384186
0.0040932
0.00310029
0.00347316
0.00403011
0.00381162
0.00410762
0.00385032
0.00389201
0.00409524
0.00321224
0.00357919
0.00290967
0.00445569
0.00337134
0.00416152
0.00327202
0.00455674
0.00365359
0.00390371
0.00391185
0.00335243
0.0039363
0.00339292
0.00378836
0.00319877
0.00396993
0.00372348
0.00271654
0.00459864
0.00308843
0.0037768
0.0036296
0.00345779
0.00297509
0.00336978
0.00422159
0.00377641
0.00353656
0.00306973
0.00305794
0.0039627
0.003674
0.00413158
0.0030891
0.00346222
0.00450778
0.0035415
0.00294994
0.00445843
0.003801
0.003747
0.00296008
0.00453524
0.00291751
0.00352414
0.00356959
0.00392007
0.0039467
0.00343484
0.0029295
0.0036839
0.00374736
0.00326022
0.00451551
0.00327785
0.00397036
0.00487753
0.00383421
0.00317751
0.00430261
0.00298693
0.00326132
0.00545428
0.00430908
0.00297218
0.0028878
0.00352365
0.00344207
0.00346518
0.00448552
0.00359553
0.00446276
0.0034496
0.00363406
0.00397584
0.00345884
0.00330264
0.00353779
0.00372195
0.0042715
0.00376418
0.00379346
0.00366367
0.00375956
0.00313798
0.00402866
0.00349479
0.003696
0.00329421
0.00344351
0.00371527
0.00385364
0.00307846
0.00343794
0.00342112
0.00327791
0.00366964
0.00385972
0.00372183
0.0032125
0.00378087
0.00313187
0.0037001
0.00340739
0.00324476
0.00351622
0.00326134
0.00367507
0.00412353
0.00452031
0.00334817
0.00377714
0.00366783
0.00297314
0.00401483
0.00275643
0.00305135
0.00388905
0.00329226
0.00334091
0.00325937
0.00389905
0.0029935
0.00330053
0.0044382
0.00302715
0.00412196
0.00392397
0.00300221
0.00306346
0.00313065
0.00347288
0.00323145
0.00383438
0.0046053
0.00353378
0.00270431
0.00287217
0.0040528
0.00339435
0.00350834
0.00311772
0.00328521
0.00436881
0.00340501
0.00297425
0.00397572
0.00390117
0.00386815
0.00353302
0.00337487
0.00375425
0.003405
0.00395324
0.00476129
0.00488685
0.0040206
0.00361328
0.00374925
0.00330563
0.0045746
0.00291183
0.00285321
0.00437645
0.00311448
0.00412277
0.00264905
0.00347311
0.00270035
0.00410059
0.00355235
0.00409123
0.00376084
0.00417264
0.00332198
0.00413171
0.00358649
0.00373218
0.00365521
0.00332546
0.00431795
0.00351053
0.00417507
0.00318494
0.0037215
0.00433135
0.00373228
0.00303281
0.00282285
0.00442721
0.00331429
0.0041472
0.0039448
0.00289318
0.00388912
0.00276921
0.00308368
0.00381261
0.00407901
0.00397982
0.00279874
0.0033712
0.00376463
0.00445383
0.00389844
0.00344449
0.00378143
0.00407941
0.00385756
0.00315156
0.00438875
0.00290284
0.00347538
0.0036638
0.00337863
0.00327683
0.00456039
0.00335201
0.00340769
0.00304371
0.00406744
0.00458124
0.00318419
0.00335779
0.00317965
0.0034573
0.00401106
0.00352706
0.00394099
0.00382039
0.00436823
0.00478451
0.00324721
0.00247781
0.00410317
0.00458739
0.0032794
0.00469634
0.00363388
0.00476732
0.00499512
0.00339206
0.00391823
0.00395922
0.00343921
0.00305715
0.0039274
0.00350729
0.00372296
0.00331793
0.00308393
0.00321343
0.00335002
0.00393633
0.00352191
0.00349042
0.00341466
0.00358947
0.00402631
0.00347638
0.00380798
0.00433843
0.0038949
0.00336322
0.00452529
0.00474237
0.00266472
0.00273739
0.00358881
0.00305899
0.00371065
0.00384683
0.00383283
0.00418226
0.00318243
0.00326319
0.00333299
0.00345337
0.00406922
0.00312581
0.00375582
0.00288816
0.00391325
0.00435509
0.0034343
0.00317665
0.00418467
0.00407334
0.00338186
0.00279246
0.00353901
0.00338165
0.00403947
0.00325413
0.00301172
0.00407008
0.0031746
0.00361135
0.00367515
0.00362079
0.0029252
0.00281514
0.00398912
0.002528
0.00514728
0.00269508
0.00377034
0.00393734
0.00352449
0.0023126
0.00367281
0.00368798
0.00381469
0.00286287
0.00370955
0.00424924
0.0033214
0.0041794
0.00383427
0.00343404
0.00383835
0.00417775
0.00399173
0.0034264
0.00344662
0.00407171
0.00366241
0.0028985
0.00366117
0.00414717
0.00399308
0.0035102
0.00294541
0.00337805
0.00353948
0.00350923
0.00381099
0.00341289
0.00340514
0.00362379
0.00333486
0.00271186
0.00382849
0.00372374
0.00456885
0.00324009
0.00378163
0.00384012
0.00378216
0.00468643
0.00346978
0.00400352
0.00259085
0.00382153
0.00386317
0.00336134
0.00388446
0.00413959
0.00310536
0.00320451
0.00274367
0.00323978
0.00350966
0.00311121
0.00404377
0.00506648
0.00321383
0.00348629
0.00372429
0.00324835
0.00457297
0.00515495
0.00336559
0.00357051
0.00375826
0.00368233
0.00293757
0.00390207
0.00361297
0.00356671
0.00319189
0.00483129
0.00329299
0.00363546
