0.00087979
0.000890431
0.00086822
0.000591902
0.000799103
0.00121648
0.000857595
0.000949802
0.00074725
0.000838754
0.000682841
0.000723614
0.000886288
0.000817579
0.000515222
0.000627095
0.00089599
0.000667913
0.00119623
0.000780539
0.000911099
0.000925829
0.000918015
0.000716778
0.00120287
0.00126644
0.00137602
0.000958861
0.00078734
0.000798163
0.000980403
0.000661273
0.000657417
0.000968227
0.000965224
0.00062066
0.000823586
0.00113246
0.000789627
0.000857539
0.000966068
0.000805133
0.000793443
0.000881714
0.000909831
0.000751256
0.000908722
0.000769362
0.000890501
0.000707665
0.00131326
0.00094124
0.000664758
0.00120929
0.000795168
0.00100079
0.000783095
0.00082004
0.000778025
0.00071003
0.000565748
0.000824259
0.00108254
0.000621788
0.000620007
0.000678216
0.000703678
0.00051537
0.000738068
0.000733859
0.000750541
0.00111483
0.000868364
0.000930836
0.00069195
0.00132292
0.000819735
0.000674231
0.00136715
0.00128023
0.00082714
0.000819766
0.000796204
0.000822858
0.0010171
0.000780391
0.000827657
0.000936845
0.000802146
0.00071836
0.00125029
0.00106026
0.00102749
0.000641679
0.000780838
0.000883602
0.000717063
0.000819155
0.000952862
0.00107046
0.00147668
0.000893526
0.000714993
0.000859623
0.000856948
0.000597952
0.000715499
0.000800058
0.00131553
0.00074087
0.000981212
0.000993437
0.000828289
0.0012917
0.000692992
0.000541232
0.000742407
0.000711537
0.000647752
0.00074152
0.000413288
0.000689053
0.000885197
0.000978127
0.000622713
0.000713206
0.00115391
0.000611937
0.000911136
0.000876233
0.000729815
0.000602347
0.000891982
0.000707543
0.000796011
0.000597442
0.000778133
0.000777522
0.00117614
0.000822177
0.000912205
0.000646438
0.000580369
0.000686376
0.000742201
0.000733512
0.000587899
0.001266
0.00104329
0.000556522
0.00102968
0.000830285
0.00107834
0.000732342
0.00099931
0.00119828
0.000780919
0.000708006
0.000704399
0.000670211
0.00075845
0.000914689
0.000958507
0.000806019
0.000799146
0.000682439
0.000834044
0.00117029
0.000881524
0.00100764
0.00112634
0.000809358
0.00109039
0.000915366
0.000712647
0.000914304
0.00064367
0.00114594
0.000669472
0.000657314
0.000856884
0.000991329
0.000909176
0.000865908
0.000950011
0.000759718
0.000773711
0.000988093
0.000890433
0.000782438
0.000885112
0.000604939
0.00123043
0.000654909
0.0013031
0.00107549
0.000628888
0.000713174
0.000731007
0.00134219
0.000764511
0.000881196
0.000629478
0.000726767
0.000714329
0.000592842
0.000653984
0.00082064
0.000873398
0.000744728
0.000732515
0.000808134
0.000786597
0.000749059
0.000843267
0.000817443
0.000844596
0.000901107
0.000725932
0.000840566
0.000837122
0.000841595
0.000605948
0.00075753
0.000561134
0.00102642
0.000996966
0.000782048
0.000901021
0.000988842
0.0011778
0.000666897
0.000859785
0.000771423
0.000872574
0.000863768
0.000565321
0.000788198
0.00101373
0.000856302
0.000554803
0.000959761
0.000649466
0.000723741
0.000732417
0.000801854
0.000923001
0.000965724
0.00151756
0.000906969
0.000717414
0.000662451
0.000770761
0.000773012
0.000965706
0.000885698
0.0010439
0.000841074
0.000770393
0.000587177
0.000857066
0.000748745
0.000903187
0.000955153
0.000762551
0.000959983
0.000994906
0.000914348
0.000940058
0.000930388
0.000963977
0.000889606
0.00094748
0.000665023
0.000800607
0.000916133
0.000630002
0.000517311
0.00104727
0.000674713
0.00080426
0.000852578
0.00102913
0.000587834
0.000603743
0.000987375
0.00100824
0.000612195
0.000678005
0.000958652
0.000920982
0.00101151
0.000709776
0.000756073
0.000730023
0.000754773
0.00144724
0.00105175
0.00111457
0.000734769
0.000891144
0.000969414
0.000603077
0.000736062
0.000636936
0.00103481
0.00124589
0.00090524
0.000750762
0.000762844
0.000688047
0.000872687
0.000833537
0.000949398
0.00089497
0.000882703
0.000740256
0.000764678
0.000954294
0.000702062
0.000741368
0.00116963
0.000722173
0.000551763
0.000857211
0.000785814
0.000477914
0.000939659
0.000752205
0.000784316
0.000598306
0.000731846
0.00104501
0.000999177
0.000802549
0.000985317
0.000969261
0.000808375
0.00090693
0.00121856
0.000962888
0.0013917
0.000911607
0.0011498
0.000690731
0.000699588
0.00108692
0.000732591
0.00107537
0.000554649
0.000711703
0.00139304
0.000734867
0.00105184
0.000795096
0.000967833
0.000862033
0.000788075
0.00102934
0.000895195
0.00112385
0.000887563
0.000760473
0.000906656
0.000851872
0.000763591
0.00124837
0.000617602
0.000630833
0.000739795
0.00087613
0.000802349
0.000625528
0.000795851
0.00109623
0.000824006
0.00126303
0.000784063
0.000758014
0.00061633
0.00082153
0.000873999
0.000602964
0.000970812
0.000846782
0.00097064
0.000579048
0.000598704
0.000595179
0.00058801
0.000707564
0.000694993
0.000758828
0.0010713
0.000587593
0.000792245
0.00103809
0.00138269
0.000818782
0.000798116
0.000869822
0.000858472
0.000646533
0.000864298
0.0010509
0.000913574
0.000501927
0.000731309
0.00095739
0.000773655
0.000825553
0.0010121
0.00071165
0.00115011
0.00063549
0.000787879
0.000938559
0.000767868
0.000613929
0.00113356
0.00124492
0.00104436
0.000708675
0.000861008
0.000843795
0.000968497
0.000496351
0.000858267
0.000666418
0.00113396
0.000885618
0.000892684
0.000779807
0.00128525
0.00104003
0.000652546
0.000947167
0.000850216
0.00103017
0.000692464
0.000844397
0.000588422
0.00114274
0.00081821
0.000986523
0.000577537
0.000866526
0.000633816
0.000944523
0.000742802
0.00105522
0.00088389
0.000716406
0.000630355
0.000980022
0.000659927
0.00066348
0.000778839
0.000539674
0.000655524
0.000737996
0.000714844
0.00130058
0.000744759
0.00118537
0.000764648
0.00117423
0.000853312
0.0008793
0.000998493
0.000975304
0.00100977
0.00130655
0.000822788
0.000719895
0.000962231
0.000778815
0.00062001
0.000757639
0.000898783
0.000957252
0.000677161
0.000603581
0.000688794
0.000866539
0.00075451
0.000638696
0.000833461
0.000640405
0.000583298
0.00074021
0.000634229
0.00119741
0.000806183
0.000724561
0.000980142
0.000509726
0.000812687
0.000914693
0.000774604
0.00128614
0.000777447
0.00184714
0.000598483
0.000784117
0.000901957
0.000566856
0.000658124
0.000734408
0.000835902
0.000611825
0.00100001
0.00117151
0.0010183
0.000695005
0.000583615
0.000888149
0.000872694
0.000968923
0.000449428
0.00126707
0.00124722
0.000962217
0.000744448
0.000979989
0.000939179
0.000799945
0.00101911
0.000949387
0.000553209
0.000914641
0.0007094
0.000894172
0.000677338
0.000919299
0.000802607
0.00103813
0.000787897
0.000473947
0.000659539
0.00075942
0.000623816
0.000830734
0.000665692
0.000740666
0.00129495
0.00101755
0.000688915
0.000868825
0.00115623
0.000971531
0.000585454
0.000611717
0.000944134
0.00107576
0.000692599
0.00083038
0.00192358
0.00111783
0.000700963
0.00124106
0.00103435
0.00145438
0.000787456
0.00060803
0.000993365
0.000854084
0.00118695
0.00119296
0.000802004
0.000802966
0.000767538
0.00104173
0.000744861
0.000993014
0.000733509
0.000573631
0.000893151
0.00083417
0.00114376
0.000751699
0.000850708
0.000719021
0.000568382
0.000551847
0.000757388
0.000923765
0.000698297
0.000736148
0.000878739
0.000971839
0.000963997
0.000693489
0.000890571
0.000869605
0.000914659
0.000963912
0.00076858
0.000613168
0.000637729
0.000645331
0.00084623
0.000876874
0.00110796
0.000795865
0.000989304
0.000839319
0.000939275
0.000715578
0.00107046
0.000848791
0.000986413
0.000682281
0.000928603
0.000810074
0.000688846
0.000791566
0.000841822
0.000827263
0.00109188
0.00083843
0.000640638
0.000703856
0.000491329
0.000825451
0.000889766
0.000790701
0.000823773
0.00113206
0.000926144
0.00120779
0.00081709
0.000534889
0.000872599
0.00100851
0.000853295
0.000914535
0.000926842
0.000766726
0.00124712
0.000997299
0.000830675
0.000723143
0.000572504
0.000844237
0.000930721
0.000778784
0.000703722
0.000962559
0.000567611
0.000666942
0.000854382
0.000653995
0.000860016
0.000821688
0.000776645
0.00118988
0.000747207
0.000718757
0.00084791
0.00075481
0.000843165
0.000660286
0.000622034
0.000856947
0.000533956
0.000952086
0.000763284
0.000761277
0.000648564
0.000795267
0.00102476
0.000842359
0.00104329
0.000740201
0.000881601
0.00113733
0.00114144
0.000756928
0.000535105
0.000812665
0.000921622
0.000972217
0.000782167
0.000895055
0.00087872
0.000776235
0.000694011
0.000760019
0.000954798
0.0009617
0.000926781
0.000812245
0.000533339
0.000625408
0.00122177
0.000986676
0.000941674
0.000734214
0.000730655
0.00076821
0.000790416
0.000714341
0.00138801
0.000724265
0.00074068
0.000617518
0.000711452
0.000792615
0.000689643
0.000706924
0.00105178
0.000693729
0.000658734
0.00100141
0.00105038
0.00052065
0.000971596
0.000660649
0.000918876
0.000489085
0.000711199
0.00079702
0.000973126
0.00103286
0.00066855
0.000665788
0.000633743
0.00088157
0.000816429
0.00067957
0.00126162
0.000645139
0.000808871
0.00052414
0.000939651
0.00107617
0.000672016
0.000863813
0.000680745
0.000787959
0.000751723
0.000623207
0.000980414
0.00103045
0.000714097
0.000795591
0.00109183
0.000809483
0.0007493
0.000957049
0.00077581
0.000740474
0.000839208
0.000460211
0.000832703
0.000787779
0.00131704
0.000609627
0.000999705
0.00102522
0.000679531
0.00092155
0.000854294
0.000543185
0.000683564
0.000612024
0.000682192
0.000900513
0.000970744
0.000915132
0.000599074
0.00114238
0.000781721
0.000646143
0.000856782
0.000916323
0.000873103
0.000971283
0.000737868
0.00114595
0.00100856
0.000934771
0.00108041
0.000644384
0.000772621
0.000703222
0.000801696
0.000662675
0.000768361
0.00127022
0.000691118
0.000902576
0.0012098
0.000751947
0.000738
0.000794743
0.00082007
0.00123682
0.000720371
0.000567731
0.000924608
0.000756027
0.000895214
0.000670856
0.00114125
0.000851119
0.000835167
0.000671543
0.00101978
0.000856463
0.000765345
0.000844824
0.000901593
0.000639497
0.000818754
0.000871212
0.000847766
0.000696168
0.000926023
0.000998207
0.000854118
0.000742649
0.000838564
0.000819791
0.00059119
0.000871806
0.000924129
0.000475802
0.000947526
0.000945427
0.000732226
0.000584146
0.000523639
0.000820346
0.00114379
0.000743067
0.0010324
0.000882245
0.000920827
0.000791913
0.000795014
0.000774264
0.000949889
0.00103702
0.000808866
0.000608178
0.000784792
0.000825977
0.00102852
0.000545872
0.00064126
0.000918256
0.000486936
0.000685439
0.000847487
0.000856556
0.000878458
0.000905388
0.00110608
0.00105413
0.000711346
0.000900332
0.000704009
0.000897194
0.000603118
0.000806103
0.000633698
0.00060409
0.000785841
0.000631937
0.0010955
0.000901181
0.000951195
0.000769168
0.000868559
0.000750842
0.000970437
0.00083592
0.000893089
0.000786536
0.000877798
0.000583625
0.00112333
0.00089735
0.000779342
0.000743175
0.00102552
0.000909905
0.000653614
0.000960244
0.000891276
0.00113528
0.000749663
0.00110589
0.000917803
0.0008283
0.000738174
0.000657567
0.000814086
0.000842876
0.000875314
0.00090312
0.00071476
0.000716842
0.000977034
0.000706394
0.000779603
0.000949123
0.000889025
0.000828427
0.00097435
0.00100994
0.000798636
0.000671759
0.000927338
0.00119537
0.00097535
0.000800039
0.000941059
0.00109561
0.00085504
0.000512794
0.000809796
0.000773972
0.000557178
0.00102129
0.000801838
0.00107215
0.000666407
0.000850776
0.000848866
0.00083881
0.000814697
0.000928939
0.000779564
0.000988045
0.000770082
0.000783879
0.000688175
0.000861993
0.000780766
0.000914431
0.00118229
0.000732962
0.000864221
0.00111206
0.000678884
0.000883312
0.000871341
0.000894781
0.000904797
0.00125485
0.00128404
0.000952435
0.000627972
0.0008504
0.00100592
0.000736991
0.000865671
0.000839751
0.000807541
0.00096262
0.000844582
0.000777797
0.00112351
0.000853305
0.000863766
0.000939947
0.00101699
0.000973877
0.0009027
0.000963467
0.00060359
0.00075129
0.00088978
0.00110631
0.000781835
0.000862473
0.000740338
0.000513162
0.00115411
0.00089987
0.00094858
0.000800232
0.00115433
0.00159256
0.000791984
0.000659088
0.000758097
0.00103758
0.000939859
0.000809313
0.000821417
0.00102201
0.000787171
0.000730654
0.0015584
0.000689481
0.00076368
0.00087979
0.000890431
0.00086822
0.000591902
0.000799103
0.00121648
0.000857595
0.000949802
0.00074725
0.000838754
0.000682841
0.000723614
0.000886288
0.000817579
0.000515222
0.000627095
0.00089599
0.000667913
0.00119623
0.000780539
0.000911099
0.000925829
0.000918015
0.000716778
0.00120287
0.00126644
0.00137602
0.000958861
0.00078734
0.000798163
0.000980403
0.000661273
0.000657417
0.000968227
0.000965224
0.00062066
0.000823586
0.00113246
0.000789627
0.000857539
0.000966068
0.000805133
0.000793443
0.000881714
0.000909831
0.000751256
0.000908722
0.000769362
0.000890501
0.000707665
0.00131326
0.00094124
0.000664758
0.00120929
0.000795168
0.00100079
0.000783095
0.00082004
0.000778025
0.00071003
0.000565748
0.000824259
0.00108254
0.000621788
0.000620007
0.000678216
0.000703678
0.00051537
0.000738068
0.000733859
0.000750541
0.00111483
0.000868364
0.000930836
0.00069195
0.00132292
0.000819735
0.000674231
0.00136715
0.00128023
0.00082714
0.000819766
0.000796204
0.000822858
0.0010171
0.000780391
0.000827657
0.000936845
0.000802146
0.00071836
0.00125029
0.00106026
0.00102749
0.000641679
0.000780838
0.000883602
0.000717063
0.000819155
0.000952862
0.00107046
0.00147668
0.000893526
0.000714993
0.000859623
0.000856948
0.000597952
0.000715499
0.000800058
0.00131553
0.00074087
0.000981212
0.000993437
0.000828289
0.0012917
0.000692992
0.000541232
0.000742407
0.000711537
0.000647752
0.00074152
0.000413288
0.000689053
0.000885197
0.000978127
0.000622713
0.000713206
0.00115391
0.000611937
0.000911136
0.000876233
0.000729815
0.000602347
0.000891982
0.000707543
0.000796011
0.000597442
0.000778133
0.000777522
0.00117614
0.000822177
0.000912205
0.000646438
0.000580369
0.000686376
0.000742201
0.000733512
0.000587899
0.001266
0.00104329
0.000556522
0.00102968
0.000830285
0.00107834
0.000732342
0.00099931
0.00119828
0.000780919
0.000708006
0.000704399
0.000670211
0.00075845
0.000914689
0.000958507
0.000806019
0.000799146
0.000682439
0.000834044
0.00117029
0.000881524
0.00100764
0.00112634
0.000809358
0.00109039
0.000915366
0.000712647
0.000914304
0.00064367
0.00114594
0.000669472
0.000657314
0.000856884
0.000991329
0.000909176
0.000865908
0.000950011
0.000759718
0.000773711
0.000988093
0.000890433
0.000782438
0.000885112
0.000604939
0.00123043
0.000654909
0.0013031
0.00107549
0.000628888
0.000713174
0.000731007
0.00134219
0.000764511
0.000881196
0.000629478
0.000726767
0.000714329
0.000592842
0.000653984
0.00082064
0.000873398
0.000744728
0.000732515
0.000808134
0.000786597
0.000749059
0.000843267
0.000817443
0.000844596
0.000901107
0.000725932
0.000840566
0.000837122
0.000841595
0.000605948
0.00075753
0.000561134
0.00102642
0.000996966
0.000782048
0.000901021
0.000988842
0.0011778
0.000666897
0.000859785
0.000771423
0.000872574
0.000863768
0.000565321
0.000788198
0.00101373
0.000856302
0.000554803
0.000959761
0.000649466
0.000723741
0.000732417
0.000801854
0.000923001
0.000965724
0.00151756
0.000906969
0.000717414
0.000662451
0.000770761
0.000773012
0.000965706
0.000885698
0.0010439
0.000841074
0.000770393
0.000587177
0.000857066
0.000748745
0.000903187
0.000955153
0.000762551
0.000959983
0.000994906
0.000914348
0.000940058
0.000930388
0.000963977
0.000889606
0.00094748
0.000665023
0.000800607
0.000916133
0.000630002
0.000517311
0.00104727
0.000674713
0.00080426
0.000852578
0.00102913
0.000587834
0.000603743
0.000987375
0.00100824
0.000612195
0.000678005
0.000958652
0.000920982
0.00101151
0.000709776
0.000756073
0.000730023
0.000754773
0.00144724
0.00105175
0.00111457
0.000734769
0.000891144
0.000969414
0.000603077
0.000736062
0.000636936
0.00103481
0.00124589
0.00090524
0.000750762
0.000762844
0.000688047
0.000872687
0.000833537
0.000949398
0.00089497
0.000882703
0.000740256
0.000764678
0.000954294
0.000702062
0.000741368
0.00116963
0.000722173
0.000551763
0.000857211
0.000785814
0.000477914
0.000939659
0.000752205
0.000784316
0.000598306
0.000731846
0.00104501
0.000999177
0.000802549
0.000985317
0.000969261
0.000808375
0.00090693
0.00121856
0.000962888
0.0013917
0.000911607
0.0011498
0.000690731
0.000699588
0.00108692
0.000732591
0.00107537
0.000554649
0.000711703
0.00139304
0.000734867
0.00105184
0.000795096
0.000967833
0.000862033
0.000788075
0.00102934
0.000895195
0.00112385
0.000887563
0.000760473
0.000906656
0.000851872
0.000763591
0.00124837
0.000617602
0.000630833
0.000739795
0.00087613
0.000802349
0.000625528
0.000795851
0.00109623
0.000824006
0.00126303
0.000784063
0.000758014
0.00061633
0.00082153
0.000873999
0.000602964
0.000970812
0.000846782
0.00097064
0.000579048
0.000598704
0.000595179
0.00058801
0.000707564
0.000694993
0.000758828
0.0010713
0.000587593
0.000792245
0.00103809
0.00138269
0.000818782
0.000798116
0.000869822
0.000858472
0.000646533
0.000864298
0.0010509
0.000913574
0.000501927
0.000731309
0.00095739
0.000773655
0.000825553
0.0010121
0.00071165
0.00115011
0.00063549
0.000787879
0.000938559
0.000767868
0.000613929
0.00113356
0.00124492
0.00104436
0.000708675
0.000861008
0.000843795
0.000968497
0.000496351
0.000858267
0.000666418
0.00113396
0.000885618
0.000892684
0.000779807
0.00128525
0.00104003
0.000652546
0.000947167
0.000850216
0.00103017
0.000692464
0.000844397
0.000588422
0.00114274
0.00081821
0.000986523
0.000577537
0.000866526
0.000633816
0.000944523
0.000742802
0.00105522
0.00088389
0.000716406
0.000630355
0.000980022
0.000659927
0.00066348
0.000778839
0.000539674
0.000655524
0.000737996
0.000714844
0.00130058
0.000744759
0.00118537
0.000764648
0.00117423
0.000853312
0.0008793
0.000998493
0.000975304
0.00100977
0.00130655
0.000822788
0.000719895
0.000962231
0.000778815
0.00062001
0.000757639
0.000898783
0.000957252
0.000677161
0.000603581
0.000688794
0.000866539
0.00075451
0.000638696
0.000833461
0.000640405
0.000583298
0.00074021
0.000634229
0.00119741
0.000806183
0.000724561
0.000980142
0.000509726
0.000812687
0.000914693
0.000774604
0.00128614
0.000777447
0.00184714
0.000598483
0.000784117
0.000901957
0.000566856
0.000658124
0.000734408
0.000835902
0.000611825
0.00100001
0.00117151
0.0010183
0.000695005
0.000583615
0.000888149
0.000872694
0.000968923
0.000449428
0.00126707
0.00124722
0.000962217
0.000744448
0.000979989
0.000939179
0.000799945
0.00101911
0.000949387
0.000553209
0.000914641
0.0007094
0.000894172
0.000677338
0.000919299
0.000802607
0.00103813
0.000787897
0.000473947
0.000659539
0.00075942
0.000623816
0.000830734
0.000665692
0.000740666
0.00129495
0.00101755
0.000688915
0.000868825
0.00115623
0.000971531
0.000585454
0.000611717
0.000944134
0.00107576
0.000692599
0.00083038
0.00192358
0.00111783
0.000700963
0.00124106
0.00103435
0.00145438
0.000787456
0.00060803
0.000993365
0.000854084
0.00118695
0.00119296
0.000802004
0.000802966
0.000767538
0.00104173
0.000744861
0.000993014
0.000733509
0.000573631
0.000893151
0.00083417
0.00114376
0.000751699
0.000850708
0.000719021
0.000568382
0.000551847
0.000757388
0.000923765
0.000698297
0.000736148
0.000878739
0.000971839
0.000963997
0.000693489
0.000890571
0.000869605
0.000914659
0.000963912
0.00076858
0.000613168
0.000637729
0.000645331
0.00084623
0.000876874
0.00110796
0.000795865
0.000989304
0.000839319
0.000939275
0.000715578
0.00107046
0.000848791
0.000986413
0.000682281
0.000928603
0.000810074
0.000688846
0.000791566
0.000841822
0.000827263
0.00109188
0.00083843
0.000640638
0.000703856
0.000491329
0.000825451
0.000889766
0.000790701
0.000823773
0.00113206
0.000926144
0.00120779
0.00081709
0.000534889
0.000872599
0.00100851
0.000853295
0.000914535
0.000926842
0.000766726
0.00124712
0.000997299
0.000830675
0.000723143
0.000572504
0.000844237
0.000930721
0.000778784
0.000703722
0.000962559
0.000567611
0.000666942
0.000854382
0.000653995
0.000860016
0.000821688
0.000776645
0.00118988
0.000747207
0.000718757
0.00084791
0.00075481
0.000843165
0.000660286
0.000622034
0.000856947
0.000533956
0.000952086
0.000763284
0.000761277
0.000648564
0.000795267
0.00102476
0.000842359
0.00104329
0.000740201
0.000881601
0.00113733
0.00114144
0.000756928
0.000535105
0.000812665
0.000921622
0.000972217
0.000782167
0.000895055
0.00087872
0.000776235
0.000694011
0.000760019
0.000954798
0.0009617
0.000926781
0.000812245
0.000533339
0.000625408
0.00122177
0.000986676
0.000941674
0.000734214
0.000730655
0.00076821
0.000790416
0.000714341
0.00138801
0.000724265
0.00074068
0.000617518
0.000711452
0.000792615
0.000689643
0.000706924
0.00105178
0.000693729
0.000658734
0.00100141
0.00105038
0.00052065
0.000971596
0.000660649
0.000918876
0.000489085
0.000711199
0.00079702
0.000973126
0.00103286
0.00066855
0.000665788
0.000633743
0.00088157
0.000816429
0.00067957
0.00126162
0.000645139
0.000808871
0.00052414
0.000939651
0.00107617
0.000672016
0.000863813
0.000680745
0.000787959
0.000751723
0.000623207
0.000980414
0.00103045
0.000714097
0.000795591
0.00109183
0.000809483
0.0007493
0.000957049
0.00077581
0.000740474
0.000839208
0.000460211
0.000832703
0.000787779
0.00131704
0.000609627
0.000999705
0.00102522
0.000679531
0.00092155
0.000854294
0.000543185
0.000683564
0.000612024
0.000682192
0.000900513
0.000970744
0.000915132
0.000599074
0.00114238
0.000781721
0.000646143
0.000856782
0.000916323
0.000873103
0.000971283
0.000737868
0.00114595
0.00100856
0.000934771
0.00108041
0.000644384
0.000772621
0.000703222
0.000801696
0.000662675
0.000768361
0.00127022
0.000691118
0.000902576
0.0012098
0.000751947
0.000738
0.000794743
0.00082007
0.00123682
0.000720371
0.000567731
0.000924608
0.000756027
0.000895214
0.000670856
0.00114125
0.000851119
0.000835167
0.000671543
0.00101978
0.000856463
0.000765345
0.000844824
0.000901593
0.000639497
0.000818754
0.000871212
0.000847766
0.000696168
0.000926023
0.000998207
0.000854118
0.000742649
0.000838564
0.000819791
0.00059119
0.000871806
0.000924129
0.000475802
0.000947526
0.000945427
0.000732226
0.000584146
0.000523639
0.000820346
0.00114379
0.000743067
0.0010324
0.000882245
0.000920827
0.000791913
0.000795014
0.000774264
0.000949889
0.00103702
0.000808866
0.000608178
0.000784792
0.000825977
0.00102852
0.000545872
0.00064126
0.000918256
0.000486936
0.000685439
0.000847487
0.000856556
0.000878458
0.000905388
0.00110608
0.00105413
0.000711346
0.000900332
0.000704009
0.000897194
0.000603118
0.000806103
0.000633698
0.00060409
0.000785841
0.000631937
0.0010955
0.000901181
0.000951195
0.000769168
0.000868559
0.000750842
0.000970437
0.00083592
0.000893089
0.000786536
0.000877798
0.000583625
0.00112333
0.00089735
0.000779342
0.000743175
0.00102552
0.000909905
0.000653614
0.000960244
0.000891276
0.00113528
0.000749663
0.00110589
0.000917803
0.0008283
0.000738174
0.000657567
0.000814086
0.000842876
0.000875314
0.00090312
0.00071476
0.000716842
0.000977034
0.000706394
0.000779603
0.000949123
0.000889025
0.000828427
0.00097435
0.00100994
0.000798636
0.000671759
0.000927338
0.00119537
0.00097535
0.000800039
0.000941059
0.00109561
0.00085504
0.000512794
0.000809796
0.000773972
0.000557178
0.00102129
0.000801838
0.00107215
0.000666407
0.000850776
0.000848866
0.00083881
0.000814697
0.000928939
0.000779564
0.000988045
0.000770082
0.000783879
0.000688175
0.000861993
0.000780766
0.000914431
0.00118229
0.000732962
0.000864221
0.00111206
0.000678884
0.000883312
0.000871341
0.000894781
0.000904797
0.00125485
0.00128404
0.000952435
0.000627972
0.0008504
0.00100592
0.000736991
0.000865671
0.000839751
0.000807541
0.00096262
0.000844582
0.000777797
0.00112351
0.000853305
0.000863766
0.000939947
0.00101699
0.000973877
0.0009027
0.000963467
0.00060359
0.00075129
0.00088978
0.00110631
0.000781835
0.000862473
0.000740338
0.000513162
0.00115411
0.00089987
0.00094858
0.000800232
0.00115433
0.00159256
0.000791984
0.000659088
0.000758097
0.00103758
0.000939859
0.000809313
0.000821417
0.00102201
0.000787171
0.000730654
0.0015584
0.000689481
0.00076368
