75.4964
63.6856
27.904
99.105
40.0722
54.2608
64.113
19.878
41.251
38.81
23.5725
45.6291
44.8854
78.8659
34.075
95.5412
26.3958
38.3122
63.3666
60.3373
41.7707
52.7946
44.1773
31.4087
39.226
24.0815
79.5665
33.869
39.0664
32.2483
34.4857
47.8403
38.5006
43.0413
60.8414
57.04
46.4923
45.0762
71.8426
42.9707
56.3446
77.5761
100.485
54.9309
30.6184
39.3239
37.459
37.0145
44.7275
33.5157
36.8343
41.0817
57.7165
83.8703
37.6066
48.4306
36.7844
30.4699
42.1179
35.1565
55.5143
74.9429
41.1444
39.3132
50.3284
40.2144
61.3817
47.8877
42.5389
29.688
69.7872
44.3621
37.863
44.5578
36.7995
44.0135
26.036
40.7608
33.4618
23.7595
60.3592
47.5433
33.8537
45.1259
51.0255
55.4929
46.377
33.4978
65.4517
42.616
38.2437
60.518
41.5033
40.8363
54.5148
49.9364
36.5752
34.1806
47.2863
43.0183
41.3815
33.9812
42.9968
32.6268
43.0622
46.176
34.8103
57.2165
47.847
38.6208
34.4863
32.6646
37.8452
48.9153
21.9755
30.1164
50.1415
51.9434
30.2044
65.0359
56.5342
70.6168
38.1705
32.2523
50.5579
29.7614
37.2635
56.3834
46.9639
26.8597
35.7018
55.173
49.7746
40.5958
64.2349
33.7854
52.8811
62.7044
53.7572
50.5387
40.3982
44.2382
28.2216
58.1646
61.999
29.1362
78.3823
44.4039
41.8052
52.4807
40.34
42.0253
42.0556
45.2549
39.7251
53.3891
56.9132
79.9154
50.2663
24.7994
32.7956
29.6054
46.0104
33.9224
47.8859
38.3028
40.2698
44.0559
75.4437
90.2986
51.4665
53.3257
36.3533
47.4884
46.8696
51.7003
36.6151
38.3466
46.4118
47.2708
37.7816
60.9667
57.6177
68.9859
35.8616
44.6934
39.2269
42.7737
47.7378
18.9688
29.225
38.6191
45.1826
44.8052
34.4856
40.1689
46.3971
46.1124
43.4834
29.4258
