0.970023
2.86598
1.26361
1.41427
1.33855
1.56261
1.99816
1.90192
1.5954
1.56098
2.03323
1.73662
1.50767
1.7669
1.69346
2.63958
1.45502
1.22403
2.03459
0.882459
0.964615
1.69452
1.98088
0.708474
1.42888
1.17848
2.91508
3.36128
2.74272
1.02508
0.80286
0.941945
1.25757
1.95062
1.40431
1.55328
1.36769
0.712785
1.15113
1.39215
1.35135
1.25257
1.87736
2.18929
1.5466
1.78784
1.34486
1.56044
1.29177
1.42009
1.10163
1.18059
1.23306
2.60615
2.21375
1.19383
2.03055
3.41339
0.875186
1.81213
2.23841
1.39364
1.70637
0.932952
1.0649
0.932125
1.66619
2.84789
1.16612
1.41046
1.47016
2.99875
2.11013
2.90774
1.81036
1.61029
1.33485
1.46551
0.763204
1.53894
1.41359
2.13536
2.7948
1.5031
1.72358
1.35964
1.66418
1.50729
1.17512
1.48938
1.14396
1.7293
1.04811
1.01611
1.34592
2.55111
0.939787
0.915055
2.03231
0.985749
1.78141
1.34733
1.5434
0.973938
1.33955
1.75606
1.74526
1.82165
0.960595
2.72669
0.552974
1.48273
0.936374
2.5435
1.71628
1.49807
1.12897
1.95642
1.16895
2.17839
1.76464
2.35289
1.72674
1.81566
1.70615
2.00698
0.803773
2.90518
2.52014
1.66789
0.943685
1.58098
2.38203
1.75295
1.7697
0.980817
1.71998
0.588731
0.809189
1.99053
1.81008
1.21336
0.663881
2.3785
2.61737
2.40802
2.55825
0.98369
1.90425
0.745285
2.82974
2.73857
1.82125
0.86761
1.34145
1.93167
2.55808
1.34878
1.13655
3.09754
2.48144
3.09543
2.12291
1.87846
1.32874
1.95678
2.74327
1.42976
1.46145
1.1571
2.00144
2.74439
1.20645
2.02133
1.93215
1.03981
1.60002
1.06188
3.62267
2.1221
1.69242
1.08129
1.56115
1.86695
0.767048
0.716714
1.25064
2.11273
1.14134
2.0965
1.3696
0.990406
1.88055
1.69755
1.13156
1.75932
2.58917
2.51532
2.38913
1.77163
1.39821
3.19301
1.6122
1.95708
0.986848
2.22488
1.68709
2.46007
1.17675
1.8812
1.48382
1.07014
1.65696
1.31493
1.17987
2.06392
0.777354
1.34601
1.67034
1.45496
0.878216
1.46674
2.37566
1.28691
1.64062
1.36463
1.78611
1.08542
1.60361
1.25658
1.61224
2.57247
1.0417
1.28418
2.27162
3.74819
2.14771
2.04119
0.982679
2.22919
1.62904
1.83149
2.11728
1.44509
1.06986
1.45674
1.14481
1.25441
1.16449
0.879305
2.24888
1.19608
1.91648
3.03893
3.1468
1.3516
1.41403
1.65889
1.57366
1.23114
1.37342
1.81716
0.989962
1.06678
1.42512
1.97767
2.35711
1.87956
0.709823
1.81556
1.95519
2.08044
0.979842
2.31357
1.15927
3.18092
1.70155
2.4437
0.922056
0.559377
1.15447
1.13604
1.41602
1.91526
1.7902
1.94304
1.912
2.18399
1.24925
1.69153
0.911933
1.08293
1.07904
1.53072
2.19162
1.73583
1.73664
1.43105
1.71035
1.47689
1.11654
1.10744
2.41939
2.49277
2.59281
1.46486
2.68038
1.33856
1.51725
1.49124
0.723816
1.38442
1.30768
2.46612
2.72338
2.04957
0.842714
1.92247
1.38291
1.02118
1.54443
1.05617
0.89082
2.13406
1.6631
1.06268
1.43937
1.15476
1.2275
1.56224
2.2417
1.41686
1.66476
0.828584
0.632058
1.5788
2.26231
2.01513
1.11304
3.32838
1.44508
1.17944
0.916391
0.924976
1.432
2.18726
1.41053
1.72537
0.838318
1.64066
1.53346
1.48006
1.30062
2.11562
1.52642
2.9095
0.974434
1.45152
1.96452
1.58668
1.83358
0.766827
1.22558
1.32644
1.08705
1.11913
1.14288
1.35923
2.42474
0.979482
0.960843
1.29446
1.08131
1.2403
2.42067
0.941347
1.14541
1.68061
0.811935
2.0198
1.99212
1.57485
1.64931
1.99615
1.01072
1.78572
1.56185
2.83044
0.841102
1.02405
1.09965
1.40325
1.88946
2.27679
1.65991
1.43673
2.21176
2.10365
1.13231
2.75939
1.59701
2.48026
2.17716
1.59035
1.20248
1.8644
1.27271
2.43052
1.41434
0.726597
2.19915
0.810317
0.735214
2.22777
1.65674
1.17916
1.70621
2.61598
2.66875
1.9006
0.966394
2.74761
2.07319
0.876038
1.99976
0.87685
0.884957
1.48111
1.42436
2.79285
0.785582
0.877191
2.11184
1.03859
1.21735
1.71769
1.04679
1.02443
0.983126
1.96082
1.8071
1.12838
1.44468
1.46748
1.62212
2.28114
1.39461
1.08558
1.54636
2.63689
1.48913
1.76477
1.78802
1.61912
1.85682
1.07689
2.64369
1.16456
2.6076
1.47115
1.00093
0.97573
1.9003
1.50741
1.17607
2.37859
1.72284
1.97612
3.40389
1.05241
1.76163
1.69461
0.958405
1.01457
2.58645
1.61008
1.2927
2.28426
0.98097
1.1248
2.54019
1.07178
1.23614
1.70898
1.00628
1.85505
1.28436
2.05869
1.1596
1.47388
1.70077
1.45317
0.944999
1.22994
1.45876
1.6281
1.15503
0.865216
2.1322
0.814282
0.827003
1.59563
2.93741
1.02216
0.877525
0.929491
2.11803
1.01477
1.07316
1.71493
2.07912
1.39729
1.72499
0.888797
1.04426
0.885438
1.40228
2.28481
1.46013
0.943413
1.07408
1.41124
1.93138
1.84606
1.65294
1.23821
2.5294
1.9291
1.46458
1.45229
1.37653
1.60251
2.2985
1.30854
1.20628
1.04739
1.18091
1.54044
1.15264
1.22952
1.67107
2.28387
2.10387
1.72472
1.19376
0.961109
1.62547
1.40176
1.86474
2.19908
1.81989
1.71999
1.20861
1.30834
0.933882
1.68232
0.759502
1.80502
1.56377
0.696827
1.46036
1.45191
2.02203
1.33475
1.05457
1.48724
1.0841
1.60426
3.39265
2.45423
1.63501
1.46909
1.70256
0.989983
1.58893
1.2182
1.47665
1.30682
1.37893
2.2741
1.20866
2.65112
1.30643
2.94174
0.949005
1.0376
1.62042
2.27024
1.97157
1.49943
1.48483
2.04174
1.38612
0.947101
0.852959
0.503201
2.14736
2.345
2.22437
1.37962
1.45925
2.59446
0.910435
1.78002
1.11959
1.41702
2.46249
2.14082
0.992565
1.34969
2.12817
2.15661
1.46973
2.17224
1.61093
1.01574
4.29676
2.01519
1.69135
2.20022
2.37505
1.77266
2.05466
2.37389
1.07881
1.37895
1.20387
1.9893
1.45351
1.35877
0.61183
0.868831
0.693605
1.32423
1.68105
1.63138
0.589944
1.57736
1.69254
1.71031
0.874038
3.6962
2.03801
3.53912
0.856224
1.99879
2.96991
2.30602
1.3324
1.19519
1.05425
0.548741
1.73892
1.58317
1.65491
1.25756
1.2863
2.33576
1.35759
1.74286
1.49576
1.41408
1.43682
1.10102
1.56775
1.80077
2.4648
1.25497
2.06742
1.08335
1.00867
1.05901
0.460456
1.73099
1.15313
1.14756
0.664815
2.8885
2.37637
1.43475
1.82192
3.43015
1.45858
1.65883
1.07599
1.64026
2.13645
1.39794
1.17825
1.08303
1.34539
1.36574
1.25845
1.72254
1.73442
1.21304
0.744838
1.61296
0.926934
1.89097
1.92742
1.59731
2.58308
1.07558
2.29636
0.802888
1.54618
0.699329
2.06289
1.34375
3.1525
1.32353
1.49142
1.01393
0.979108
1.46196
1.1162
1.37964
1.03064
1.93745
0.586448
1.56214
2.32136
1.45961
0.989341
1.77897
1.63047
0.721253
1.52622
1.24169
2.60816
2.64975
1.4538
1.6195
2.21209
1.94017
1.24732
1.63969
1.10398
2.0811
1.127
1.42167
1.52289
1.06638
1.95959
2.12914
2.17731
2.24474
1.85347
0.746668
1.41081
1.62858
1.34737
1.79959
2.68266
1.92732
2.29467
1.24409
1.39607
1.18416
1.39379
1.94811
1.03277
1.71294
0.676409
1.35289
1.73143
1.86897
2.05143
1.08065
1.24683
1.63592
2.33348
1.90258
1.43309
1.53757
1.46323
1.57149
1.74522
1.15575
1.25579
1.74152
1.10203
1.28849
1.30329
0.795561
0.748841
2.18446
1.41305
3.07613
0.697164
2.99245
0.824677
2.19606
1.40792
1.58061
1.05628
0.868919
1.1029
2.05393
1.0677
0.91244
1.20016
1.67388
1.91404
1.69472
2.42382
2.32499
1.16301
2.04218
1.25984
1.78426
2.9311
0.935735
2.47271
0.850247
1.45601
1.76417
1.65361
0.524428
1.06688
0.872994
1.06496
1.30179
1.64881
1.80551
1.14141
1.3433
1.24972
1.26845
1.95153
1.15359
1.15544
1.18167
1.73637
1.68551
1.32095
1.36493
1.45009
0.889886
1.50656
2.31258
1.60065
1.09561
2.23431
1.56049
1.48496
1.34418
1.61342
3.34902
2.27763
1.62259
1.72521
2.24488
1.51038
1.25844
1.28495
1.37355
2.25554
2.65948
1.22293
1.04591
2.22584
1.88417
0.767951
2.68065
1.15231
1.65291
1.31825
1.23245
0.578291
1.63557
1.43652
1.19418
1.72894
1.12946
1.25386
1.35334
1.09757
1.58428
1.22941
1.77529
1.3482
0.475885
1.0201
1.19486
3.06218
1.2483
2.13928
1.03954
1.33271
2.15413
2.10088
1.04465
1.24223
1.17345
1.43089
2.03301
0.954928
1.30545
1.76735
2.00952
0.906331
2.48622
2.02134
0.952176
2.64472
1.36941
1.67278
2.24372
0.986562
1.57365
1.80983
2.14915
1.53539
1.38854
2.75506
2.08224
0.897962
1.52863
1.43612
1.75533
0.775879
1.71866
1.27147
1.12776
1.38712
2.74521
1.26321
1.11556
1.43375
1.64927
1.76989
1.65842
1.67466
1.45644
1.29366
1.86688
1.12464
1.15273
0.999954
2.32722
3.93346
1.44771
1.34164
1.67853
1.6439
4.92325
1.20835
1.07912
1.16956
1.88553
1.05369
1.20805
3.22853
1.41092
2.17149
3.72697
1.69924
1.58511
1.80581
1.67792
0.496871
1.89088
1.08459
1.09646
2.39863
0.926755
1.48157
1.30013
0.87301
1.09113
2.11988
0.821752
1.39429
1.54693
0.927627
0.983408
1.18664
1.63919
1.32898
2.2119
1.49896
0.91111
0.979239
1.63435
1.27899
3.52412
2.29535
1.08602
1.8741
1.07144
1.51996
0.985685
1.95186
1.35986
1.19255
2.65086
2.14117
1.37423
0.955832
2.80726
3.98668
2.10503
1.40382
0.761237
2.03866
1.53698
2.05988
1.99788
2.15862
1.91612
3.57427
3.36134
1.46707
2.07373
1.17832
1.62515
3.04506
1.11511
1.29517
1.50222
2.03787
1.43235
1.01088
1.1005
2.16837
1.39835
1.84973
2.57931
1.78262
1.36786
2.19903
2.31246
0.746346
1.14365
1.91886
1.58179
0.968594
2.84252
2.14269
4.30629
1.50679
2.91822
1.32329
2.2352
1.35757
3.02711
1.8021
1.18894
2.46458
1.95014
1.93524
0.549404
1.8732
1.72713
1.92746
1.40574
1.44115
2.25982
0.736147
1.97697
1.69028
1.26228
1.6578
1.13928
1.91589
2.39913
0.869599
1.09872
2.02292
1.31639
0.876297
1.4654
1.49157
1.12599
1.36501
1.17354
1.44637
0.99219
1.43458
1.03199
1.54608
1.84056
1.56568
1.32152
1.64192
3.00443
0.834302
1.65751
2.01703
1.41884
0.976423
1.21173
1.66476
1.84169
0.913511
0.976484
2.55475
3.15141
2.62731
3.243
1.24097
1.73648
2.47739
1.79903
3.76664
1.58142
1.48558
0.911677
1.83771
1.58968
1.15185
1.06263
0.76755
1.26181
1.33398
2.57451
1.35365
1.08373
1.53706
1.14304
1.71067
2.38132
2.37287
1.6946
1.54139
1.70189
2.01112
2.41385
1.51123
1.42351
1.13253
1.55782
4.15425
2.19437
1.12756
1.82049
1.76326
1.34339
0.624937
1.96818
1.49731
2.31569
1.01644
1.81355
2.08602
1.83981
1.68542
1.37924
1.57609
1.1755
1.39187
1.85839
4.02478
2.02408
1.66692
1.087
1.70801
2.37478
1.24893
1.6723
0.929491
1.85944
1.66307
0.64381
0.831818
1.20233
1.96289
1.72365
1.6279
1.1064
1.89729
1.1398
1.20296
1.79254
2.80044
2.25163
1.22003
2.05969
1.46383
1.69685
3.02573
1.03457
2.614
1.74536
1.47253
2.43755
1.5752
1.23018
1.11167
1.55476
2.82504
1.39975
1.73656
2.07016
1.37704
1.96203
1.81392
1.98805
1.11711
1.92606
2.19556
2.13242
1.63232
0.897993
1.41621
1.7268
1.69483
1.56156
1.29144
1.30114
2.23934
2.25563
1.46123
1.52784
1.347
1.42959
1.4049
1.37051
1.78264
2.20607
1.01217
1.77776
1.03609
0.76648
1.19129
0.94728
1.7931
1.10907
1.86194
1.98656
1.34204
1.32122
2.22866
2.24285
0.753758
1.31288
2.19983
1.01706
1.87432
1.78995
1.92837
1.85625
1.30474
1.12392
0.862405
1.5547
1.90515
3.1113
1.68114
1.2582
1.08509
2.58913
1.79761
1.54185
1.09207
1.20701
1.42248
2.71833
0.844516
1.24147
1.60059
1.5221
1.85372
0.866192
0.80814
2.01605
0.745923
0.523342
1.81637
2.00225
2.43333
1.93212
0.833177
1.47151
1.82352
1.15983
1.87992
1.38193
0.968663
1.81748
1.72821
1.32154
1.05585
1.98044
1.42818
3.61147
2.72438
0.971837
0.937775
3.67565
1.11797
1.82182
1.43503
2.34559
1.60266
0.850812
1.4949
2.4563
2.06078
1.46653
1.72387
1.9772
1.4845
1.7825
2.04897
0.936325
1.73882
0.914593
1.65698
1.4911
1.47021
1.71837
2.68428
1.61806
1.02541
1.83738
2.00785
1.55164
2.66491
1.19842
2.10341
1.12034
1.66329
1.44623
1.85373
1.63447
2.81231
2.27547
1.4563
1.76842
1.82008
1.42782
2.20429
1.89563
1.57662
2.50957
2.05189
1.08133
2.49133
2.65536
2.84091
2.41227
2.2695
1.14156
0.952076
2.20682
1.04506
0.9134
1.38412
0.879741
0.798181
1.39632
1.14719
1.16098
1.33586
1.47189
1.6142
1.09732
2.38869
2.03706
0.864214
1.81667
1.96688
1.83352
1.79469
1.33927
1.42764
1.55413
1.87796
1.21162
1.29848
1.72587
0.787672
2.08034
0.826884
1.76309
0.832106
1.33843
1.54274
2.25712
1.29969
1.88987
1.30875
1.09571
1.40875
2.31689
3.69958
1.18643
1.99103
1.40168
1.67962
1.55963
2.34187
1.20326
1.94179
1.0966
0.861454
1.8282
1.0198
1.5352
1.63602
1.2536
1.58169
1.35306
1.69902
1.70736
1.35488
1.7928
1.18187
1.84071
1.35879
1.63242
1.3353
2.30949
2.30202
1.45938
1.74547
1.44168
1.61924
1.58537
1.25001
2.1805
2.83078
2.20974
0.972647
0.910579
1.19739
1.77926
2.78443
1.76697
1.04487
1.13168
1.75629
1.06355
1.41744
1.07386
1.29289
1.12991
2.14374
2.02383
2.26915
2.1868
1.8121
1.14711
0.74188
1.93339
1.20686
2.09981
1.26459
2.21953
1.24756
1.74455
1.0621
2.08379
1.36064
1.21498
1.30463
1.29794
1.67068
1.06517
3.69422
2.23681
2.04213
0.570767
1.50035
1.66111
0.775562
1.26406
2.03614
2.34781
1.46447
1.22701
1.85275
2.54611
1.50467
1.3401
0.532128
1.50118
1.06029
1.22255
3.13607
2.02039
1.2595
1.53953
0.95331
1.85141
1.53697
1.10654
1.7462
0.879401
1.37078
1.95357
2.92724
1.77689
0.981904
1.65626
2.79397
1.21674
0.998697
1.39281
2.19449
0.978759
2.40367
3.46248
0.704019
0.919054
1.05631
1.8902
1.85378
1.37898
2.42421
3.29861
2.15159
1.33585
1.23103
1.04066
0.640542
1.19672
0.489432
1.65898
1.0381
2.59704
1.40151
2.04041
1.7642
2.02575
0.765934
1.59558
2.18333
1.11496
0.939336
1.65851
1.24542
0.973007
1.42496
1.32996
0.914375
0.991425
1.34457
1.02387
1.81394
2.1989
0.784856
1.10556
1.87707
1.87764
1.27039
1.516
1.00443
1.31327
1.30837
1.06195
1.53213
1.39468
2.89452
1.82886
0.795888
1.93959
1.36882
1.22836
1.32375
1.91878
0.953446
1.06158
0.774572
1.57479
1.41182
2.75648
1.35972
1.50194
1.58809
3.76655
2.13246
1.90853
1.99924
1.18487
2.58444
1.07678
3.17827
2.18785
1.65365
0.798486
1.17063
1.60776
0.720718
1.90098
1.62836
1.47567
1.22939
2.57753
1.48796
2.22103
0.996812
1.21478
1.71313
0.92587
2.40446
1.32858
1.30172
0.951305
1.02571
2.39684
1.49678
0.942414
1.30205
1.10925
1.53907
0.876248
1.12958
0.871939
1.32069
1.94266
1.16523
1.44318
1.78849
1.86313
1.7303
0.895975
1.70754
1.84148
0.920507
1.83942
1.43834
2.90629
3.1809
3.01559
1.40685
1.73172
2.24851
2.19299
1.68913
2.22395
1.05974
1.13689
1.68548
1.90729
1.35427
2.20611
0.987872
1.49582
1.04381
1.41292
2.33229
2.2107
1.94446
2.34146
2.0931
0.635018
0.90633
2.01755
1.41441
2.03505
1.34998
2.25467
1.26648
1.28396
1.20151
1.20614
1.69302
2.04916
1.7243
1.47951
1.45216
2.03574
1.23497
0.83277
1.45603
2.08703
1.48304
1.48944
2.07785
1.04753
1.99968
1.2378
1.6265
1.52319
1.06206
2.57661
1.18996
2.1304
1.38544
1.49901
2.39465
2.07001
1.65426
1.49351
1.09722
2.59863
1.90454
1.19159
1.10395
1.15185
1.37358
1.21083
1.85524
0.766901
1.64651
1.93363
1.50944
1.33907
2.67444
1.3199
1.04266
1.81848
1.306
2.17248
0.956115
0.982643
0.845618
2.07292
2.02037
1.11549
2.69944
4.22149
0.903277
2.50354
1.43511
1.13134
1.01447
1.28613
1.66878
2.04016
2.49241
2.11034
1.2375
1.03832
0.855379
2.78458
0.965286
2.17483
2.21648
1.85871
2.11383
1.18854
2.38031
1.6866
0.983534
1.39806
1.08223
2.18276
1.8442
2.41783
1.41129
0.931102
1.5327
0.843883
0.932506
1.42896
1.51288
1.9137
1.82632
5.53401
1.81998
1.17297
1.42757
1.59532
1.94398
2.55163
0.950089
1.3205
1.31409
1.12391
1.74012
1.82386
1.82793
1.09664
0.954765
0.965871
1.62956
1.22239
1.92396
1.82211
0.76682
0.912007
2.61483
1.70731
1.7407
2.0944
0.951803
1.4674
1.77944
1.54142
1.9225
2.43606
2.3282
2.29026
1.56926
1.37463
1.68126
1.01074
1.26893
2.1504
2.15107
1.56178
1.43765
5.17762
2.25038
1.53601
2.42169
1.53259
4.16584
1.70857
1.41928
4.51799
0.962743
1.57829
0.708926
0.567326
2.0041
1.15705
1.34799
1.2517
0.901366
0.732904
0.905639
2.24363
1.12957
1.35223
2.24313
2.57169
0.868577
3.14074
1.30807
0.717258
1.66765
2.30313
1.42653
1.54299
1.64655
1.14326
1.51083
4.20848
1.54347
1.31725
1.5014
2.45475
1.04608
3.01352
1.18841
3.2178
1.05729
1.61958
2.07986
1.07349
1.50515
1.92576
2.1624
0.99729
1.55998
0.851888
1.22741
1.45407
2.262
1.14699
1.80864
1.77252
1.03779
1.38888
1.26355
1.69878
1.14749
1.05329
1.51533
1.0872
0.958885
2.90846
1.75496
1.9801
1.13112
0.810868
1.02705
1.20799
0.887577
1.2833
1.68634
1.65449
1.29684
1.69634
1.14844
1.87101
1.23313
2.04457
2.11577
2.2707
0.479123
1.00751
1.67305
2.20498
0.877777
1.22886
0.843902
1.41545
1.22029
1.67258
1.29624
1.18159
2.01858
1.0657
0.728087
1.95617
0.840669
3.18879
1.29967
1.59668
1.08841
2.65843
1.05706
0.74164
2.10947
1.19695
1.44778
0.878574
2.73558
1.12845
2.52841
1.52461
2.19451
1.95667
0.854579
3.00591
1.18706
3.09447
1.61937
1.23533
1.75982
1.41748
1.00088
1.72737
1.32419
2.01037
1.20835
1.39928
1.76821
1.18605
1.3306
2.38333
1.30314
3.52926
2.15262
2.086
1.18643
1.37729
2.28137
2.33361
1.99277
1.31082
1.19598
1.04595
1.63024
1.82189
1.92715
1.52877
1.21378
1.86105
0.555674
2.63217
2.91208
0.941589
1.56225
1.65404
4.83552
1.06494
3.08137
1.86402
1.41422
2.08668
1.00794
1.84912
0.761276
3.28747
1.96365
0.630486
2.37035
1.21665
1.75689
1.91662
1.19192
1.74587
1.36031
1.89359
1.78638
2.48751
1.99943
1.18966
2.0913
0.746972
2.21565
1.78156
1.81367
2.85741
1.17966
1.06266
0.799088
1.12064
1.1912
2.94076
1.15956
1.33995
1.78169
1.3435
1.1251
1.00598
2.38609
2.13933
1.54087
1.85528
2.17698
2.51195
2.10169
3.69317
2.74394
1.33498
1.55494
2.51125
0.817894
1.10937
0.948574
2.13872
0.79948
0.878622
1.55811
2.0117
1.81635
1.96749
0.986386
1.5404
2.80977
1.7786
2.1088
0.999892
1.37461
1.54137
2.73407
0.960519
1.36342
1.15255
1.65285
2.50325
1.86571
2.50552
1.91101
0.999724
1.98988
1.38752
1.62109
1.36386
2.91392
0.954235
1.13941
1.30845
0.953163
2.30359
1.32397
1.51042
1.2573
0.961626
2.14035
2.31115
2.22442
1.74687
2.08498
2.04094
1.41477
2.20845
1.86363
0.857301
0.727869
1.06196
1.70128
1.72612
1.43022
0.793106
1.59049
1.3502
1.64419
1.20893
1.87438
3.16017
1.87224
1.38368
1.38726
1.04223
1.74578
1.9607
3.75432
1.14745
2.11708
2.49625
1.32829
1.46853
1.23369
1.93006
0.986877
2.39109
2.0474
1.40316
3.43308
1.76899
1.02126
2.02603
1.36489
0.882282
0.922624
0.525802
0.736044
1.96095
1.64382
2.23382
1.18141
1.12453
1.01063
1.42727
1.92084
1.22327
2.59591
1.29344
0.969969
1.53847
3.04918
1.63849
0.954351
1.29102
1.61837
1.83702
1.51425
1.3117
0.920679
1.32371
2.78264
1.26233
1.66856
1.99026
2.91925
1.87337
1.25356
1.38663
1.70728
0.999411
2.53542
1.5351
1.47253
1.19343
1.55629
1.18663
0.884615
1.668
2.14777
1.21755
1.59193
0.868927
2.01503
1.63773
2.25756
2.78222
1.9892
0.726558
1.12584
1.68171
1.2647
0.738868
2.71791
1.47808
1.55112
1.83467
2.14355
1.24739
2.13297
1.04606
1.62932
1.90156
1.28573
2.33439
3.08917
1.30525
1.43164
0.472784
1.40293
2.16643
2.3972
2.73733
0.51892
1.89813
2.32116
1.08162
2.95279
1.47158
0.70122
2.24135
2.04056
1.1901
1.89712
2.31772
2.60632
1.61753
1.28988
1.21033
1.64872
0.997805
1.25336
1.08303
2.18236
1.37571
2.57887
1.0802
1.73058
2.17755
0.757608
0.979839
1.40893
1.52377
0.892058
1.0619
1.24572
1.1565
1.39103
0.929186
1.9844
1.6942
1.88904
2.20421
1.30671
1.25019
1.96736
0.572218
2.65109
1.16593
1.53018
2.18279
1.28176
0.903374
2.04358
2.38064
1.09637
0.853528
1.85544
1.3094
1.62005
2.39958
2.9747
1.58059
1.28876
1.77143
2.51424
1.44181
1.26765
2.28212
1.37753
0.850355
1.38197
1.4595
1.00066
1.61312
1.46935
1.20002
0.94982
1.86747
2.19839
1.6707
2.0852
1.75832
2.50553
1.23508
1.70289
1.56739
2.67936
1.33817
1.27634
2.59136
2.73955
1.37438
0.617401
2.22591
1.68533
0.803127
1.32998
1.08915
1.67732
1.23999
1.94127
1.30483
2.13401
2.95501
1.71178
1.0952
1.88251
1.99122
1.69045
1.31591
0.98398
1.83083
2.02926
2.15509
2.79258
1.56883
0.984617
3.24524
1.57521
1.44256
1.78571
1.79303
1.75243
1.15394
1.0941
1.25833
1.43303
1.45405
1.9373
1.00184
1.76232
1.13984
1.40933
1.54927
2.07957
2.6497
1.27901
1.14682
2.88307
2.35483
2.45494
1.01472
0.92115
1.32039
1.52407
2.30124
2.29885
1.67457
2.89717
1.5389
1.46293
1.27631
3.32929
1.82537
0.678616
1.11595
1.42465
1.14714
2.08425
1.86542
1.94242
2.09369
0.963203
1.88181
1.8264
0.869173
0.787188
0.61555
1.80963
1.43809
1.3322
1.19349
2.1011
1.9298
1.48893
1.13244
2.41409
2.37799
1.68985
1.75544
0.960333
1.52784
2.1538
2.14321
1.0295
3.84653
1.93372
0.610801
1.59918
1.14933
0.968567
2.82575
2.51297
2.26441
2.85356
1.96415
2.40884
0.665899
1.72218
1.13245
1.54562
2.47482
2.39968
2.20481
1.09589
1.39541
2.27715
1.2486
1.02576
1.32787
1.97734
1.85581
0.849822
1.44882
1.85292
1.27243
0.928037
1.17274
2.04043
0.944622
2.09576
1.07429
1.83956
2.10577
0.785161
1.13159
1.97976
1.56095
2.20912
2.35763
1.10128
2.12393
0.908793
0.952418
1.64494
1.50552
1.0324
3.03147
1.04604
0.934859
1.38583
2.37371
1.47787
0.685703
1.72539
1.53072
1.13687
2.42676
2.47674
0.800992
0.71888
2.07494
1.04334
0.764361
1.20596
1.6914
1.1375
1.67279
0.995838
1.17346
2.07295
1.16719
1.63692
1.29297
2.02083
1.96876
2.80154
3.09398
1.05323
2.30653
1.89384
0.479023
1.99735
1.6534
1.50192
1.93009
2.96424
2.63694
2.71687
1.49372
1.20011
2.42285
2.12486
2.43159
0.940631
1.37811
2.13081
1.1013
0.814124
0.959243
1.96197
0.84063
1.6305
1.22995
1.12726
0.926998
1.45955
1.58238
1.49569
1.40668
1.0636
0.714992
1.14408
1.68216
1.52429
0.728769
1.90701
2.31691
1.61419
1.65227
1.42657
0.925761
2.18757
1.10332
0.799738
5.25367
2.95859
2.09385
0.722968
1.39106
0.827984
1.59046
2.47243
1.48968
2.68177
1.6072
2.70622
0.638243
1.98739
2.94083
1.88664
3.79834
1.81438
1.55763
2.18781
1.20588
1.6053
1.72813
1.53133
2.15786
1.69785
1.32863
0.733497
1.08836
1.75017
1.04485
1.85676
0.349117
1.04025
2.02704
0.623804
1.46025
2.72039
1.24983
0.849043
0.878557
2.32628
0.85753
1.49661
1.40144
1.09071
2.03497
1.63443
1.2216
1.45424
1.16754
1.17593
2.43907
1.54976
0.911251
1.8103
0.995044
0.92107
2.08552
1.90542
1.88759
1.56903
2.54048
1.15567
1.31451
1.15804
1.3382
1.71788
0.949042
2.23247
1.98179
1.90629
1.512
1.86081
1.94727
2.20734
1.80468
1.05401
3.1123
1.02562
1.60855
1.2522
1.79383
1.79292
0.974445
1.03077
1.57857
1.6848
1.81543
1.31922
1.14742
1.90342
1.67088
2.08221
1.56379
0.958885
1.15277
2.39059
0.773536
1.42114
1.50774
1.94527
1.77403
1.36048
1.51989
1.93851
1.33592
1.79359
1.49926
2.29734
2.09952
1.44349
1.13923
1.44376
2.23263
3.35193
1.64201
2.39392
2.58306
1.57398
2.50247
1.77717
1.12188
1.18036
1.19228
1.23758
1.113
1.80002
1.13421
0.888623
1.47862
1.26776
1.07552
1.66801
1.47
1.13541
2.56677
1.12629
0.888991
1.86157
1.39586
2.27397
2.53029
1.34117
1.19668
2.55253
1.65074
1.38393
1.46541
1.57143
2.04349
2.33887
1.84421
1.13583
1.33065
2.53905
0.880118
1.42222
0.901087
1.37365
5.29252
1.33222
1.38818
1.82276
1.05676
0.527135
2.30783
1.17461
2.16411
0.903218
1.5849
1.05203
4.52137
1.03629
2.46909
1.43387
2.40792
2.21974
0.95627
0.989408
1.51504
1.42585
2.43133
3.18178
1.21394
1.06275
2.08726
0.79818
1.56695
1.76616
0.953385
2.08749
1.02522
0.748019
1.22449
2.0514
0.717424
1.89149
1.92734
1.40823
1.31525
1.17611
0.635867
3.0713
1.20451
2.79016
1.38422
1.64624
2.45599
1.91926
3.51155
1.20081
1.61539
1.42629
1.64231
2.19085
1.56536
1.75493
1.82604
2.25227
1.96146
1.19382
1.48703
0.906038
1.84137
3.38744
1.87243
2.87249
0.721559
0.918529
1.81956
1.77174
0.695929
2.04774
1.96448
1.63416
1.0818
0.644698
3.24072
4.06867
1.46236
1.19319
0.814233
0.790194
1.05301
1.05459
1.73567
2.05194
2.74483
1.19362
1.60025
1.00959
1.77706
1.97741
2.18341
1.41727
1.07894
1.47203
1.4406
2.43732
1.50484
1.11072
1.03306
1.31842
1.20997
2.09551
1.32539
1.69808
0.993335
0.929379
1.28057
1.8941
2.04079
0.877803
1.72143
2.30071
1.13602
1.64686
1.47497
1.80415
0.975698
1.73788
1.19269
1.31717
1.63247
0.891949
3.54262
1.70403
1.68326
1.8898
1.36359
1.72279
1.85626
1.89747
1.29667
1.8441
1.37453
2.68801
1.6727
1.52441
1.7631
1.49699
1.19008
2.41505
1.02984
0.682133
2.1017
1.75576
1.28831
1.38197
2.26374
3.43436
3.70375
1.24699
2.13526
0.945429
1.74205
1.76598
0.846558
1.06762
1.27999
1.37418
0.919493
1.52531
2.60121
0.881405
2.10082
2.05701
1.89688
2.06687
1.09311
2.70831
1.08932
0.658546
1.9769
0.93805
1.56589
0.927252
1.07555
1.77659
1.27294
1.76873
0.888442
1.46151
1.76173
1.81336
0.931281
1.02287
1.11573
2.66677
1.93925
1.34322
0.798934
1.65926
2.1749
1.8383
1.87495
3.25185
1.87203
1.15085
1.03613
1.53013
2.57796
1.69647
1.38599
1.24114
1.9135
1.37992
2.02459
1.66438
1.22703
1.20013
1.14733
1.33325
1.30029
1.05627
1.23317
0.912658
3.20589
1.47219
2.28921
2.2009
1.89485
1.28427
0.848165
3.01763
1.62841
1.48458
1.30704
1.71636
1.94602
1.10731
2.61475
1.09493
1.15925
1.22394
1.87151
2.26013
1.03828
1.19346
3.47595
2.63311
1.26948
0.97397
1.76373
2.46702
1.22033
2.10494
1.66179
2.58795
1.99211
1.26167
0.848073
1.39402
0.725828
2.59848
2.29631
1.98514
2.30109
1.45396
1.72527
1.45164
2.24862
0.898228
1.18226
2.51101
1.59173
1.8993
1.15164
1.295
1.07806
0.814806
2.19928
1.85191
2.84929
1.32643
1.51299
0.80922
2.37017
1.94287
2.42665
1.51575
2.0229
1.66124
1.10877
2.19428
1.0688
0.643561
1.31963
0.865237
2.04742
1.10094
2.55058
1.79491
1.61085
1.16299
1.32307
1.17277
1.08483
2.39702
1.19468
1.95482
1.38333
1.03481
1.87667
0.952281
0.577448
1.94722
1.38064
1.40502
1.46207
1.71518
1.09336
2.24919
1.12067
1.2542
1.50311
2.70125
2.92009
0.89146
0.920523
0.982985
1.62589
1.10871
0.96787
1.64953
0.90046
1.14397
2.46145
1.1668
0.950055
1.28116
1.79712
2.65428
1.713
1.76583
1.37191
1.93925
1.82687
1.66537
1.45802
1.71632
1.70264
0.891298
1.88476
1.33125
1.50581
1.73516
1.56249
0.939315
1.22849
2.76911
1.7698
1.64813
1.601
1.98941
1.36618
1.50962
1.11583
1.34522
1.20139
1.24758
3.39624
1.54706
2.04475
4.53288
1.95462
1.33416
2.42603
1.67226
1.73384
1.73551
0.518898
1.8324
1.35165
1.597
1.23068
1.29636
1.83461
2.04795
1.37042
1.97579
0.986978
2.25799
2.93609
1.05098
0.913994
0.681455
1.55431
1.42086
1.28254
1.11019
0.738023
1.13971
1.1068
1.14235
1.35456
1.30275
2.19163
0.85343
2.38056
1.04783
1.56814
1.97148
2.47419
1.6861
1.41896
1.4267
1.07618
0.935364
1.71542
0.819413
1.32483
1.03531
2.40054
0.975691
2.15929
1.24256
1.87283
1.59727
1.14829
1.19689
1.53222
1.43254
1.80994
3.63354
1.94899
1.16308
1.36421
0.807771
1.85222
1.16816
0.909166
1.69783
2.75308
1.37346
1.55999
0.53529
1.55686
1.90902
1.03611
1.97758
0.94476
1.45412
2.04964
1.33122
1.2334
1.23664
1.7541
2.62165
1.56915
1.76293
1.66311
2.45169
1.15086
0.580582
2.35655
1.85549
2.53302
0.868473
1.85637
1.1858
1.76545
1.10741
1.74158
1.10753
1.95778
1.82336
1.45375
1.74119
1.30616
1.20612
1.63842
0.703725
1.3553
1.4273
0.928782
1.78452
0.924485
1.24669
1.78756
1.60098
1.6423
2.69557
0.770249
1.42355
0.829924
1.52503
1.27922
1.8316
2.0014
1.36325
2.507
1.02046
1.93048
1.50488
1.18651
1.09621
1.87991
2.14305
2.17575
1.45719
1.56305
1.26352
2.13142
0.92062
1.19498
1.04828
0.99218
1.5725
2.65822
0.813095
1.87445
1.86903
1.29197
1.20019
0.790606
1.90923
1.07599
1.58425
2.02844
1.46027
0.929737
1.75454
1.94559
0.867106
1.95896
1.70207
1.47211
1.13222
2.39752
1.46829
1.08401
2.04717
1.88629
2.24043
2.8836
0.728805
1.23094
1.48977
1.28215
1.05135
3.34229
2.21354
0.945811
0.756836
2.12636
1.6969
0.679777
1.57694
1.86414
1.80516
1.7422
1.98165
2.22842
1.05946
1.01835
0.967501
0.771108
1.45531
1.38967
0.997837
1.61668
1.50208
3.02739
2.69911
1.55482
0.969241
1.11129
1.77473
2.11393
1.10815
1.79176
1.17375
1.45704
2.81933
1.53754
2.32173
0.811099
1.01271
0.856804
1.18116
2.00735
2.06552
1.74051
1.01592
2.02382
1.45288
4.87853
2.73401
1.04419
0.893999
1.20365
1.29466
2.4425
0.81164
2.39584
0.745466
0.747442
2.08995
1.61894
1.20821
1.71066
1.03566
0.655692
1.59114
0.695522
0.862628
1.48461
2.24044
2.73618
2.04899
1.50601
1.8556
1.60418
0.992762
0.885332
1.49023
2.88924
0.762568
0.910028
1.02476
1.81412
1.0772
1.75805
1.31676
0.848447
3.11891
1.36143
1.10764
1.83883
1.88803
2.16881
1.65206
1.29685
1.21586
1.04083
0.676807
1.88788
1.40559
3.10038
2.03558
1.51237
2.1242
1.66084
1.00808
1.33562
1.61295
0.986688
1.6654
2.29707
1.90496
1.60504
1.01093
1.68392
2.2169
1.84412
1.85814
1.28806
1.19269
2.04068
1.75436
1.92874
2.00263
1.03058
1.05561
2.29387
1.35216
1.88205
1.97719
1.37989
1.53001
1.46958
1.88651
2.17759
1.54963
1.16761
2.00287
2.03371
2.60389
1.43081
0.877718
1.03806
1.15041
1.49006
1.03247
1.11827
1.99593
1.36463
2.34858
1.59061
1.07478
1.25147
1.56474
1.18515
1.55875
1.96097
1.79556
1.32751
0.925374
1.89657
0.726549
1.77088
2.18185
1.56218
1.01321
1.72334
1.11571
1.34391
1.7951
2.00922
1.94707
2.16698
1.29636
1.96714
1.45152
1.78496
1.19402
0.917261
1.23687
1.63696
1.40239
0.884531
2.46121
1.80017
1.18362
1.81056
3.33152
0.862144
1.32873
1.30931
2.01286
1.13349
1.89724
0.97884
2.64941
1.4124
1.53377
1.89131
1.12543
1.70017
2.49531
0.951385
1.56627
0.920883
1.26419
1.95211
1.01365
3.1706
2.63476
1.34825
2.49893
0.998195
1.25362
1.73233
1.28746
1.61833
2.60413
1.70595
1.75951
0.92014
1.57627
1.5953
3.52162
2.2534
2.3136
1.51531
1.25081
1.9552
1.68154
1.91326
1.99272
1.82829
2.24134
1.33391
1.55854
1.14521
1.04773
1.26948
1.7019
1.87299
2.6351
1.3024
0.697412
1.16348
1.93001
3.1035
0.842148
2.10389
0.899135
3.50422
2.46351
2.10876
0.738315
1.42723
1.61092
0.7875
2.53226
1.02035
1.40924
1.46921
1.21238
1.87357
1.31772
1.77567
2.11166
1.81141
1.15279
1.6453
1.58014
1.96558
2.41354
1.2373
1.24297
1.89316
0.899695
0.644737
1.29626
1.02047
2.04425
1.2706
1.77149
2.35155
2.67006
1.37407
3.06548
0.880325
0.862468
0.756107
1.63356
0.948845
0.992528
0.91307
2.05964
2.31311
1.07003
1.52761
1.32083
2.11959
2.42899
2.13814
1.51368
2.96221
2.46795
1.22781
0.969845
1.77869
0.67006
2.13842
2.94675
1.53865
1.70575
1.93169
1.35973
2.02662
1.20808
1.80681
1.48108
1.31042
1.02905
1.71346
2.46697
1.91201
0.788038
1.1796
1.42065
1.14722
1.40083
1.0092
1.92461
1.40586
1.34811
0.922482
0.943585
3.20328
1.05433
2.24441
0.933759
1.17054
2.12365
1.44754
1.15123
2.08234
1.01419
1.2204
2.20222
2.25681
1.41473
2.6361
1.05994
1.22479
1.17404
0.923385
3.59959
1.71268
1.15511
1.49289
1.20833
2.71141
3.76312
1.28057
0.593165
1.52797
2.00011
1.6932
1.47931
1.51438
2.29877
1.29213
1.56614
1.22131
1.64759
1.5035
1.65621
2.00829
1.09049
2.80667
1.13277
1.93969
2.07859
2.21972
1.41742
1.63114
1.10605
1.06058
1.79732
0.987454
0.811492
1.12659
2.15214
1.99003
1.59737
2.43764
1.6596
1.32555
3.2481
1.6312
3.07075
1.50396
1.44313
1.16802
3.27867
1.66346
1.4095
1.62752
1.30087
0.925187
0.798097
3.54023
0.857811
1.32522
2.25128
2.24826
2.60155
1.38873
1.19163
1.54316
2.03903
1.82464
2.8532
0.982998
3.31685
3.68426
1.56337
1.23911
1.67815
1.46
1.01086
1.19767
1.81714
2.37773
1.52654
1.25719
1.79168
0.934807
1.48346
1.08578
1.6552
2.48843
1.3181
0.554748
2.86437
2.18173
1.71316
2.42998
1.08561
1.2258
1.23986
1.26032
1.95096
1.35066
2.23706
1.36748
1.26625
2.21286
2.32653
1.60452
1.74089
2.4
1.23657
1.26034
1.14033
0.776914
1.8644
1.59007
0.534632
2.23477
1.06282
1.46248
1.11788
2.46793
1.97375
1.22623
2.46883
2.5173
1.78276
1.41482
1.12541
1.22093
0.966132
2.96183
0.867207
0.970315
2.90587
2.92012
1.76402
2.81148
1.79524
1.08488
1.06865
1.54531
1.40348
1.4988
1.04799
1.09175
1.47859
1.55974
1.93582
2.48335
1.58742
1.29959
2.74718
2.01584
2.44305
0.772895
1.50822
1.11493
1.44328
2.0452
2.00072
1.82414
1.87067
2.19625
1.49143
2.57341
2.50268
1.07078
1.66391
1.41657
1.68764
1.91428
1.13946
0.897914
1.92951
1.33218
2.00899
2.05849
1.13924
1.59534
0.965271
1.08163
1.46501
1.62126
0.967966
1.37837
1.99696
1.31228
1.83922
1.3349
0.95715
1.36418
1.83607
2.45408
1.62434
2.32768
1.8357
1.48916
2.34348
1.30377
1.12512
1.94342
1.2335
1.20271
1.63956
1.31396
1.6316
0.953768
2.25399
1.3103
2.1338
0.798097
1.24969
1.90193
2.44353
1.1293
1.90818
1.21563
2.53347
1.73856
2.04254
3.37788
1.59675
2.01281
0.719061
1.00945
1.36386
1.21176
1.29142
1.88264
3.37734
1.49422
2.66859
2.3193
1.26426
1.15629
1.62826
1.2644
1.36346
1.31908
0.800331
1.29601
1.23535
1.36216
1.97111
1.32038
1.71834
1.30895
2.79514
1.86383
0.520755
1.28163
1.94751
1.81097
0.863245
0.9515
0.869078
0.785453
3.4117
0.807485
1.78749
1.3088
0.799582
2.02458
1.21301
2.13175
1.55983
1.66623
1.92796
2.64862
0.619731
1.59056
1.04377
0.879622
1.88722
1.78298
1.19222
1.4068
1.84203
2.60475
1.76458
2.20866
1.56973
1.92777
2.41828
1.77545
2.21043
1.60878
2.15121
1.20303
1.10415
2.69376
1.44244
0.874775
0.989732
1.66145
1.38599
1.26587
2.08097
1.07668
1.35813
1.39069
2.12871
0.878312
1.89253
1.13316
0.851002
2.29183
2.30492
0.841055
1.32544
1.78466
1.46451
1.10846
3.84324
1.54303
1.59196
2.64284
1.73485
1.43251
1.48176
2.67114
1.1851
0.887203
0.737934
1.26895
2.08147
1.43632
1.32531
2.42804
1.54059
0.673341
2.27688
1.20539
1.32703
1.45002
1.40007
1.24344
2.67599
1.32779
4.37897
1.32904
1.12234
0.973057
1.31174
1.4677
1.98215
0.973687
2.40131
1.62629
0.981998
3.72121
1.68462
2.23178
1.64531
1.1636
1.46663
4.73402
0.854039
0.821859
0.938123
1.64032
0.831781
1.34686
1.99602
1.69621
2.58254
1.1143
0.707107
2.44228
1.36416
1.71206
1.88634
1.33201
1.39881
1.22663
1.13995
0.970883
2.67767
1.85802
3.23332
1.81846
1.26342
0.977181
1.42966
1.32628
1.07443
1.27541
1.90115
1.43346
1.38062
1.17699
1.16432
1.74173
1.69564
2.03694
0.806918
1.22721
2.11145
0.741955
1.76852
2.20032
1.28477
2.18824
0.836269
1.86918
1.83198
2.44833
1.96675
1.19372
1.4036
1.18151
1.96092
0.998809
1.42688
1.16439
1.7286
2.32706
1.40711
0.756803
0.475734
1.78839
1.51021
1.93087
0.900153
1.21378
1.07378
1.8786
1.31841
1.41601
1.77838
2.22041
1.72103
2.36353
1.11602
2.94718
1.45099
1.73236
1.75109
1.79575
1.34625
1.16582
1.38129
2.58732
1.37307
1.92288
2.78731
1.70728
3.65192
1.88722
1.84121
2.59924
2.29667
1.7848
1.94088
4.95488
1.90952
1.37133
4.07979
1.18142
0.892642
1.23092
1.11552
1.15259
2.03315
1.78648
2.1748
2.45816
1.47197
2.07059
1.91715
1.16661
1.08002
2.27174
1.98377
1.37776
1.94261
2.34581
1.67691
1.05571
1.30434
1.63154
1.53169
0.809375
1.68177
1.10777
1.63412
2.97307
1.37269
1.27799
4.15588
2.2967
1.80786
1.57615
3.63911
1.08967
1.25971
1.60588
1.6505
1.06348
1.62028
1.06999
1.88284
1.45296
2.64171
1.25303
2.75035
1.40138
2.32782
1.07174
1.49766
1.62397
2.31942
2.55497
0.966159
1.33596
2.75818
1.4255
0.739754
2.7494
1.59132
2.39668
0.903452
2.13331
2.00224
1.59119
1.79637
2.02764
1.36752
0.887603
3.31214
1.05451
0.822906
1.27903
1.79344
0.906129
0.955198
0.953863
2.10104
1.3331
1.19283
0.472806
0.932948
0.721804
0.837113
1.70157
0.950913
4.97499
1.77462
1.37557
0.94084
2.69291
1.61738
1.41475
2.29186
1.65679
3.04966
2.16663
1.94931
3.65603
1.0697
1.00474
2.16774
1.37736
1.32823
1.26531
0.73817
1.86711
1.24663
1.10481
2.17964
1.07572
2.29741
0.867682
2.12904
2.79083
1.74746
1.64225
2.25279
0.731102
1.70934
2.55536
2.27109
1.34249
2.00685
1.39374
0.983726
1.38938
1.25894
1.1013
0.759876
3.15568
2.7272
1.0719
1.59212
1.64802
1.88569
1.50032
0.965375
2.22029
1.48284
2.51481
1.10083
1.58379
2.46949
1.39107
2.97079
1.08969
0.771013
0.910212
1.20727
3.36212
1.68079
0.911651
1.10054
1.33934
1.50801
1.05711
1.08613
1.45589
1.33981
2.04588
2.80897
1.51261
1.53408
1.90001
1.47461
2.25276
1.09695
3.10562
2.59568
2.41033
1.31637
1.56814
1.80775
1.70021
0.964606
2.63231
1.01467
1.16889
0.743485
2.20454
1.57857
1.8335
1.61321
2.25667
1.44426
1.725
3.23279
1.52959
0.993479
1.38114
3.81328
2.83074
1.48301
3.30063
0.695228
1.06886
2.17292
1.27896
1.00633
1.65584
0.812478
1.96541
1.16241
1.09069
0.983862
1.12929
2.16532
1.09657
3.47061
2.49195
2.30866
1.89706
1.06485
2.34096
2.16878
1.08364
1.35683
2.53951
1.33927
0.943261
1.72338
1.97025
2.03923
2.04576
2.20357
1.42668
1.49271
2.02805
1.31653
1.41592
0.782988
2.48433
1.42134
2.25055
2.19236
1.81106
1.43356
2.22867
1.90795
0.947776
0.789861
1.99916
1.65525
1.74118
1.84294
1.12635
1.51525
2.86098
1.57028
1.00258
1.06153
1.28934
2.00957
1.09544
1.10058
2.13921
1.02198
1.16925
3.68754
0.991323
1.86261
1.98021
1.20586
1.11359
1.51679
1.59632
1.08917
1.81873
1.72234
2.01445
1.38442
1.34236
1.12353
1.37459
0.930592
1.60753
1.27115
1.93527
1.61078
1.07838
1.58792
1.76203
2.50679
2.03359
3.64781
2.32058
2.39373
1.8337
2.1212
1.45944
1.60482
1.23181
1.37932
1.69064
1.18385
0.71698
2.29751
1.83858
1.95324
0.786593
1.42765
1.92353
1.60402
1.56262
1.33682
1.48734
1.32731
1.34106
1.32802
2.40558
1.12206
1.39102
1.82768
3.64667
3.88127
1.56986
1.97781
1.65131
1.24487
2.6443
1.73352
2.29498
2.07626
1.23261
2.06964
1.65971
1.23734
1.95656
1.10615
1.80326
3.49932
1.39443
0.925972
1.08727
1.69895
1.48812
0.692685
0.918581
0.904308
2.60334
1.58572
1.10367
0.719461
1.65354
2.05416
2.51657
4.08042
2.58761
1.8308
1.91501
1.48079
1.25697
0.782434
2.38023
2.21342
1.57499
2.69068
3.6635
1.5315
2.05542
0.864147
3.94808
1.79543
1.18081
1.32219
0.894221
1.75988
1.07483
2.25726
0.648761
0.950609
2.53893
2.91541
1.81074
1.76348
0.784188
0.95795
1.2925
1.24989
2.86235
0.956394
0.614584
1.71435
1.14654
3.88995
2.0961
2.84145
1.31739
1.43376
1.47871
1.32602
1.00048
1.35698
1.71602
1.47923
3.5736
1.08766
0.307796
1.74266
1.77032
2.08866
2.2733
1.75011
1.29059
1.83057
2.19394
1.92645
1.7681
2.08408
2.11201
3.80105
1.42688
1.07409
1.9339
1.14936
2.04302
1.29315
1.5953
1.73028
1.69765
2.51429
0.86853
1.77881
1.87146
0.762384
1.59931
2.08077
2.75799
0.513422
2.09853
3.38245
1.96495
2.47356
1.3662
1.88479
1.60459
1.95896
1.45438
3.06515
1.19845
1.16513
1.3254
1.69324
2.15632
1.04189
2.14574
1.25704
0.826693
1.50016
3.47335
1.45137
2.23397
1.45809
1.49032
1.30537
0.959636
1.46007
1.30474
1.1564
1.49448
1.75846
1.87054
1.3451
2.39604
1.43554
1.21305
1.17881
1.37225
1.98395
0.850051
1.48736
1.76826
1.21553
4.30772
1.43569
1.0013
1.83869
1.9712
0.967427
1.4491
2.55634
1.09509
1.28993
1.81422
1.17675
2.07252
1.7483
2.11658
1.21793
1.69724
1.4866
0.836898
1.51441
1.54826
1.74528
0.997483
1.75213
1.36102
1.14518
1.69761
1.05621
0.831688
2.31169
1.80594
1.44966
1.37844
1.31046
1.2655
1.66285
1.5325
1.26233
1.01374
1.00828
2.74901
1.15247
1.96116
1.46231
1.52899
1.19633
2.26693
1.36836
1.87635
1.28366
0.97279
1.94954
0.893315
1.66824
1.2877
2.1958
2.01373
2.39179
1.70653
1.2708
1.3938
2.1081
1.82554
1.59563
1.9876
0.956874
3.08791
1.83135
0.984721
1.96133
0.796212
1.42359
3.12051
1.60256
1.83566
1.525
2.0539
1.17601
0.816555
2.26176
1.66017
1.60692
1.37384
1.83336
1.85168
3.10944
1.52457
1.83774
0.889216
2.77768
1.07659
1.65456
0.794877
2.53192
1.27227
2.10067
1.41942
0.840599
2.24145
1.74329
1.55222
1.72316
0.995338
2.40619
1.15378
0.712551
1.89771
1.80346
1.57889
2.58928
2.78656
1.51612
1.36035
0.873273
0.909139
1.9526
1.69434
2.4589
1.11287
1.97258
0.756165
1.43764
1.56246
1.01246
2.23102
2.39076
1.77964
1.9178
1.37263
1.03974
1.14731
1.8268
1.52843
0.819689
1.9021
1.16158
1.74597
1.53971
1.2547
2.36054
2.80001
2.97811
1.66102
2.17315
1.44174
0.59471
0.952175
1.92685
3.41536
0.778202
1.28452
1.28676
0.886307
2.13601
2.95964
0.787371
1.74197
1.25736
2.29691
1.09265
0.93225
1.19511
0.87931
1.67993
1.60011
1.62662
1.59608
1.60556
1.82845
1.65179
1.79627
1.03128
1.19225
1.66284
1.57522
3.32315
1.2801
1.84395
1.96895
5.17973
1.02814
1.32026
1.87683
0.982105
1.15086
0.896982
1.22101
0.935524
2.33946
1.51174
1.60608
1.30705
1.14306
2.92525
1.11299
1.2339
2.61501
1.67796
1.47972
1.60046
1.02475
1.57748
1.47398
1.44864
3.14057
1.58235
2.53707
3.43885
2.84118
1.31087
1.56856
1.30847
2.26309
1.10012
2.14571
1.30401
1.51437
0.964166
1.67364
2.10251
1.51452
1.33026
1.35678
3.7568
2.49032
1.6614
1.57597
2.03887
1.90207
1.09904
1.45086
2.3156
1.95531
1.41392
1.05616
1.73422
3.16593
1.65725
0.831266
1.28027
2.52603
0.840949
1.88627
1.37268
1.93593
1.06068
1.34322
1.38985
1.1472
1.47828
1.43775
2.11816
1.20441
2.112
2.06425
0.856735
0.843161
1.75406
1.27758
2.03166
2.19524
1.79435
1.42158
1.2676
0.696394
1.39436
1.92666
2.06943
2.17853
0.804343
2.09859
1.12439
1.72112
1.51824
1.49319
1.93384
2.87763
1.04975
1.70203
0.76066
1.16259
1.36769
1.40741
0.898203
1.58724
1.70514
0.787295
1.404
1.11018
1.24197
1.8537
1.92779
1.25851
1.93616
3.12379
1.58615
1.50634
1.53424
1.41935
2.9384
2.62027
1.9844
1.12352
1.8693
1.36754
1.08417
1.45771
2.07574
1.46467
1.25778
1.37915
0.896491
3.09659
1.07046
0.897987
0.814593
0.759708
1.64028
1.31198
1.58323
1.28023
3.34649
1.07269
1.07325
1.6936
1.60744
1.35013
2.18051
1.51584
2.03573
0.852769
2.08243
1.72459
1.25661
1.30794
1.74896
2.142
1.64941
1.48386
1.40829
2.48866
2.80215
1.68859
1.56626
1.32971
1.57143
1.59217
1.4305
1.86675
1.38034
2.57528
1.02086
0.863121
2.3049
1.81713
1.28202
2.0533
2.2992
1.47878
1.16961
1.53314
1.94097
1.06917
0.65866
2.39707
1.68071
0.810595
1.41221
2.08939
1.72295
0.652199
1.06693
1.18926
1.99746
1.31356
1.90891
1.49314
0.903022
0.76588
1.84958
2.95827
1.85551
2.10897
0.69158
0.672692
1.97828
1.74868
1.23492
1.79303
1.07908
0.79058
2.15771
1.55864
1.13689
1.85224
0.847174
2.19447
1.28473
1.20801
0.949992
1.23179
1.60363
1.34617
1.3165
1.69636
1.88744
2.81704
2.66737
3.14169
1.94902
1.95577
2.48526
0.775573
1.22723
1.66788
2.25475
2.36861
1.02243
1.28247
1.61143
0.971089
1.49225
1.33047
1.95437
0.538734
1.10393
1.19821
0.908883
1.61182
3.4572
2.15299
1.55394
1.51359
1.23042
1.76761
0.948595
1.36178
1.48334
1.43825
1.41431
1.25226
0.766021
0.889982
1.00162
1.21081
1.57174
3.06679
1.52656
1.56267
1.18463
1.9782
1.09706
1.55342
2.17767
0.917238
1.05668
2.07947
1.02067
1.48276
1.777
1.42391
1.99353
1.26633
0.964454
1.07933
1.42695
1.02182
1.57489
2.71186
2.60647
1.73162
1.28809
1.61085
1.4703
1.90113
2.35822
1.21144
1.15105
2.44416
3.31257
1.73754
1.70141
2.19752
1.13691
0.878244
1.69969
0.654892
1.21654
2.67175
1.8147
0.957747
0.746305
2.67349
1.16617
0.82512
2.30233
1.65478
1.92201
1.57136
1.18554
1.10175
1.48696
1.57338
1.81724
2.0619
2.46159
1.7012
1.50393
1.75375
1.12604
0.962584
1.48244
0.590982
1.04604
1.45827
2.00094
0.980048
2.54437
1.3057
1.85006
0.933129
0.970023
2.86598
1.26361
1.41427
1.33855
1.56261
1.99816
1.90192
1.5954
1.56098
2.03323
1.73662
1.50767
1.7669
1.69346
2.63958
1.45502
1.22403
2.03459
0.882459
0.964615
1.69452
1.98088
0.708474
1.42888
1.17848
2.91508
3.36128
2.74272
1.02508
0.80286
0.941945
1.25757
1.95062
1.40431
1.55328
1.36769
0.712785
1.15113
1.39215
1.35135
1.25257
1.87736
2.18929
1.5466
1.78784
1.34486
1.56044
1.29177
1.42009
1.10163
1.18059
1.23306
2.60615
2.21375
1.19383
2.03055
3.41339
0.875186
1.81213
2.23841
1.39364
1.70637
0.932952
1.0649
0.932125
1.66619
2.84789
1.16612
1.41046
1.47016
2.99875
2.11013
2.90774
1.81036
1.61029
1.33485
1.46551
0.763204
1.53894
1.41359
2.13536
2.7948
1.5031
1.72358
1.35964
1.66418
1.50729
1.17512
1.48938
1.14396
1.7293
1.04811
1.01611
1.34592
2.55111
0.939787
0.915055
2.03231
0.985749
1.78141
1.34733
1.5434
0.973938
1.33955
1.75606
1.74526
1.82165
0.960595
2.72669
0.552974
1.48273
0.936374
2.5435
1.71628
1.49807
1.12897
1.95642
1.16895
2.17839
1.76464
2.35289
1.72674
1.81566
1.70615
2.00698
0.803773
2.90518
2.52014
1.66789
0.943685
1.58098
2.38203
1.75295
1.7697
0.980817
1.71998
0.588731
0.809189
1.99053
1.81008
1.21336
0.663881
2.3785
2.61737
2.40802
2.55825
0.98369
1.90425
0.745285
2.82974
2.73857
1.82125
0.86761
1.34145
1.93167
2.55808
1.34878
1.13655
3.09754
2.48144
3.09543
2.12291
1.87846
1.32874
1.95678
2.74327
1.42976
1.46145
1.1571
2.00144
2.74439
1.20645
2.02133
1.93215
1.03981
1.60002
1.06188
3.62267
2.1221
1.69242
1.08129
1.56115
1.86695
0.767048
0.716714
1.25064
2.11273
1.14134
2.0965
1.3696
0.990406
1.88055
1.69755
1.13156
1.75932
2.58917
2.51532
2.38913
1.77163
1.39821
3.19301
1.6122
1.95708
0.986848
2.22488
1.68709
2.46007
1.17675
1.8812
1.48382
1.07014
1.65696
1.31493
1.17987
2.06392
0.777354
1.34601
1.67034
1.45496
0.878216
1.46674
2.37566
1.28691
1.64062
1.36463
1.78611
1.08542
1.60361
1.25658
1.61224
2.57247
1.0417
1.28418
2.27162
3.74819
2.14771
2.04119
0.982679
2.22919
1.62904
1.83149
2.11728
1.44509
1.06986
1.45674
1.14481
1.25441
1.16449
0.879305
2.24888
1.19608
1.91648
3.03893
3.1468
1.3516
1.41403
1.65889
1.57366
1.23114
1.37342
1.81716
0.989962
1.06678
1.42512
1.97767
2.35711
1.87956
0.709823
1.81556
1.95519
2.08044
0.979842
2.31357
1.15927
3.18092
1.70155
2.4437
0.922056
0.559377
1.15447
1.13604
1.41602
1.91526
1.7902
1.94304
1.912
2.18399
1.24925
1.69153
0.911933
1.08293
1.07904
1.53072
2.19162
1.73583
1.73664
1.43105
1.71035
1.47689
1.11654
1.10744
2.41939
2.49277
2.59281
1.46486
2.68038
1.33856
1.51725
1.49124
0.723816
1.38442
1.30768
2.46612
2.72338
2.04957
0.842714
1.92247
1.38291
1.02118
1.54443
1.05617
0.89082
2.13406
1.6631
1.06268
1.43937
1.15476
1.2275
1.56224
2.2417
1.41686
1.66476
0.828584
0.632058
1.5788
2.26231
2.01513
1.11304
3.32838
1.44508
1.17944
0.916391
0.924976
1.432
2.18726
1.41053
1.72537
0.838318
1.64066
1.53346
1.48006
1.30062
2.11562
1.52642
2.9095
0.974434
1.45152
1.96452
1.58668
1.83358
0.766827
1.22558
1.32644
1.08705
1.11913
1.14288
1.35923
2.42474
0.979482
0.960843
1.29446
1.08131
1.2403
2.42067
0.941347
1.14541
1.68061
0.811935
2.0198
1.99212
1.57485
1.64931
1.99615
1.01072
1.78572
1.56185
2.83044
0.841102
1.02405
1.09965
1.40325
1.88946
2.27679
1.65991
1.43673
2.21176
2.10365
1.13231
2.75939
1.59701
2.48026
2.17716
1.59035
1.20248
1.8644
1.27271
2.43052
1.41434
0.726597
2.19915
0.810317
0.735214
2.22777
1.65674
1.17916
1.70621
2.61598
2.66875
1.9006
0.966394
2.74761
2.07319
0.876038
1.99976
0.87685
0.884957
1.48111
1.42436
2.79285
0.785582
0.877191
2.11184
1.03859
1.21735
1.71769
1.04679
1.02443
0.983126
1.96082
1.8071
1.12838
1.44468
1.46748
1.62212
2.28114
1.39461
1.08558
1.54636
2.63689
1.48913
1.76477
1.78802
1.61912
1.85682
1.07689
2.64369
1.16456
2.6076
1.47115
1.00093
0.97573
1.9003
1.50741
1.17607
2.37859
1.72284
1.97612
3.40389
1.05241
1.76163
1.69461
0.958405
1.01457
2.58645
1.61008
1.2927
2.28426
0.98097
1.1248
2.54019
1.07178
1.23614
1.70898
1.00628
1.85505
1.28436
2.05869
1.1596
1.47388
1.70077
1.45317
0.944999
1.22994
1.45876
1.6281
1.15503
0.865216
2.1322
0.814282
0.827003
1.59563
2.93741
1.02216
0.877525
0.929491
2.11803
1.01477
1.07316
1.71493
2.07912
1.39729
1.72499
0.888797
1.04426
0.885438
1.40228
2.28481
1.46013
0.943413
1.07408
1.41124
1.93138
1.84606
1.65294
1.23821
2.5294
1.9291
1.46458
1.45229
1.37653
1.60251
2.2985
1.30854
1.20628
1.04739
1.18091
1.54044
1.15264
1.22952
1.67107
2.28387
2.10387
1.72472
1.19376
0.961109
1.62547
1.40176
1.86474
2.19908
1.81989
1.71999
1.20861
1.30834
0.933882
1.68232
0.759502
1.80502
1.56377
0.696827
1.46036
1.45191
2.02203
1.33475
1.05457
1.48724
1.0841
1.60426
3.39265
2.45423
1.63501
1.46909
1.70256
0.989983
1.58893
1.2182
1.47665
1.30682
1.37893
2.2741
1.20866
2.65112
1.30643
2.94174
0.949005
1.0376
1.62042
2.27024
1.97157
1.49943
1.48483
2.04174
1.38612
0.947101
0.852959
0.503201
2.14736
2.345
2.22437
1.37962
1.45925
2.59446
0.910435
1.78002
1.11959
1.41702
2.46249
2.14082
0.992565
1.34969
2.12817
2.15661
1.46973
2.17224
1.61093
1.01574
4.29676
2.01519
1.69135
2.20022
2.37505
1.77266
2.05466
2.37389
1.07881
1.37895
1.20387
1.9893
1.45351
1.35877
0.61183
0.868831
0.693605
1.32423
1.68105
1.63138
0.589944
1.57736
1.69254
1.71031
0.874038
3.6962
2.03801
3.53912
0.856224
1.99879
2.96991
2.30602
1.3324
1.19519
1.05425
0.548741
1.73892
1.58317
1.65491
1.25756
1.2863
2.33576
1.35759
1.74286
1.49576
1.41408
1.43682
1.10102
1.56775
1.80077
2.4648
1.25497
2.06742
1.08335
1.00867
1.05901
0.460456
1.73099
1.15313
1.14756
0.664815
2.8885
2.37637
1.43475
1.82192
3.43015
1.45858
1.65883
1.07599
1.64026
2.13645
1.39794
1.17825
1.08303
1.34539
1.36574
1.25845
1.72254
1.73442
1.21304
0.744838
1.61296
0.926934
1.89097
1.92742
1.59731
2.58308
1.07558
2.29636
0.802888
1.54618
0.699329
2.06289
1.34375
3.1525
1.32353
1.49142
1.01393
0.979108
1.46196
1.1162
1.37964
1.03064
1.93745
0.586448
1.56214
2.32136
1.45961
0.989341
1.77897
1.63047
0.721253
1.52622
1.24169
2.60816
2.64975
1.4538
1.6195
2.21209
1.94017
1.24732
1.63969
1.10398
2.0811
1.127
1.42167
1.52289
1.06638
1.95959
2.12914
2.17731
2.24474
1.85347
0.746668
1.41081
1.62858
1.34737
1.79959
2.68266
1.92732
2.29467
1.24409
1.39607
1.18416
1.39379
1.94811
1.03277
1.71294
0.676409
1.35289
1.73143
1.86897
2.05143
1.08065
1.24683
1.63592
2.33348
1.90258
1.43309
1.53757
1.46323
1.57149
1.74522
1.15575
1.25579
1.74152
1.10203
1.28849
1.30329
0.795561
0.748841
2.18446
1.41305
3.07613
0.697164
2.99245
0.824677
2.19606
1.40792
1.58061
1.05628
0.868919
1.1029
2.05393
1.0677
0.91244
1.20016
1.67388
1.91404
1.69472
2.42382
2.32499
1.16301
2.04218
1.25984
1.78426
2.9311
0.935735
2.47271
0.850247
1.45601
1.76417
1.65361
0.524428
1.06688
0.872994
1.06496
1.30179
1.64881
1.80551
1.14141
1.3433
1.24972
1.26845
1.95153
1.15359
1.15544
1.18167
1.73637
1.68551
1.32095
1.36493
1.45009
0.889886
1.50656
2.31258
1.60065
1.09561
2.23431
1.56049
1.48496
1.34418
1.61342
3.34902
2.27763
1.62259
1.72521
2.24488
1.51038
1.25844
1.28495
1.37355
2.25554
2.65948
1.22293
1.04591
2.22584
1.88417
0.767951
2.68065
1.15231
1.65291
1.31825
1.23245
0.578291
1.63557
1.43652
1.19418
1.72894
1.12946
1.25386
1.35334
1.09757
1.58428
1.22941
1.77529
1.3482
0.475885
1.0201
1.19486
3.06218
1.2483
2.13928
1.03954
1.33271
2.15413
2.10088
1.04465
1.24223
1.17345
1.43089
2.03301
0.954928
1.30545
1.76735
2.00952
0.906331
2.48622
2.02134
0.952176
2.64472
1.36941
1.67278
2.24372
0.986562
1.57365
1.80983
2.14915
1.53539
1.38854
2.75506
2.08224
0.897962
1.52863
1.43612
1.75533
0.775879
1.71866
1.27147
1.12776
1.38712
2.74521
1.26321
1.11556
1.43375
1.64927
1.76989
1.65842
1.67466
1.45644
1.29366
1.86688
1.12464
1.15273
0.999954
2.32722
3.93346
1.44771
1.34164
1.67853
1.6439
4.92325
1.20835
1.07912
1.16956
1.88553
1.05369
1.20805
3.22853
1.41092
2.17149
3.72697
1.69924
1.58511
1.80581
1.67792
0.496871
1.89088
1.08459
1.09646
2.39863
0.926755
1.48157
1.30013
0.87301
1.09113
2.11988
0.821752
1.39429
1.54693
0.927627
0.983408
1.18664
1.63919
1.32898
2.2119
1.49896
0.91111
0.979239
1.63435
1.27899
3.52412
2.29535
1.08602
1.8741
1.07144
1.51996
0.985685
1.95186
1.35986
1.19255
2.65086
2.14117
1.37423
0.955832
2.80726
3.98668
2.10503
1.40382
0.761237
2.03866
1.53698
2.05988
1.99788
2.15862
1.91612
3.57427
3.36134
1.46707
2.07373
1.17832
1.62515
3.04506
1.11511
1.29517
1.50222
2.03787
1.43235
1.01088
1.1005
2.16837
1.39835
1.84973
2.57931
1.78262
1.36786
2.19903
2.31246
0.746346
1.14365
1.91886
1.58179
0.968594
2.84252
2.14269
4.30629
1.50679
2.91822
1.32329
2.2352
1.35757
3.02711
1.8021
1.18894
2.46458
1.95014
1.93524
0.549404
1.8732
1.72713
1.92746
1.40574
1.44115
2.25982
0.736147
1.97697
1.69028
1.26228
1.6578
1.13928
1.91589
2.39913
0.869599
1.09872
2.02292
1.31639
0.876297
1.4654
1.49157
1.12599
1.36501
1.17354
1.44637
0.99219
1.43458
1.03199
1.54608
1.84056
1.56568
1.32152
1.64192
3.00443
0.834302
1.65751
2.01703
1.41884
0.976423
1.21173
1.66476
1.84169
0.913511
0.976484
2.55475
3.15141
2.62731
3.243
1.24097
1.73648
2.47739
1.79903
3.76664
1.58142
1.48558
0.911677
1.83771
1.58968
1.15185
1.06263
0.76755
1.26181
1.33398
2.57451
1.35365
1.08373
1.53706
1.14304
1.71067
2.38132
2.37287
1.6946
1.54139
1.70189
2.01112
2.41385
1.51123
1.42351
1.13253
1.55782
4.15425
2.19437
1.12756
1.82049
1.76326
1.34339
0.624937
1.96818
1.49731
2.31569
1.01644
1.81355
2.08602
1.83981
1.68542
1.37924
1.57609
1.1755
1.39187
1.85839
4.02478
2.02408
1.66692
1.087
1.70801
2.37478
1.24893
1.6723
0.929491
1.85944
1.66307
0.64381
0.831818
1.20233
1.96289
1.72365
1.6279
1.1064
1.89729
1.1398
1.20296
1.79254
2.80044
2.25163
1.22003
2.05969
1.46383
1.69685
3.02573
1.03457
2.614
1.74536
1.47253
2.43755
1.5752
1.23018
1.11167
1.55476
2.82504
1.39975
1.73656
2.07016
1.37704
1.96203
1.81392
1.98805
1.11711
1.92606
2.19556
2.13242
1.63232
0.897993
1.41621
1.7268
1.69483
1.56156
1.29144
1.30114
2.23934
2.25563
1.46123
1.52784
1.347
1.42959
1.4049
1.37051
1.78264
2.20607
1.01217
1.77776
1.03609
0.76648
1.19129
0.94728
1.7931
1.10907
1.86194
1.98656
1.34204
1.32122
2.22866
2.24285
0.753758
1.31288
2.19983
1.01706
1.87432
1.78995
1.92837
1.85625
1.30474
1.12392
0.862405
1.5547
1.90515
3.1113
1.68114
1.2582
1.08509
2.58913
1.79761
1.54185
1.09207
1.20701
1.42248
2.71833
0.844516
1.24147
1.60059
1.5221
1.85372
0.866192
0.80814
2.01605
0.745923
0.523342
1.81637
2.00225
2.43333
1.93212
0.833177
1.47151
1.82352
1.15983
1.87992
1.38193
0.968663
1.81748
1.72821
1.32154
1.05585
1.98044
1.42818
3.61147
2.72438
0.971837
0.937775
3.67565
1.11797
1.82182
1.43503
2.34559
1.60266
0.850812
1.4949
2.4563
2.06078
1.46653
1.72387
1.9772
1.4845
1.7825
2.04897
0.936325
1.73882
0.914593
1.65698
1.4911
1.47021
1.71837
2.68428
1.61806
1.02541
1.83738
2.00785
1.55164
2.66491
1.19842
2.10341
1.12034
1.66329
1.44623
1.85373
1.63447
2.81231
2.27547
1.4563
1.76842
1.82008
1.42782
2.20429
1.89563
1.57662
2.50957
2.05189
1.08133
2.49133
2.65536
2.84091
2.41227
2.2695
1.14156
0.952076
2.20682
1.04506
0.9134
1.38412
0.879741
0.798181
1.39632
1.14719
1.16098
1.33586
1.47189
1.6142
1.09732
2.38869
2.03706
0.864214
1.81667
1.96688
1.83352
1.79469
1.33927
1.42764
1.55413
1.87796
1.21162
1.29848
1.72587
0.787672
2.08034
0.826884
1.76309
0.832106
1.33843
1.54274
2.25712
1.29969
1.88987
1.30875
1.09571
1.40875
2.31689
3.69958
1.18643
1.99103
1.40168
1.67962
1.55963
2.34187
1.20326
1.94179
1.0966
0.861454
1.8282
1.0198
1.5352
1.63602
1.2536
1.58169
1.35306
1.69902
1.70736
1.35488
1.7928
1.18187
1.84071
1.35879
1.63242
1.3353
2.30949
2.30202
1.45938
1.74547
1.44168
1.61924
1.58537
1.25001
2.1805
2.83078
2.20974
0.972647
0.910579
1.19739
1.77926
2.78443
1.76697
1.04487
1.13168
1.75629
1.06355
1.41744
1.07386
1.29289
1.12991
2.14374
2.02383
2.26915
2.1868
1.8121
1.14711
0.74188
1.93339
1.20686
2.09981
1.26459
2.21953
1.24756
1.74455
1.0621
2.08379
1.36064
1.21498
1.30463
1.29794
1.67068
1.06517
3.69422
2.23681
2.04213
0.570767
1.50035
1.66111
0.775562
1.26406
2.03614
2.34781
1.46447
1.22701
1.85275
2.54611
1.50467
1.3401
0.532128
1.50118
1.06029
1.22255
3.13607
2.02039
1.2595
1.53953
0.95331
1.85141
1.53697
1.10654
1.7462
0.879401
1.37078
1.95357
2.92724
1.77689
0.981904
1.65626
2.79397
1.21674
0.998697
1.39281
2.19449
0.978759
2.40367
3.46248
0.704019
0.919054
1.05631
1.8902
1.85378
1.37898
2.42421
3.29861
2.15159
1.33585
1.23103
1.04066
0.640542
1.19672
0.489432
1.65898
1.0381
2.59704
1.40151
2.04041
1.7642
2.02575
0.765934
1.59558
2.18333
1.11496
0.939336
1.65851
1.24542
0.973007
1.42496
1.32996
0.914375
0.991425
1.34457
1.02387
1.81394
2.1989
0.784856
1.10556
1.87707
1.87764
1.27039
1.516
1.00443
1.31327
1.30837
1.06195
1.53213
1.39468
2.89452
1.82886
0.795888
1.93959
1.36882
1.22836
1.32375
1.91878
0.953446
1.06158
0.774572
1.57479
1.41182
2.75648
1.35972
1.50194
1.58809
3.76655
2.13246
1.90853
1.99924
1.18487
2.58444
1.07678
3.17827
2.18785
1.65365
0.798486
1.17063
1.60776
0.720718
1.90098
1.62836
1.47567
1.22939
2.57753
1.48796
2.22103
0.996812
1.21478
1.71313
0.92587
2.40446
1.32858
1.30172
0.951305
1.02571
2.39684
1.49678
0.942414
1.30205
1.10925
1.53907
0.876248
1.12958
0.871939
1.32069
1.94266
1.16523
1.44318
1.78849
1.86313
1.7303
0.895975
1.70754
1.84148
0.920507
1.83942
1.43834
2.90629
3.1809
3.01559
1.40685
1.73172
2.24851
2.19299
1.68913
2.22395
1.05974
1.13689
1.68548
1.90729
1.35427
2.20611
0.987872
1.49582
1.04381
1.41292
2.33229
2.2107
1.94446
2.34146
2.0931
0.635018
0.90633
2.01755
1.41441
2.03505
1.34998
2.25467
1.26648
1.28396
1.20151
1.20614
1.69302
2.04916
1.7243
1.47951
1.45216
2.03574
1.23497
0.83277
1.45603
2.08703
1.48304
1.48944
2.07785
1.04753
1.99968
1.2378
1.6265
1.52319
1.06206
2.57661
1.18996
2.1304
1.38544
1.49901
2.39465
2.07001
1.65426
1.49351
1.09722
2.59863
1.90454
1.19159
1.10395
1.15185
1.37358
1.21083
1.85524
0.766901
1.64651
1.93363
1.50944
1.33907
2.67444
1.3199
1.04266
1.81848
1.306
2.17248
0.956115
0.982643
0.845618
2.07292
2.02037
1.11549
2.69944
4.22149
0.903277
2.50354
1.43511
1.13134
1.01447
1.28613
1.66878
2.04016
2.49241
2.11034
1.2375
1.03832
0.855379
2.78458
0.965286
2.17483
2.21648
1.85871
2.11383
1.18854
2.38031
1.6866
0.983534
1.39806
1.08223
2.18276
1.8442
2.41783
1.41129
0.931102
1.5327
0.843883
0.932506
1.42896
1.51288
1.9137
1.82632
5.53401
1.81998
1.17297
1.42757
1.59532
1.94398
2.55163
0.950089
1.3205
1.31409
1.12391
1.74012
1.82386
1.82793
1.09664
0.954765
0.965871
1.62956
1.22239
1.92396
1.82211
0.76682
0.912007
2.61483
1.70731
1.7407
2.0944
0.951803
1.4674
1.77944
1.54142
1.9225
2.43606
2.3282
2.29026
1.56926
1.37463
1.68126
1.01074
1.26893
2.1504
2.15107
1.56178
1.43765
5.17762
2.25038
1.53601
2.42169
1.53259
4.16584
1.70857
1.41928
4.51799
0.962743
1.57829
0.708926
0.567326
2.0041
1.15705
1.34799
1.2517
0.901366
0.732904
0.905639
2.24363
1.12957
1.35223
2.24313
2.57169
0.868577
3.14074
1.30807
0.717258
1.66765
2.30313
1.42653
1.54299
1.64655
1.14326
1.51083
4.20848
1.54347
1.31725
1.5014
2.45475
1.04608
3.01352
1.18841
3.2178
1.05729
1.61958
2.07986
1.07349
1.50515
1.92576
2.1624
0.99729
1.55998
0.851888
1.22741
1.45407
2.262
1.14699
1.80864
1.77252
1.03779
1.38888
1.26355
1.69878
1.14749
1.05329
1.51533
1.0872
0.958885
2.90846
1.75496
1.9801
1.13112
0.810868
1.02705
1.20799
0.887577
1.2833
1.68634
1.65449
1.29684
1.69634
1.14844
1.87101
1.23313
2.04457
2.11577
2.2707
0.479123
1.00751
1.67305
2.20498
0.877777
1.22886
0.843902
1.41545
1.22029
1.67258
1.29624
1.18159
2.01858
1.0657
0.728087
1.95617
0.840669
3.18879
1.29967
1.59668
1.08841
2.65843
1.05706
0.74164
2.10947
1.19695
1.44778
0.878574
2.73558
1.12845
2.52841
1.52461
2.19451
1.95667
0.854579
3.00591
1.18706
3.09447
1.61937
1.23533
1.75982
1.41748
1.00088
1.72737
1.32419
2.01037
1.20835
1.39928
1.76821
1.18605
1.3306
2.38333
1.30314
3.52926
2.15262
2.086
1.18643
1.37729
2.28137
2.33361
1.99277
1.31082
1.19598
1.04595
1.63024
1.82189
1.92715
1.52877
1.21378
1.86105
0.555674
2.63217
2.91208
0.941589
1.56225
1.65404
4.83552
1.06494
3.08137
1.86402
1.41422
2.08668
1.00794
1.84912
0.761276
3.28747
1.96365
0.630486
2.37035
1.21665
1.75689
1.91662
1.19192
1.74587
1.36031
1.89359
1.78638
2.48751
1.99943
1.18966
2.0913
0.746972
2.21565
1.78156
1.81367
2.85741
1.17966
1.06266
0.799088
1.12064
1.1912
2.94076
1.15956
1.33995
1.78169
1.3435
1.1251
1.00598
2.38609
2.13933
1.54087
1.85528
2.17698
2.51195
2.10169
3.69317
2.74394
1.33498
1.55494
2.51125
0.817894
1.10937
0.948574
2.13872
0.79948
0.878622
1.55811
2.0117
1.81635
1.96749
0.986386
1.5404
2.80977
1.7786
2.1088
0.999892
1.37461
1.54137
2.73407
0.960519
1.36342
1.15255
1.65285
2.50325
1.86571
2.50552
1.91101
0.999724
1.98988
1.38752
1.62109
1.36386
2.91392
0.954235
1.13941
1.30845
0.953163
2.30359
1.32397
1.51042
1.2573
0.961626
2.14035
2.31115
2.22442
1.74687
2.08498
2.04094
1.41477
2.20845
1.86363
0.857301
0.727869
1.06196
1.70128
1.72612
1.43022
0.793106
1.59049
1.3502
1.64419
1.20893
1.87438
3.16017
1.87224
1.38368
1.38726
1.04223
1.74578
1.9607
3.75432
1.14745
2.11708
2.49625
1.32829
1.46853
1.23369
1.93006
0.986877
2.39109
2.0474
1.40316
3.43308
1.76899
1.02126
2.02603
1.36489
0.882282
0.922624
0.525802
0.736044
1.96095
1.64382
2.23382
1.18141
1.12453
1.01063
1.42727
1.92084
1.22327
2.59591
1.29344
0.969969
1.53847
3.04918
1.63849
0.954351
1.29102
1.61837
1.83702
1.51425
1.3117
0.920679
1.32371
2.78264
1.26233
1.66856
1.99026
2.91925
1.87337
1.25356
1.38663
1.70728
0.999411
2.53542
1.5351
1.47253
1.19343
1.55629
1.18663
0.884615
1.668
2.14777
1.21755
1.59193
0.868927
2.01503
1.63773
2.25756
2.78222
1.9892
0.726558
1.12584
1.68171
1.2647
0.738868
2.71791
1.47808
1.55112
1.83467
2.14355
1.24739
2.13297
1.04606
1.62932
1.90156
1.28573
2.33439
3.08917
1.30525
1.43164
0.472784
1.40293
2.16643
2.3972
2.73733
0.51892
1.89813
2.32116
1.08162
2.95279
1.47158
0.70122
2.24135
2.04056
1.1901
1.89712
2.31772
2.60632
1.61753
1.28988
1.21033
1.64872
0.997805
1.25336
1.08303
2.18236
1.37571
2.57887
1.0802
1.73058
2.17755
0.757608
0.979839
1.40893
1.52377
0.892058
1.0619
1.24572
1.1565
1.39103
0.929186
1.9844
1.6942
1.88904
2.20421
1.30671
1.25019
1.96736
0.572218
2.65109
1.16593
1.53018
2.18279
1.28176
0.903374
2.04358
2.38064
1.09637
0.853528
1.85544
1.3094
1.62005
2.39958
2.9747
1.58059
1.28876
1.77143
2.51424
1.44181
1.26765
2.28212
1.37753
0.850355
1.38197
1.4595
1.00066
1.61312
1.46935
1.20002
0.94982
1.86747
2.19839
1.6707
2.0852
1.75832
2.50553
1.23508
1.70289
1.56739
2.67936
1.33817
1.27634
2.59136
2.73955
1.37438
0.617401
2.22591
1.68533
0.803127
1.32998
1.08915
1.67732
1.23999
1.94127
1.30483
2.13401
2.95501
1.71178
1.0952
1.88251
1.99122
1.69045
1.31591
0.98398
1.83083
2.02926
2.15509
2.79258
1.56883
0.984617
3.24524
1.57521
1.44256
1.78571
1.79303
1.75243
1.15394
1.0941
1.25833
1.43303
1.45405
1.9373
1.00184
1.76232
1.13984
1.40933
1.54927
2.07957
2.6497
1.27901
1.14682
2.88307
2.35483
2.45494
1.01472
0.92115
1.32039
1.52407
2.30124
2.29885
1.67457
2.89717
1.5389
1.46293
1.27631
3.32929
1.82537
0.678616
1.11595
1.42465
1.14714
2.08425
1.86542
1.94242
2.09369
0.963203
1.88181
1.8264
0.869173
0.787188
0.61555
1.80963
1.43809
1.3322
1.19349
2.1011
1.9298
1.48893
1.13244
2.41409
2.37799
1.68985
1.75544
0.960333
1.52784
2.1538
2.14321
1.0295
3.84653
1.93372
0.610801
1.59918
1.14933
0.968567
2.82575
2.51297
2.26441
2.85356
1.96415
2.40884
0.665899
1.72218
1.13245
1.54562
2.47482
2.39968
2.20481
1.09589
1.39541
2.27715
1.2486
1.02576
1.32787
1.97734
1.85581
0.849822
1.44882
1.85292
1.27243
0.928037
1.17274
2.04043
0.944622
2.09576
1.07429
1.83956
2.10577
0.785161
1.13159
1.97976
1.56095
2.20912
2.35763
1.10128
2.12393
0.908793
0.952418
1.64494
1.50552
1.0324
3.03147
1.04604
0.934859
1.38583
2.37371
1.47787
0.685703
1.72539
1.53072
1.13687
2.42676
2.47674
0.800992
0.71888
2.07494
1.04334
0.764361
1.20596
1.6914
1.1375
1.67279
0.995838
1.17346
2.07295
1.16719
1.63692
1.29297
2.02083
1.96876
2.80154
3.09398
1.05323
2.30653
1.89384
0.479023
1.99735
1.6534
1.50192
1.93009
2.96424
2.63694
2.71687
1.49372
1.20011
2.42285
2.12486
2.43159
0.940631
1.37811
2.13081
1.1013
0.814124
0.959243
1.96197
0.84063
1.6305
1.22995
1.12726
0.926998
1.45955
1.58238
1.49569
1.40668
1.0636
0.714992
1.14408
1.68216
1.52429
0.728769
1.90701
2.31691
1.61419
1.65227
1.42657
0.925761
2.18757
1.10332
0.799738
5.25367
2.95859
2.09385
0.722968
1.39106
0.827984
1.59046
2.47243
1.48968
2.68177
1.6072
2.70622
0.638243
1.98739
2.94083
1.88664
3.79834
1.81438
1.55763
2.18781
1.20588
1.6053
1.72813
1.53133
2.15786
1.69785
1.32863
0.733497
1.08836
1.75017
1.04485
1.85676
0.349117
1.04025
2.02704
0.623804
1.46025
2.72039
1.24983
0.849043
0.878557
2.32628
0.85753
1.49661
1.40144
1.09071
2.03497
1.63443
1.2216
1.45424
1.16754
1.17593
2.43907
1.54976
0.911251
1.8103
0.995044
0.92107
2.08552
1.90542
1.88759
1.56903
2.54048
1.15567
1.31451
1.15804
1.3382
1.71788
0.949042
2.23247
1.98179
1.90629
1.512
1.86081
1.94727
2.20734
1.80468
1.05401
3.1123
1.02562
1.60855
1.2522
1.79383
1.79292
0.974445
1.03077
1.57857
1.6848
1.81543
1.31922
1.14742
1.90342
1.67088
2.08221
1.56379
0.958885
1.15277
2.39059
0.773536
1.42114
1.50774
1.94527
1.77403
1.36048
1.51989
1.93851
1.33592
1.79359
1.49926
2.29734
2.09952
1.44349
1.13923
1.44376
2.23263
3.35193
1.64201
2.39392
2.58306
1.57398
2.50247
1.77717
1.12188
1.18036
1.19228
1.23758
1.113
1.80002
1.13421
0.888623
1.47862
1.26776
1.07552
1.66801
1.47
1.13541
2.56677
1.12629
0.888991
1.86157
1.39586
2.27397
2.53029
1.34117
1.19668
2.55253
1.65074
1.38393
1.46541
1.57143
2.04349
2.33887
1.84421
1.13583
1.33065
2.53905
0.880118
1.42222
0.901087
1.37365
5.29252
1.33222
1.38818
1.82276
1.05676
0.527135
2.30783
1.17461
2.16411
0.903218
1.5849
1.05203
4.52137
1.03629
2.46909
1.43387
2.40792
2.21974
0.95627
0.989408
1.51504
1.42585
2.43133
3.18178
1.21394
1.06275
2.08726
0.79818
1.56695
1.76616
0.953385
2.08749
1.02522
0.748019
1.22449
2.0514
0.717424
1.89149
1.92734
1.40823
1.31525
1.17611
0.635867
3.0713
1.20451
2.79016
1.38422
1.64624
2.45599
1.91926
3.51155
1.20081
1.61539
1.42629
1.64231
2.19085
1.56536
1.75493
1.82604
2.25227
1.96146
1.19382
1.48703
0.906038
1.84137
3.38744
1.87243
2.87249
0.721559
0.918529
1.81956
1.77174
0.695929
2.04774
1.96448
1.63416
1.0818
0.644698
3.24072
4.06867
1.46236
1.19319
0.814233
0.790194
1.05301
1.05459
1.73567
2.05194
2.74483
1.19362
1.60025
1.00959
1.77706
1.97741
2.18341
1.41727
1.07894
1.47203
1.4406
2.43732
1.50484
1.11072
1.03306
1.31842
1.20997
2.09551
1.32539
1.69808
0.993335
0.929379
1.28057
1.8941
2.04079
0.877803
1.72143
2.30071
1.13602
1.64686
1.47497
1.80415
0.975698
1.73788
1.19269
1.31717
1.63247
0.891949
3.54262
1.70403
1.68326
1.8898
1.36359
1.72279
1.85626
1.89747
1.29667
1.8441
1.37453
2.68801
1.6727
1.52441
1.7631
1.49699
1.19008
2.41505
1.02984
0.682133
2.1017
1.75576
1.28831
1.38197
2.26374
3.43436
3.70375
1.24699
2.13526
0.945429
1.74205
1.76598
0.846558
1.06762
1.27999
1.37418
0.919493
1.52531
2.60121
0.881405
2.10082
2.05701
1.89688
2.06687
1.09311
2.70831
1.08932
0.658546
1.9769
0.93805
1.56589
0.927252
1.07555
1.77659
1.27294
1.76873
0.888442
1.46151
1.76173
1.81336
0.931281
1.02287
1.11573
2.66677
1.93925
1.34322
0.798934
1.65926
2.1749
1.8383
1.87495
3.25185
1.87203
1.15085
1.03613
1.53013
2.57796
1.69647
1.38599
1.24114
1.9135
1.37992
2.02459
1.66438
1.22703
1.20013
1.14733
1.33325
1.30029
1.05627
1.23317
0.912658
3.20589
1.47219
2.28921
2.2009
1.89485
1.28427
0.848165
3.01763
1.62841
1.48458
1.30704
1.71636
1.94602
1.10731
2.61475
1.09493
1.15925
1.22394
1.87151
2.26013
1.03828
1.19346
3.47595
2.63311
1.26948
0.97397
1.76373
2.46702
1.22033
2.10494
1.66179
2.58795
1.99211
1.26167
0.848073
1.39402
0.725828
2.59848
2.29631
1.98514
2.30109
1.45396
1.72527
1.45164
2.24862
0.898228
1.18226
2.51101
1.59173
1.8993
1.15164
1.295
1.07806
0.814806
2.19928
1.85191
2.84929
1.32643
1.51299
0.80922
2.37017
1.94287
2.42665
1.51575
2.0229
1.66124
1.10877
2.19428
1.0688
0.643561
1.31963
0.865237
2.04742
1.10094
2.55058
1.79491
1.61085
1.16299
1.32307
1.17277
1.08483
2.39702
1.19468
1.95482
1.38333
1.03481
1.87667
0.952281
0.577448
1.94722
1.38064
1.40502
1.46207
1.71518
1.09336
2.24919
1.12067
1.2542
1.50311
2.70125
2.92009
0.89146
0.920523
0.982985
1.62589
1.10871
0.96787
1.64953
0.90046
1.14397
2.46145
1.1668
0.950055
1.28116
1.79712
2.65428
1.713
1.76583
1.37191
1.93925
1.82687
1.66537
1.45802
1.71632
1.70264
0.891298
1.88476
1.33125
1.50581
1.73516
1.56249
0.939315
1.22849
2.76911
1.7698
1.64813
1.601
1.98941
1.36618
1.50962
1.11583
1.34522
1.20139
1.24758
3.39624
1.54706
2.04475
4.53288
1.95462
1.33416
2.42603
1.67226
1.73384
1.73551
0.518898
1.8324
1.35165
1.597
1.23068
1.29636
1.83461
2.04795
1.37042
1.97579
0.986978
2.25799
2.93609
1.05098
0.913994
0.681455
1.55431
1.42086
1.28254
1.11019
0.738023
1.13971
1.1068
1.14235
1.35456
1.30275
2.19163
0.85343
2.38056
1.04783
1.56814
1.97148
2.47419
1.6861
1.41896
1.4267
1.07618
0.935364
1.71542
0.819413
1.32483
1.03531
2.40054
0.975691
2.15929
1.24256
1.87283
1.59727
1.14829
1.19689
1.53222
1.43254
1.80994
3.63354
1.94899
1.16308
1.36421
0.807771
1.85222
1.16816
0.909166
1.69783
2.75308
1.37346
1.55999
0.53529
1.55686
1.90902
1.03611
1.97758
0.94476
1.45412
2.04964
1.33122
1.2334
1.23664
1.7541
2.62165
1.56915
1.76293
1.66311
2.45169
1.15086
0.580582
2.35655
1.85549
2.53302
0.868473
1.85637
1.1858
1.76545
1.10741
1.74158
1.10753
1.95778
1.82336
1.45375
1.74119
1.30616
1.20612
1.63842
0.703725
1.3553
1.4273
0.928782
1.78452
0.924485
1.24669
1.78756
1.60098
1.6423
2.69557
0.770249
1.42355
0.829924
1.52503
1.27922
1.8316
2.0014
1.36325
2.507
1.02046
1.93048
1.50488
1.18651
1.09621
1.87991
2.14305
2.17575
1.45719
1.56305
1.26352
2.13142
0.92062
1.19498
1.04828
0.99218
1.5725
2.65822
0.813095
1.87445
1.86903
1.29197
1.20019
0.790606
1.90923
1.07599
1.58425
2.02844
1.46027
0.929737
1.75454
1.94559
0.867106
1.95896
1.70207
1.47211
1.13222
2.39752
1.46829
1.08401
2.04717
1.88629
2.24043
2.8836
0.728805
1.23094
1.48977
1.28215
1.05135
3.34229
2.21354
0.945811
0.756836
2.12636
1.6969
0.679777
1.57694
1.86414
1.80516
1.7422
1.98165
2.22842
1.05946
1.01835
0.967501
0.771108
1.45531
1.38967
0.997837
1.61668
1.50208
3.02739
2.69911
1.55482
0.969241
1.11129
1.77473
2.11393
1.10815
1.79176
1.17375
1.45704
2.81933
1.53754
2.32173
0.811099
1.01271
0.856804
1.18116
2.00735
2.06552
1.74051
1.01592
2.02382
1.45288
4.87853
2.73401
1.04419
0.893999
1.20365
1.29466
2.4425
0.81164
2.39584
0.745466
0.747442
2.08995
1.61894
1.20821
1.71066
1.03566
0.655692
1.59114
0.695522
0.862628
1.48461
2.24044
2.73618
2.04899
1.50601
1.8556
1.60418
0.992762
0.885332
1.49023
2.88924
0.762568
0.910028
1.02476
1.81412
1.0772
1.75805
1.31676
0.848447
3.11891
1.36143
1.10764
1.83883
1.88803
2.16881
1.65206
1.29685
1.21586
1.04083
0.676807
1.88788
1.40559
3.10038
2.03558
1.51237
2.1242
1.66084
1.00808
1.33562
1.61295
0.986688
1.6654
2.29707
1.90496
1.60504
1.01093
1.68392
2.2169
1.84412
1.85814
1.28806
1.19269
2.04068
1.75436
1.92874
2.00263
1.03058
1.05561
2.29387
1.35216
1.88205
1.97719
1.37989
1.53001
1.46958
1.88651
2.17759
1.54963
1.16761
2.00287
2.03371
2.60389
1.43081
0.877718
1.03806
1.15041
1.49006
1.03247
1.11827
1.99593
1.36463
2.34858
1.59061
1.07478
1.25147
1.56474
1.18515
1.55875
1.96097
1.79556
1.32751
0.925374
1.89657
0.726549
1.77088
2.18185
1.56218
1.01321
1.72334
1.11571
1.34391
1.7951
2.00922
1.94707
2.16698
1.29636
1.96714
1.45152
1.78496
1.19402
0.917261
1.23687
1.63696
1.40239
0.884531
2.46121
1.80017
1.18362
1.81056
3.33152
0.862144
1.32873
1.30931
2.01286
1.13349
1.89724
0.97884
2.64941
1.4124
1.53377
1.89131
1.12543
1.70017
2.49531
0.951385
1.56627
0.920883
1.26419
1.95211
1.01365
3.1706
2.63476
1.34825
2.49893
0.998195
1.25362
1.73233
1.28746
1.61833
2.60413
1.70595
1.75951
0.92014
1.57627
1.5953
3.52162
2.2534
2.3136
1.51531
1.25081
1.9552
1.68154
1.91326
1.99272
1.82829
2.24134
1.33391
1.55854
1.14521
1.04773
1.26948
1.7019
1.87299
2.6351
1.3024
0.697412
1.16348
1.93001
3.1035
0.842148
2.10389
0.899135
3.50422
2.46351
2.10876
0.738315
1.42723
1.61092
0.7875
2.53226
1.02035
1.40924
1.46921
1.21238
1.87357
1.31772
1.77567
2.11166
1.81141
1.15279
1.6453
1.58014
1.96558
2.41354
1.2373
1.24297
1.89316
0.899695
0.644737
1.29626
1.02047
2.04425
1.2706
1.77149
2.35155
2.67006
1.37407
3.06548
0.880325
0.862468
0.756107
1.63356
0.948845
0.992528
0.91307
2.05964
2.31311
1.07003
1.52761
1.32083
2.11959
2.42899
2.13814
1.51368
2.96221
2.46795
1.22781
0.969845
1.77869
0.67006
2.13842
2.94675
1.53865
1.70575
1.93169
1.35973
2.02662
1.20808
1.80681
1.48108
1.31042
1.02905
1.71346
2.46697
1.91201
0.788038
1.1796
1.42065
1.14722
1.40083
1.0092
1.92461
1.40586
1.34811
0.922482
0.943585
3.20328
1.05433
2.24441
0.933759
1.17054
2.12365
1.44754
1.15123
2.08234
1.01419
1.2204
2.20222
2.25681
1.41473
2.6361
1.05994
1.22479
1.17404
0.923385
3.59959
1.71268
1.15511
1.49289
1.20833
2.71141
3.76312
1.28057
0.593165
1.52797
2.00011
1.6932
1.47931
1.51438
2.29877
1.29213
1.56614
1.22131
1.64759
1.5035
1.65621
2.00829
1.09049
2.80667
1.13277
1.93969
2.07859
2.21972
1.41742
1.63114
1.10605
1.06058
1.79732
0.987454
0.811492
1.12659
2.15214
1.99003
1.59737
2.43764
1.6596
1.32555
3.2481
1.6312
3.07075
1.50396
1.44313
1.16802
3.27867
1.66346
1.4095
1.62752
1.30087
0.925187
0.798097
3.54023
0.857811
1.32522
2.25128
2.24826
2.60155
1.38873
1.19163
1.54316
2.03903
1.82464
2.8532
0.982998
3.31685
3.68426
1.56337
1.23911
1.67815
1.46
1.01086
1.19767
1.81714
2.37773
1.52654
1.25719
1.79168
0.934807
1.48346
1.08578
1.6552
2.48843
1.3181
0.554748
2.86437
2.18173
1.71316
2.42998
1.08561
1.2258
1.23986
1.26032
1.95096
1.35066
2.23706
1.36748
1.26625
2.21286
2.32653
1.60452
1.74089
2.4
1.23657
1.26034
1.14033
0.776914
1.8644
1.59007
0.534632
2.23477
1.06282
1.46248
1.11788
2.46793
1.97375
1.22623
2.46883
2.5173
1.78276
1.41482
1.12541
1.22093
0.966132
2.96183
0.867207
0.970315
2.90587
2.92012
1.76402
2.81148
1.79524
1.08488
1.06865
1.54531
1.40348
1.4988
1.04799
1.09175
1.47859
1.55974
1.93582
2.48335
1.58742
1.29959
2.74718
2.01584
2.44305
0.772895
1.50822
1.11493
1.44328
2.0452
2.00072
1.82414
1.87067
2.19625
1.49143
2.57341
2.50268
1.07078
1.66391
1.41657
1.68764
1.91428
1.13946
0.897914
1.92951
1.33218
2.00899
2.05849
1.13924
1.59534
0.965271
1.08163
1.46501
1.62126
0.967966
1.37837
1.99696
1.31228
1.83922
1.3349
0.95715
1.36418
1.83607
2.45408
1.62434
2.32768
1.8357
1.48916
2.34348
1.30377
1.12512
1.94342
1.2335
1.20271
1.63956
1.31396
1.6316
0.953768
2.25399
1.3103
2.1338
0.798097
1.24969
1.90193
2.44353
1.1293
1.90818
1.21563
2.53347
1.73856
2.04254
3.37788
1.59675
2.01281
0.719061
1.00945
1.36386
1.21176
1.29142
1.88264
3.37734
1.49422
2.66859
2.3193
1.26426
1.15629
1.62826
1.2644
1.36346
1.31908
0.800331
1.29601
1.23535
1.36216
1.97111
1.32038
1.71834
1.30895
2.79514
1.86383
0.520755
1.28163
1.94751
1.81097
0.863245
0.9515
0.869078
0.785453
3.4117
0.807485
1.78749
1.3088
0.799582
2.02458
1.21301
2.13175
1.55983
1.66623
1.92796
2.64862
0.619731
1.59056
1.04377
0.879622
1.88722
1.78298
1.19222
1.4068
1.84203
2.60475
1.76458
2.20866
1.56973
1.92777
2.41828
1.77545
2.21043
1.60878
2.15121
1.20303
1.10415
2.69376
1.44244
0.874775
0.989732
1.66145
1.38599
1.26587
2.08097
1.07668
1.35813
1.39069
2.12871
0.878312
1.89253
1.13316
0.851002
2.29183
2.30492
0.841055
1.32544
1.78466
1.46451
1.10846
3.84324
1.54303
1.59196
2.64284
1.73485
1.43251
1.48176
2.67114
1.1851
0.887203
0.737934
1.26895
2.08147
1.43632
1.32531
2.42804
1.54059
0.673341
2.27688
1.20539
1.32703
1.45002
1.40007
1.24344
2.67599
1.32779
4.37897
1.32904
1.12234
0.973057
1.31174
1.4677
1.98215
0.973687
2.40131
1.62629
0.981998
3.72121
1.68462
2.23178
1.64531
1.1636
1.46663
4.73402
0.854039
0.821859
0.938123
1.64032
0.831781
1.34686
1.99602
1.69621
2.58254
1.1143
0.707107
2.44228
1.36416
1.71206
1.88634
1.33201
1.39881
1.22663
1.13995
0.970883
2.67767
1.85802
3.23332
1.81846
1.26342
0.977181
1.42966
1.32628
1.07443
1.27541
1.90115
1.43346
1.38062
1.17699
1.16432
1.74173
1.69564
2.03694
0.806918
1.22721
2.11145
0.741955
1.76852
2.20032
1.28477
2.18824
0.836269
1.86918
1.83198
2.44833
1.96675
1.19372
1.4036
1.18151
1.96092
0.998809
1.42688
1.16439
1.7286
2.32706
1.40711
0.756803
0.475734
1.78839
1.51021
1.93087
0.900153
1.21378
1.07378
1.8786
1.31841
1.41601
1.77838
2.22041
1.72103
2.36353
1.11602
2.94718
1.45099
1.73236
1.75109
1.79575
1.34625
1.16582
1.38129
2.58732
1.37307
1.92288
2.78731
1.70728
3.65192
1.88722
1.84121
2.59924
2.29667
1.7848
1.94088
4.95488
1.90952
1.37133
4.07979
1.18142
0.892642
1.23092
1.11552
1.15259
2.03315
1.78648
2.1748
2.45816
1.47197
2.07059
1.91715
1.16661
1.08002
2.27174
1.98377
1.37776
1.94261
2.34581
1.67691
1.05571
1.30434
1.63154
1.53169
0.809375
1.68177
1.10777
1.63412
2.97307
1.37269
1.27799
4.15588
2.2967
1.80786
1.57615
3.63911
1.08967
1.25971
1.60588
1.6505
1.06348
1.62028
1.06999
1.88284
1.45296
2.64171
1.25303
2.75035
1.40138
2.32782
1.07174
1.49766
1.62397
2.31942
2.55497
0.966159
1.33596
2.75818
1.4255
0.739754
2.7494
1.59132
2.39668
0.903452
2.13331
2.00224
1.59119
1.79637
2.02764
1.36752
0.887603
3.31214
1.05451
0.822906
1.27903
1.79344
0.906129
0.955198
0.953863
2.10104
1.3331
1.19283
0.472806
0.932948
0.721804
0.837113
1.70157
0.950913
4.97499
1.77462
1.37557
0.94084
2.69291
1.61738
1.41475
2.29186
1.65679
3.04966
2.16663
1.94931
3.65603
1.0697
1.00474
2.16774
1.37736
1.32823
1.26531
0.73817
1.86711
1.24663
1.10481
2.17964
1.07572
2.29741
0.867682
2.12904
2.79083
1.74746
1.64225
2.25279
0.731102
1.70934
2.55536
2.27109
1.34249
2.00685
1.39374
0.983726
1.38938
1.25894
1.1013
0.759876
3.15568
2.7272
1.0719
1.59212
1.64802
1.88569
1.50032
0.965375
2.22029
1.48284
2.51481
1.10083
1.58379
2.46949
1.39107
2.97079
1.08969
0.771013
0.910212
1.20727
3.36212
1.68079
0.911651
1.10054
1.33934
1.50801
1.05711
1.08613
1.45589
1.33981
2.04588
2.80897
1.51261
1.53408
1.90001
1.47461
2.25276
1.09695
3.10562
2.59568
2.41033
1.31637
1.56814
1.80775
1.70021
0.964606
2.63231
1.01467
1.16889
0.743485
2.20454
1.57857
1.8335
1.61321
2.25667
1.44426
1.725
3.23279
1.52959
0.993479
1.38114
3.81328
2.83074
1.48301
3.30063
0.695228
1.06886
2.17292
1.27896
1.00633
1.65584
0.812478
1.96541
1.16241
1.09069
0.983862
1.12929
2.16532
1.09657
3.47061
2.49195
2.30866
1.89706
1.06485
2.34096
2.16878
1.08364
1.35683
2.53951
1.33927
0.943261
1.72338
1.97025
2.03923
2.04576
2.20357
1.42668
1.49271
2.02805
1.31653
1.41592
0.782988
2.48433
1.42134
2.25055
2.19236
1.81106
1.43356
2.22867
1.90795
0.947776
0.789861
1.99916
1.65525
1.74118
1.84294
1.12635
1.51525
2.86098
1.57028
1.00258
1.06153
1.28934
2.00957
1.09544
1.10058
2.13921
1.02198
1.16925
3.68754
0.991323
1.86261
1.98021
1.20586
1.11359
1.51679
1.59632
1.08917
1.81873
1.72234
2.01445
1.38442
1.34236
1.12353
1.37459
0.930592
1.60753
1.27115
1.93527
1.61078
1.07838
1.58792
1.76203
2.50679
2.03359
3.64781
2.32058
2.39373
1.8337
2.1212
1.45944
1.60482
1.23181
1.37932
1.69064
1.18385
0.71698
2.29751
1.83858
1.95324
0.786593
1.42765
1.92353
1.60402
1.56262
1.33682
1.48734
1.32731
1.34106
1.32802
2.40558
1.12206
1.39102
1.82768
3.64667
3.88127
1.56986
1.97781
1.65131
1.24487
2.6443
1.73352
2.29498
2.07626
1.23261
2.06964
1.65971
1.23734
1.95656
1.10615
1.80326
3.49932
1.39443
0.925972
1.08727
1.69895
1.48812
0.692685
0.918581
0.904308
2.60334
1.58572
1.10367
0.719461
1.65354
2.05416
2.51657
4.08042
2.58761
1.8308
1.91501
1.48079
1.25697
0.782434
2.38023
2.21342
1.57499
2.69068
3.6635
1.5315
2.05542
0.864147
3.94808
1.79543
1.18081
1.32219
0.894221
1.75988
1.07483
2.25726
0.648761
0.950609
2.53893
2.91541
1.81074
1.76348
0.784188
0.95795
1.2925
1.24989
2.86235
0.956394
0.614584
1.71435
1.14654
3.88995
2.0961
2.84145
1.31739
1.43376
1.47871
1.32602
1.00048
1.35698
1.71602
1.47923
3.5736
1.08766
0.307796
1.74266
1.77032
2.08866
2.2733
1.75011
1.29059
1.83057
2.19394
1.92645
1.7681
2.08408
2.11201
3.80105
1.42688
1.07409
1.9339
1.14936
2.04302
1.29315
1.5953
1.73028
1.69765
2.51429
0.86853
1.77881
1.87146
0.762384
1.59931
2.08077
2.75799
0.513422
2.09853
3.38245
1.96495
2.47356
1.3662
1.88479
1.60459
1.95896
1.45438
3.06515
1.19845
1.16513
1.3254
1.69324
2.15632
1.04189
2.14574
1.25704
0.826693
1.50016
3.47335
1.45137
2.23397
1.45809
1.49032
1.30537
0.959636
1.46007
1.30474
1.1564
1.49448
1.75846
1.87054
1.3451
2.39604
1.43554
1.21305
1.17881
1.37225
1.98395
0.850051
1.48736
1.76826
1.21553
4.30772
1.43569
1.0013
1.83869
1.9712
0.967427
1.4491
2.55634
1.09509
1.28993
1.81422
1.17675
2.07252
1.7483
2.11658
1.21793
1.69724
1.4866
0.836898
1.51441
1.54826
1.74528
0.997483
1.75213
1.36102
1.14518
1.69761
1.05621
0.831688
2.31169
1.80594
1.44966
1.37844
1.31046
1.2655
1.66285
1.5325
1.26233
1.01374
1.00828
2.74901
1.15247
1.96116
1.46231
1.52899
1.19633
2.26693
1.36836
1.87635
1.28366
0.97279
1.94954
0.893315
1.66824
1.2877
2.1958
2.01373
2.39179
1.70653
1.2708
1.3938
2.1081
1.82554
1.59563
1.9876
0.956874
3.08791
1.83135
0.984721
1.96133
0.796212
1.42359
3.12051
1.60256
1.83566
1.525
2.0539
1.17601
0.816555
2.26176
1.66017
1.60692
1.37384
1.83336
1.85168
3.10944
1.52457
1.83774
0.889216
2.77768
1.07659
1.65456
0.794877
2.53192
1.27227
2.10067
1.41942
0.840599
2.24145
1.74329
1.55222
1.72316
0.995338
2.40619
1.15378
0.712551
1.89771
1.80346
1.57889
2.58928
2.78656
1.51612
1.36035
0.873273
0.909139
1.9526
1.69434
2.4589
1.11287
1.97258
0.756165
1.43764
1.56246
1.01246
2.23102
2.39076
1.77964
1.9178
1.37263
1.03974
1.14731
1.8268
1.52843
0.819689
1.9021
1.16158
1.74597
1.53971
1.2547
2.36054
2.80001
2.97811
1.66102
2.17315
1.44174
0.59471
0.952175
1.92685
3.41536
0.778202
1.28452
1.28676
0.886307
2.13601
2.95964
0.787371
1.74197
1.25736
2.29691
1.09265
0.93225
1.19511
0.87931
1.67993
1.60011
1.62662
1.59608
1.60556
1.82845
1.65179
1.79627
1.03128
1.19225
1.66284
1.57522
3.32315
1.2801
1.84395
1.96895
5.17973
1.02814
1.32026
1.87683
0.982105
1.15086
0.896982
1.22101
0.935524
2.33946
1.51174
1.60608
1.30705
1.14306
2.92525
1.11299
1.2339
2.61501
1.67796
1.47972
1.60046
1.02475
1.57748
1.47398
1.44864
3.14057
1.58235
2.53707
3.43885
2.84118
1.31087
1.56856
1.30847
2.26309
1.10012
2.14571
1.30401
1.51437
0.964166
1.67364
2.10251
1.51452
1.33026
1.35678
3.7568
2.49032
1.6614
1.57597
2.03887
1.90207
1.09904
1.45086
2.3156
1.95531
1.41392
1.05616
1.73422
3.16593
1.65725
0.831266
1.28027
2.52603
0.840949
1.88627
1.37268
1.93593
1.06068
1.34322
1.38985
1.1472
1.47828
1.43775
2.11816
1.20441
2.112
2.06425
0.856735
0.843161
1.75406
1.27758
2.03166
2.19524
1.79435
1.42158
1.2676
0.696394
1.39436
1.92666
2.06943
2.17853
0.804343
2.09859
1.12439
1.72112
1.51824
1.49319
1.93384
2.87763
1.04975
1.70203
0.76066
1.16259
1.36769
1.40741
0.898203
1.58724
1.70514
0.787295
1.404
1.11018
1.24197
1.8537
1.92779
1.25851
1.93616
3.12379
1.58615
1.50634
1.53424
1.41935
2.9384
2.62027
1.9844
1.12352
1.8693
1.36754
1.08417
1.45771
2.07574
1.46467
1.25778
1.37915
0.896491
3.09659
1.07046
0.897987
0.814593
0.759708
1.64028
1.31198
1.58323
1.28023
3.34649
1.07269
1.07325
1.6936
1.60744
1.35013
2.18051
1.51584
2.03573
0.852769
2.08243
1.72459
1.25661
1.30794
1.74896
2.142
1.64941
1.48386
1.40829
2.48866
2.80215
1.68859
1.56626
1.32971
1.57143
1.59217
1.4305
1.86675
1.38034
2.57528
1.02086
0.863121
2.3049
1.81713
1.28202
2.0533
2.2992
1.47878
1.16961
1.53314
1.94097
1.06917
0.65866
2.39707
1.68071
0.810595
1.41221
2.08939
1.72295
0.652199
1.06693
1.18926
1.99746
1.31356
1.90891
1.49314
0.903022
0.76588
1.84958
2.95827
1.85551
2.10897
0.69158
0.672692
1.97828
1.74868
1.23492
1.79303
1.07908
0.79058
2.15771
1.55864
1.13689
1.85224
0.847174
2.19447
1.28473
1.20801
0.949992
1.23179
1.60363
1.34617
1.3165
1.69636
1.88744
2.81704
2.66737
3.14169
1.94902
1.95577
2.48526
0.775573
1.22723
1.66788
2.25475
2.36861
1.02243
1.28247
1.61143
0.971089
1.49225
1.33047
1.95437
0.538734
1.10393
1.19821
0.908883
1.61182
3.4572
2.15299
1.55394
1.51359
1.23042
1.76761
0.948595
1.36178
1.48334
1.43825
1.41431
1.25226
0.766021
0.889982
1.00162
1.21081
1.57174
3.06679
1.52656
1.56267
1.18463
1.9782
1.09706
1.55342
2.17767
0.917238
1.05668
2.07947
1.02067
1.48276
1.777
1.42391
1.99353
1.26633
0.964454
1.07933
1.42695
1.02182
1.57489
2.71186
2.60647
1.73162
1.28809
1.61085
1.4703
1.90113
2.35822
1.21144
1.15105
2.44416
3.31257
1.73754
1.70141
2.19752
1.13691
0.878244
1.69969
0.654892
1.21654
2.67175
1.8147
0.957747
0.746305
2.67349
1.16617
0.82512
2.30233
1.65478
1.92201
1.57136
1.18554
1.10175
1.48696
1.57338
1.81724
2.0619
2.46159
1.7012
1.50393
1.75375
1.12604
0.962584
1.48244
0.590982
1.04604
1.45827
2.00094
0.980048
2.54437
1.3057
1.85006
0.933129
