0.0168275
0.0160946
0.0176048
0.0165715
0.0160597
0.0152961
0.0152864
0.0127129
0.0153278
0.0174024
0.0167215
0.016689
0.0157827
0.0143649
0.0148307
0.0159366
0.0151177
0.0162942
0.0151687
0.0129294
0.014733
0.0142434
0.0155224
0.0186985
0.0156741
0.0149434
0.016045
0.0181405
0.015308
0.0156022
0.0173205
0.0152108
0.0141823
0.0167544
0.016235
0.0156832
0.0158923
0.0161088
0.0171521
0.0133778
0.0139123
0.0159438
0.0173567
0.0161721
0.0177794
0.0163121
0.0140168
0.0174836
0.0149921
0.0137651
0.0156439
0.0155307
0.0167787
0.014534
0.0144915
0.0155264
0.0158385
0.0160852
0.0156098
0.0161888
0.0153726
0.0161544
0.0152047
0.0142579
0.0141796
0.0148291
0.0157616
0.0147659
0.0154014
0.0149186
0.0159611
0.0162289
0.0166921
0.0153325
0.0148541
0.013772
0.015236
0.0142684
0.0137718
0.0163648
0.0168448
0.0166492
0.0137391
0.0155329
0.0146904
0.0165298
0.0132753
0.0163335
0.0136731
0.01527
0.01423
0.016249
0.0172039
0.0139963
0.0141993
0.0147526
0.0185822
0.0157387
0.0130146
0.0144166
0.0156482
0.017782
0.0142931
0.016628
0.0182955
0.0158252
0.0161352
0.0159494
0.0142436
0.0158642
0.0134311
0.0145084
0.0152039
0.0165678
0.0139569
0.014272
0.0159222
0.0154347
0.0139589
0.0153243
0.0157638
0.0127377
0.0154831
0.0155931
0.0166112
0.0143944
0.0178463
0.0161675
0.0144796
0.012699
0.0156272
0.0160561
0.0134158
0.0158183
0.0178077
0.013991
0.0170347
0.0156365
0.0154303
0.0160448
0.015602
0.0126739
0.0159398
0.0172097
0.0151385
0.0148418
0.0171408
0.0170428
0.0170035
0.0158758
0.0146621
0.0162741
0.0149752
0.0153567
0.0139315
0.0156658
0.015826
0.0145071
0.0145325
0.016062
0.0169567
0.0149068
0.0163992
0.0121748
0.0160797
0.0152205
0.0158478
0.0149826
0.0167038
0.0152396
0.0153542
0.0144656
0.0174021
0.0143822
0.0148067
0.0159779
0.0141882
0.0143935
0.0148061
0.0163779
0.0136417
0.0159122
0.0167152
0.0161621
0.0147661
0.0156609
0.0142473
0.0147729
0.0149026
0.016465
0.0145301
0.0154721
0.0164071
0.0133498
0.0154686
0.0139264
0.0172189
0.0140932
0.0150246
0.0145382
0.0151981
0.0144265
0.013554
0.0148985
0.0160143
0.0146487
0.0144874
0.0162857
0.0148499
0.0157036
0.0148264
0.0152526
0.0139067
0.0134764
0.0165503
0.0164928
0.0145369
0.0156081
0.015408
0.0149526
0.0142953
0.0147415
0.014692
0.0166788
0.0141206
0.01415
0.0174627
0.0164172
0.0149218
0.0149956
0.014969
0.0152818
0.0163598
0.0132077
0.0142962
0.0137856
0.0168973
0.0135495
0.0149985
0.0155903
0.0129119
0.0148285
0.0168866
0.0157013
0.0152012
0.0154696
0.0174757
0.015118
0.0144418
0.016079
0.0166111
0.0127263
0.0158722
0.0142727
0.0162311
0.0153586
0.0157252
0.0168758
0.0139264
0.0137697
0.0162314
0.016145
0.0147536
0.0142781
0.0139725
0.0168627
0.0177034
0.0165746
0.0156184
0.014508
0.016662
0.0148917
0.0165615
0.0154976
0.0170894
0.0176666
0.0159602
0.0156099
0.0158671
0.0152634
0.0155272
0.017259
0.0135327
0.0160882
0.0163392
0.013679
0.0151001
0.0162757
0.0153807
0.0136627
0.0179431
0.0168367
0.0151034
0.0142309
0.0170619
0.0167576
0.0166485
0.0160748
0.0152445
0.0156874
0.0130761
0.0147976
0.0145743
0.0146886
0.0165584
0.0176263
0.015052
0.0149544
0.0152459
0.0162602
0.016112
0.0150455
0.0158169
0.014751
0.0133677
0.0152596
0.0152917
0.0148906
0.0144321
0.0159366
0.0154303
0.0155185
0.015099
0.0154622
0.0152252
0.0143636
0.0143966
0.0139656
0.0150346
0.0122637
0.0172518
0.0155854
0.0135315
0.0133546
0.0146621
0.0137782
0.0154176
0.014208
0.0160982
0.0160745
0.0163924
0.0127439
0.0170094
0.0134782
0.0163175
0.0161072
0.0138916
0.0146958
0.0148485
0.0151195
0.0148879
0.0161796
0.0186171
0.0158976
0.0173321
0.0152942
0.0169656
0.0174481
0.0148485
0.0138035
0.0178442
0.0146053
0.0169212
0.013897
0.0159278
0.0185214
0.0117838
0.0170179
0.017343
0.0134566
0.0189597
0.0156459
0.0159058
0.0146711
0.0161972
0.0165097
0.0157384
0.0142538
0.0145074
0.0145809
0.0158243
0.0145912
0.0144899
0.0167889
0.0151842
0.015699
0.0135677
0.0137582
0.0141946
0.0149275
0.014977
0.0159449
0.0155485
0.0170345
0.0167316
0.0131805
0.0156441
0.0153851
0.0147198
0.0147624
0.0132098
0.0158604
0.0159428
0.0158294
0.0150862
0.0161861
0.0127615
0.0143917
0.0153801
0.0161246
0.0137357
0.0142522
0.0144841
0.0157957
0.0153426
0.0161787
0.0165907
0.0138876
0.0181803
0.0159487
0.0158388
0.0178683
0.017859
0.014895
0.0154889
0.0197104
0.0138606
0.0149871
0.0153721
0.0144393
0.0156722
0.0169792
0.0164216
0.0155054
0.0131556
0.0139314
0.0164696
0.0145919
0.0151066
0.0161654
0.0180346
0.0152528
0.0134788
0.013429
0.0165154
0.0154435
0.0153826
0.0155067
0.0162343
0.0158795
0.0164697
0.0164761
0.0152944
0.014787
0.0151786
0.0138323
0.0165157
0.0133989
0.0160347
0.0138706
0.019401
0.0165651
0.0155446
0.0167475
0.0129462
0.0150764
0.0142495
0.0152321
0.0154193
0.0165662
0.0130871
0.0131464
0.0138917
0.016174
0.014463
0.0131407
0.0157373
0.0166997
0.013934
0.0151913
0.0171754
0.0152588
0.0145829
0.0162197
0.0147846
0.0154569
0.017933
0.0153887
0.0149469
0.0143976
0.013052
0.0164668
0.0154772
0.0144313
0.0149119
0.0189324
0.0152147
0.0147157
0.015272
0.0169851
0.0190726
0.0158914
0.0163066
0.0162864
0.0173201
0.0132032
0.0158457
0.015081
0.0143093
0.0143908
0.0151504
0.0145036
0.0171663
0.0145498
0.0132082
0.015229
0.0141949
0.015005
0.0174686
0.0149323
0.0172785
0.0139231
0.0177164
0.0140497
0.0146436
0.017367
0.0170541
0.0149225
0.018306
0.017311
0.0147855
0.0177757
0.0160622
0.0157466
0.0139039
0.0163491
0.01455
0.0157319
0.0160052
0.0171541
0.0154912
0.0162775
0.0168286
0.0126879
0.0172809
0.015235
0.0157979
0.0160137
0.0165334
0.0135189
0.0164478
0.0158822
0.0155395
0.0138766
0.0149276
0.0151908
0.0143758
0.0143675
0.0179655
0.0156058
0.015167
0.0129428
0.0143933
0.0165374
0.0150322
0.0143881
0.016205
0.0153242
0.0155791
0.019514
0.0163955
0.0140923
0.0164729
0.0187529
0.0180152
0.0150036
0.0132426
0.0162078
0.0173464
0.0132581
0.0156912
0.0156181
0.0137116
0.0156506
0.0152817
0.014401
0.0149449
0.0156026
0.0144424
0.0159713
0.0162525
0.014962
0.0158539
0.013784
0.0158688
0.0161621
0.0152905
0.0163195
0.0157867
0.016513
0.0167904
0.0149929
0.0144938
0.0146349
0.0175776
0.0176928
0.0145183
0.0187602
0.0155127
0.0144903
0.0173287
0.0146999
0.0219791
0.0162036
0.0133988
0.0163385
0.0147474
0.0165686
0.015516
0.0167109
0.0163819
0.0173831
0.0161205
0.0136226
0.0154202
0.0142969
0.0167673
0.0146293
0.0153169
0.0161907
0.0129568
0.0161526
0.0145223
0.0157504
0.0167893
0.0177751
0.0147776
0.0134296
0.0159602
0.0163923
0.0173955
0.0171959
0.0156995
0.015126
0.013808
0.0124868
0.0190019
0.0161712
0.0150135
0.0120729
0.0155946
0.015188
0.0160206
0.0150192
0.0159172
0.0143713
0.0146971
0.0159845
0.0128776
0.0137577
0.0173263
0.0145182
0.0144635
0.0191902
0.015943
0.0139474
0.0157013
0.0145137
0.0177855
0.017058
0.0170954
0.0143592
0.0146378
0.0157949
0.0153213
0.0152723
0.0158012
0.014872
0.0164516
0.0141336
0.0156505
0.0144093
0.0174876
0.0154913
0.0151205
0.0153063
0.0144561
0.0146223
0.0159585
0.0151501
0.0163016
0.0152832
0.015308
0.0146629
0.0141485
0.0166263
0.0123731
0.0136851
0.0168592
0.0147265
0.0146374
0.0151518
0.0154306
0.0136996
0.0136654
0.0161059
0.0139796
0.0168136
0.0140322
0.0164779
0.0168488
0.0165646
0.0143767
0.0146427
0.0151693
0.0149654
0.015439
0.0125187
0.0153085
0.0148551
0.0163073
0.0184241
0.0152074
0.0145801
0.0119945
0.0165985
0.014603
0.0170605
0.0166866
0.0136151
0.0150871
0.0161855
0.0155367
0.0141873
0.0153582
0.0136099
0.0146158
0.0157656
0.0137366
0.0136163
0.0146174
0.0178712
0.014381
0.0147705
0.0144345
0.0154093
0.014597
0.0173403
0.0140862
0.0145101
0.0180376
0.0162638
0.0176596
0.0157216
0.0157326
0.0142983
0.0145502
0.0138338
0.0161112
0.0138811
0.0140098
0.0144758
0.0142711
0.0140416
0.0148908
0.0175944
0.0177308
0.0144989
0.0148808
0.0168216
0.0151659
0.0168914
0.0171055
0.0167192
0.0157251
0.0161916
0.0138362
0.0146951
0.017885
0.0183611
0.015394
0.0144621
0.0131219
0.0138287
0.0169503
0.01822
0.0147947
0.0150896
0.0143461
0.0156969
0.0156752
0.0161194
0.0141037
0.0142338
0.0145986
0.0172082
0.0130102
0.0155827
0.0159582
0.0150872
0.0151734
0.0158352
0.0177685
0.0129865
0.0154585
0.0147797
0.0157224
0.0125632
0.0156331
0.0150704
0.0174006
0.0151001
0.0155076
0.0149623
0.0139036
0.0140293
0.0159298
0.0132765
0.0143058
0.0153256
0.0144603
0.0134328
0.0149935
0.0153027
0.0143337
0.0132424
0.014801
0.01729
0.013833
0.0157392
0.0162113
0.0178638
0.0155728
0.0169317
0.0157422
0.0132159
0.013169
0.0146327
0.017997
0.0157427
0.0166177
0.0154489
0.0154656
0.0145163
0.0153976
0.0159528
0.0155367
0.013802
0.0141095
0.0142171
0.0137781
0.0147064
0.0138625
0.0146107
0.0143332
0.014441
0.0170879
0.0149966
0.0160626
0.0151573
0.0157476
0.014416
0.0153325
0.0160351
0.0162904
0.0146416
0.0170398
0.0164653
0.016023
0.0133387
0.0168817
0.0161448
0.0167352
0.0160339
0.0197422
0.0145584
0.0182518
0.0156008
0.0146128
0.0157642
0.0149393
0.0135659
0.0134207
0.0132046
0.0153141
0.0171329
0.0136826
0.018127
0.0130657
0.0154658
0.0152214
0.0144522
0.0166813
0.0155279
0.0135811
0.0152888
0.0143261
0.0154726
0.0139399
0.01427
0.0138866
0.0183947
0.0158973
0.0146435
0.0165396
0.0155553
0.0149662
0.0129432
0.0163428
0.0167626
0.0147959
0.0143664
0.0144624
0.0137427
0.0135894
0.0151301
0.0153756
0.0151343
0.0174476
0.0142782
0.0160603
0.0138342
0.018197
0.0172412
0.0164048
0.0167939
0.0183012
0.0152756
0.0167844
0.0164238
0.0136844
0.0162455
0.0161635
0.015632
0.014483
0.0134089
0.0154662
0.0158816
0.0169146
0.0155363
0.0149415
0.0165509
0.0142944
0.016978
0.0161859
0.0142269
0.015343
0.0167346
0.0150851
0.0142562
0.0167157
0.0146563
0.0145311
0.0163488
0.0177603
0.0151134
0.0158919
0.0156037
0.016172
0.0148491
0.0151126
0.0156002
0.0160561
0.0171168
0.016357
0.0153573
0.0142999
0.0145875
0.0140546
0.0139862
0.0159737
0.0136122
0.0155383
0.016561
0.0147465
0.011638
0.0172303
0.0154188
0.0143707
0.0145579
0.0167913
0.0153536
0.0146424
0.0146431
0.0154289
0.0159032
0.0147711
0.0170943
0.0168579
0.0154663
0.0149741
0.0170179
0.0133585
0.0134704
0.0133745
0.0152765
0.0152485
0.0158671
0.0151429
0.0152516
0.0181032
0.0147969
0.0119125
0.012327
0.013096
0.0166978
0.0149451
0.0145178
0.0183732
0.0175919
0.0166721
0.0167749
0.0162325
0.0176576
0.0174412
0.0144891
0.014368
0.0144384
0.0168746
0.0162856
0.0146535
0.014211
0.014961
0.0152502
0.013958
0.0132401
0.0143813
0.0144152
0.0172067
0.014008
0.0149637
0.0159312
0.016522
0.0155009
0.0132865
0.0154163
0.0169506
0.0142324
0.0178046
0.0189993
0.0145088
0.0146839
0.0141327
0.0149303
0.017206
0.0156772
0.0146717
0.0147378
0.017085
0.0149728
0.0158923
0.0168468
0.0174013
0.0136783
0.0131709
0.0155724
0.015546
0.0154762
0.0144746
0.0161571
0.0165424
0.0164559
0.0152819
0.0148404
0.0148931
0.0152272
0.0164283
0.0140865
0.0173578
0.0162946
0.0148392
0.014831
0.0142748
0.0145166
0.0146148
0.015429
0.0147761
0.017342
0.0143142
0.0139837
0.014405
0.0147682
0.0140946
0.0159998
0.0138107
0.0144015
0.0179045
0.0177885
0.0145254
0.0163189
0.0166745
0.0150651
0.0168712
0.0157062
0.0166407
0.0150166
0.0156765
0.0164164
0.0161579
0.0159639
0.0164208
0.0146211
0.0150313
0.0136831
0.015794
0.0138746
0.0155939
0.017023
0.0148783
0.0151773
0.020406
0.0142755
0.0152677
0.0159677
0.0181692
0.0152208
0.0171084
0.0153004
0.0182242
0.0172971
0.0162206
0.0174836
0.0154558
0.0148259
0.0150438
0.0152769
0.0178616
0.0159272
0.0177252
0.0151564
0.0157509
0.0147188
0.015516
0.0142582
0.0157558
0.0159689
0.0169074
0.0165646
0.0166358
0.0168742
0.0160712
0.0153974
0.0124894
0.0141709
0.0166711
0.0147928
0.0157519
0.0176597
0.0164216
0.0144565
0.0154385
0.0148851
0.0161524
0.0144751
0.0145715
0.0153091
0.0126574
0.0149703
0.0144228
0.0141278
0.0145919
0.0170235
0.0173206
0.0166632
0.0151627
0.0160093
0.0145958
0.0153324
0.0150702
0.0134647
0.0132463
0.0149882
0.0126689
0.0150981
0.0155835
0.0133719
0.0129602
0.0173775
0.0151677
0.0169572
0.0150931
0.0146936
0.0177029
0.0151973
0.0153545
0.0151004
0.0160731
0.0147364
0.0150636
0.0167247
0.0178191
0.0160381
0.0155248
0.0154996
0.0151195
0.0141154
0.0157405
0.0146646
0.0159
0.0132894
0.0143692
0.0143483
0.0142581
0.0138551
0.0162275
0.0149595
0.0182307
0.0141084
0.0146529
0.0166484
0.0152098
0.0161671
0.0155807
0.0135542
0.0165094
0.0138251
0.0134576
0.0149325
0.0145554
0.0168363
0.0136469
0.0137095
0.0151293
0.0176112
0.0169586
0.0157114
0.0143479
0.0164645
0.0139137
0.0152929
0.0141907
0.0147599
0.0152328
0.0152278
0.0160775
0.0167665
0.0174901
0.0142505
0.0160258
0.0151063
0.0185814
0.0147334
0.0128369
0.0168162
0.0159062
0.0148
0.0136222
0.0151857
0.0149676
0.0170467
0.014764
0.013005
0.0151765
0.0163325
0.0158184
0.0174602
0.0163782
0.0145292
0.0156803
0.015812
0.0174771
0.0173862
0.0160159
0.0150549
0.0130507
0.0152253
0.0164384
0.0144162
0.0147445
0.0152948
0.0175308
0.0125191
0.0155287
0.015086
0.016132
0.0162139
0.0162394
0.01678
0.0155327
0.0150349
0.0151589
0.0165639
0.0151152
0.0149803
0.0153905
0.0138975
0.0143636
0.0137217
0.0147519
0.0157588
0.0163061
0.0170518
0.0151231
0.0139293
0.0150267
0.016019
0.0141416
0.0145976
0.0152266
0.0180021
0.0157297
0.0142103
0.0147494
0.015451
0.0144123
0.0133715
0.0171907
0.0155763
0.01462
0.0134449
0.0170432
0.0137103
0.0143125
0.0145383
0.0153565
0.0169338
0.0149389
0.0146113
0.014163
0.0170508
0.0139149
0.0185007
0.0131044
0.0160799
0.0158746
0.0139346
0.0142619
0.0151495
0.0137419
0.0142761
0.0146454
0.014007
0.0148008
0.0159004
0.0138869
0.0140592
0.0147166
0.0131102
0.0142692
0.0163878
0.0166325
0.015331
0.0160114
0.0158726
0.0196009
0.0155469
0.0153787
0.0153277
0.0160931
0.0161042
0.0168239
0.0141168
0.0148349
0.0177694
0.0173798
0.0142822
0.0147362
0.0145775
0.0141005
0.0149147
0.0145373
0.0151167
0.0146675
0.0164394
0.0149422
0.0197836
0.0170256
0.0149044
0.0158015
0.0159004
0.0176666
0.0160204
0.0174232
0.0155501
0.01353
0.0164538
0.0140081
0.0150218
0.016409
0.0169051
0.015345
0.0151095
0.0149246
0.0158978
0.0170283
0.0164641
0.0159658
0.014489
0.0150104
0.0160864
0.0144212
0.0146364
0.018275
0.0194237
0.0147767
0.0130949
0.0139188
0.0155078
0.0151715
0.0153093
0.0156012
0.016293
0.0146433
0.0143811
0.0193183
0.0162924
0.0170886
0.0146847
0.0154027
0.013575
0.0148354
0.0146701
0.0176738
0.0152464
0.0158659
0.0177124
0.014608
0.0154379
0.0178315
0.0158689
0.0157445
0.0173652
0.0154887
0.0161776
0.0154056
0.0153205
0.0156237
0.0150289
0.0141727
0.0163112
0.016981
0.0166756
0.013705
0.0144173
0.0166023
0.015985
0.0149581
0.0155306
0.0148003
0.018089
0.0135209
0.0163425
0.0177476
0.0169393
0.015429
0.0172059
0.0169019
0.0156088
0.0150953
0.0148825
0.0149736
0.016256
0.0148278
0.0155296
0.0120063
0.0142469
0.0164999
0.0169072
0.0160303
0.0152654
0.0142227
0.0170391
0.0160095
0.0194036
0.0143075
0.0165608
0.0175725
0.0141101
0.0148848
0.0152165
0.0159918
0.016008
0.013036
0.0157885
0.0148044
0.0145886
0.0149628
0.0142805
0.014882
0.0149976
0.0130562
0.0165603
0.0158626
0.0146564
0.0154154
0.0146484
0.017138
0.0156808
0.0133808
0.0149261
0.0152942
0.0157508
0.0179225
0.0148772
0.0147199
0.0143169
0.0155693
0.0202839
0.0148122
0.0168333
0.0161095
0.0168245
0.0188959
0.0143571
0.0139125
0.0140318
0.0166606
0.0143922
0.0134626
0.0157707
0.0147706
0.016883
0.0151727
0.0149779
0.0174389
0.0148488
0.0155609
0.01916
0.0174161
0.0165613
0.0192412
0.0162878
0.0148958
0.0162681
0.0140371
0.0150417
0.0146889
0.0153559
0.0144628
0.0160344
0.014102
0.0136415
0.0143161
0.015885
0.0143311
0.0139039
0.0137946
0.0132906
0.015257
0.0145927
0.0146191
0.0143611
0.0153639
0.0158045
0.0168235
0.0195415
0.0163428
0.0178192
0.018015
0.0167616
0.0156202
0.015543
0.0147914
0.0162632
0.0160977
0.0148207
0.0157764
0.0170963
0.0183848
0.0160592
0.0149371
0.014551
0.013594
0.0144656
0.0152549
0.0176217
0.0171378
0.0162455
0.015578
0.0173886
0.016077
0.0150999
0.0174888
0.0155301
0.01516
0.0147482
0.0157972
0.0157598
0.0122453
0.0139792
0.0146356
0.0158651
0.0141987
0.0153255
0.01586
0.018503
0.0160222
0.0143238
0.0160707
0.015463
0.016834
0.0158526
0.0173797
0.0155518
0.0157647
0.0168994
0.0168246
0.0150114
0.0144155
0.0162719
0.0162146
0.0165419
0.0135196
0.0128609
0.0147985
0.019886
0.0147774
0.0151517
0.0160146
0.0148927
0.0176074
0.0170308
0.0145217
0.0153302
0.014318
0.0162908
0.0157125
0.0156673
0.0170072
0.015679
0.0159883
0.0143658
0.016133
0.0149036
0.0170126
0.0147298
0.0164875
0.0148231
0.0187029
0.0174164
0.0125077
0.0151813
0.014246
0.0156361
0.0156336
0.0170123
0.016323
0.0172051
0.0155124
0.0148041
0.0143842
0.0151074
0.0182321
0.0145208
0.0168413
0.0150387
0.0171045
0.0168064
0.0171758
0.0153815
0.0168181
0.0161075
0.0177635
0.0143978
0.0169139
0.0167873
0.0173622
0.0137453
0.0150023
0.0144282
0.014598
0.0142984
0.0183636
0.0159512
0.0148635
0.0164585
0.0171706
0.0162157
0.015189
0.017915
0.014772
0.0149942
0.0141901
0.0156389
0.0159952
0.0150566
0.0166099
0.0153202
0.0139375
0.0166649
0.015646
0.0159518
0.0158249
0.0143518
0.0154651
0.0129562
0.0146515
0.0151395
0.0178735
0.0146439
0.0149587
0.0152265
0.0141402
0.014083
0.0160665
0.0143131
0.0137929
0.0150237
0.0136109
0.0170423
0.0146019
0.0152847
0.015779
0.0157136
0.0149087
0.0179122
0.0177617
0.0152393
0.0158536
0.0189779
0.0145575
0.0138805
0.0152597
0.0156846
0.0153048
0.0196869
0.0150772
0.0128669
0.0151535
0.0146649
0.0159348
0.0145356
0.0152079
0.0140733
0.0176231
0.0153738
0.0164591
0.014952
0.0150706
0.0172674
0.0171695
0.0165821
0.0167455
0.0153239
0.0137369
0.0149098
0.0139538
0.0180049
0.013154
0.0146656
0.0181286
0.0179746
0.0158328
0.0166751
0.0159814
0.0129362
0.0162892
0.0147514
0.0160379
0.0149431
0.013903
0.0132922
0.0155839
0.0138406
0.0162001
0.01569
0.0145333
0.0134333
0.0166948
0.0163692
0.0152014
0.0140195
0.0157636
0.0162584
0.0136545
0.0150914
0.0165566
0.0157004
0.0144382
0.0131765
0.0150669
0.0167707
0.0157996
0.0190618
0.0155148
0.0138665
0.0172272
0.0150802
0.0151846
0.013558
0.0159579
0.0140412
0.0146082
0.0158636
0.0158759
0.0160871
0.015403
0.0148165
0.0164069
0.0164065
0.017614
0.0125654
0.014624
0.0137694
0.0174818
0.01732
0.0176996
0.0142112
0.0141288
0.0172692
0.016618
0.013991
0.0187569
0.0135597
0.0175572
0.0160069
0.0159319
0.015734
0.0171358
0.0136874
0.0155188
0.015968
0.0154656
0.0152481
0.0152525
0.016749
0.0137438
0.0156793
0.0152138
0.0170326
0.0147593
0.0162461
0.0155351
0.0135139
0.0148866
0.0151872
0.0145036
0.0141604
0.0166694
0.0182687
0.0148689
0.016431
0.0147899
0.0159283
0.016963
0.0167872
0.0179854
0.016943
0.0140465
0.0153126
0.0145751
0.0177467
0.0146026
0.0165928
0.0175063
0.0147101
0.0151944
0.0146638
0.0174988
0.0152761
0.0131995
0.0163991
0.0158688
0.0164348
0.0147671
0.0145192
0.0143884
0.01272
0.0163812
0.0169463
0.0171634
0.0152811
0.016144
0.0168588
0.0177161
0.0172796
0.0147657
0.0148583
0.0180099
0.0163825
0.0153615
0.0134068
0.0163502
0.0174792
0.0174232
0.0151499
0.0149284
0.0141531
0.0143803
0.0141666
0.0129118
0.0174253
0.0162264
0.0148915
0.0179341
0.014152
0.0140384
0.0170644
0.0148361
0.0157652
0.0155583
0.0155492
0.0148067
0.0151063
0.0150871
0.0152221
0.0176574
0.0131812
0.0154584
0.0165504
0.0171259
0.0141762
0.0152811
0.015191
0.0136654
0.0151625
0.014579
0.0141862
0.0146958
0.0174753
0.0140117
0.0137777
0.0169516
0.0160068
0.0180227
0.0162699
0.0151375
0.0141916
0.0140918
0.0157209
0.0128609
0.0150961
0.0140104
0.0149637
0.0167194
0.0151025
0.0153975
0.0156346
0.0152615
0.0151227
0.0177769
0.0153841
0.0130007
0.0160535
0.0140823
0.0179161
0.0150784
0.0156361
0.0166397
0.0139581
0.0142374
0.0165876
0.0143916
0.0155316
0.0161634
0.0144624
0.0158718
0.0172953
0.0173226
0.0149379
0.0163758
0.0161124
0.0148587
0.0159816
0.0127734
0.0154452
0.0151746
0.0168985
0.0143143
0.0159245
0.0154354
0.015657
0.0142654
0.0148641
0.0155037
0.015751
0.0153741
0.0173095
0.0154614
0.0160468
0.0151558
0.0138089
0.0142922
0.0148767
0.0142685
0.0146278
0.0137276
0.0191716
0.0157506
0.0133763
0.0147124
0.0176208
0.0154674
0.0162457
0.0172505
0.0139819
0.0171179
0.016267
0.017058
0.0143723
0.0163015
0.0161402
0.0166613
0.0163482
0.0160826
0.0143481
0.0147565
0.013108
0.0134677
0.0145526
0.0168275
0.0160946
0.0176048
0.0165715
0.0160597
0.0152961
0.0152864
0.0127129
0.0153278
0.0174024
0.0167215
0.016689
0.0157827
0.0143649
0.0148307
0.0159366
0.0151177
0.0162942
0.0151687
0.0129294
0.014733
0.0142434
0.0155224
0.0186985
0.0156741
0.0149434
0.016045
0.0181405
0.015308
0.0156022
0.0173205
0.0152108
0.0141823
0.0167544
0.016235
0.0156832
0.0158923
0.0161088
0.0171521
0.0133778
0.0139123
0.0159438
0.0173567
0.0161721
0.0177794
0.0163121
0.0140168
0.0174836
0.0149921
0.0137651
0.0156439
0.0155307
0.0167787
0.014534
0.0144915
0.0155264
0.0158385
0.0160852
0.0156098
0.0161888
0.0153726
0.0161544
0.0152047
0.0142579
0.0141796
0.0148291
0.0157616
0.0147659
0.0154014
0.0149186
0.0159611
0.0162289
0.0166921
0.0153325
0.0148541
0.013772
0.015236
0.0142684
0.0137718
0.0163648
0.0168448
0.0166492
0.0137391
0.0155329
0.0146904
0.0165298
0.0132753
0.0163335
0.0136731
0.01527
0.01423
0.016249
0.0172039
0.0139963
0.0141993
0.0147526
0.0185822
0.0157387
0.0130146
0.0144166
0.0156482
0.017782
0.0142931
0.016628
0.0182955
0.0158252
0.0161352
0.0159494
0.0142436
0.0158642
0.0134311
0.0145084
0.0152039
0.0165678
0.0139569
0.014272
0.0159222
0.0154347
0.0139589
0.0153243
0.0157638
0.0127377
0.0154831
0.0155931
0.0166112
0.0143944
0.0178463
0.0161675
0.0144796
0.012699
0.0156272
0.0160561
0.0134158
0.0158183
0.0178077
0.013991
0.0170347
0.0156365
0.0154303
0.0160448
0.015602
0.0126739
0.0159398
0.0172097
0.0151385
0.0148418
0.0171408
0.0170428
0.0170035
0.0158758
0.0146621
0.0162741
0.0149752
0.0153567
0.0139315
0.0156658
0.015826
0.0145071
0.0145325
0.016062
0.0169567
0.0149068
0.0163992
0.0121748
0.0160797
0.0152205
0.0158478
0.0149826
0.0167038
0.0152396
0.0153542
0.0144656
0.0174021
0.0143822
0.0148067
0.0159779
0.0141882
0.0143935
0.0148061
0.0163779
0.0136417
0.0159122
0.0167152
0.0161621
0.0147661
0.0156609
0.0142473
0.0147729
0.0149026
0.016465
0.0145301
0.0154721
0.0164071
0.0133498
0.0154686
0.0139264
0.0172189
0.0140932
0.0150246
0.0145382
0.0151981
0.0144265
0.013554
0.0148985
0.0160143
0.0146487
0.0144874
0.0162857
0.0148499
0.0157036
0.0148264
0.0152526
0.0139067
0.0134764
0.0165503
0.0164928
0.0145369
0.0156081
0.015408
0.0149526
0.0142953
0.0147415
0.014692
0.0166788
0.0141206
0.01415
0.0174627
0.0164172
0.0149218
0.0149956
0.014969
0.0152818
0.0163598
0.0132077
0.0142962
0.0137856
0.0168973
0.0135495
0.0149985
0.0155903
0.0129119
0.0148285
0.0168866
0.0157013
0.0152012
0.0154696
0.0174757
0.015118
0.0144418
0.016079
0.0166111
0.0127263
0.0158722
0.0142727
0.0162311
0.0153586
0.0157252
0.0168758
0.0139264
0.0137697
0.0162314
0.016145
0.0147536
0.0142781
0.0139725
0.0168627
0.0177034
0.0165746
0.0156184
0.014508
0.016662
0.0148917
0.0165615
0.0154976
0.0170894
0.0176666
0.0159602
0.0156099
0.0158671
0.0152634
0.0155272
0.017259
0.0135327
0.0160882
0.0163392
0.013679
0.0151001
0.0162757
0.0153807
0.0136627
0.0179431
0.0168367
0.0151034
0.0142309
0.0170619
0.0167576
0.0166485
0.0160748
0.0152445
0.0156874
0.0130761
0.0147976
0.0145743
0.0146886
0.0165584
0.0176263
0.015052
0.0149544
0.0152459
0.0162602
0.016112
0.0150455
0.0158169
0.014751
0.0133677
0.0152596
0.0152917
0.0148906
0.0144321
0.0159366
0.0154303
0.0155185
0.015099
0.0154622
0.0152252
0.0143636
0.0143966
0.0139656
0.0150346
0.0122637
0.0172518
0.0155854
0.0135315
0.0133546
0.0146621
0.0137782
0.0154176
0.014208
0.0160982
0.0160745
0.0163924
0.0127439
0.0170094
0.0134782
0.0163175
0.0161072
0.0138916
0.0146958
0.0148485
0.0151195
0.0148879
0.0161796
0.0186171
0.0158976
0.0173321
0.0152942
0.0169656
0.0174481
0.0148485
0.0138035
0.0178442
0.0146053
0.0169212
0.013897
0.0159278
0.0185214
0.0117838
0.0170179
0.017343
0.0134566
0.0189597
0.0156459
0.0159058
0.0146711
0.0161972
0.0165097
0.0157384
0.0142538
0.0145074
0.0145809
0.0158243
0.0145912
0.0144899
0.0167889
0.0151842
0.015699
0.0135677
0.0137582
0.0141946
0.0149275
0.014977
0.0159449
0.0155485
0.0170345
0.0167316
0.0131805
0.0156441
0.0153851
0.0147198
0.0147624
0.0132098
0.0158604
0.0159428
0.0158294
0.0150862
0.0161861
0.0127615
0.0143917
0.0153801
0.0161246
0.0137357
0.0142522
0.0144841
0.0157957
0.0153426
0.0161787
0.0165907
0.0138876
0.0181803
0.0159487
0.0158388
0.0178683
0.017859
0.014895
0.0154889
0.0197104
0.0138606
0.0149871
0.0153721
0.0144393
0.0156722
0.0169792
0.0164216
0.0155054
0.0131556
0.0139314
0.0164696
0.0145919
0.0151066
0.0161654
0.0180346
0.0152528
0.0134788
0.013429
0.0165154
0.0154435
0.0153826
0.0155067
0.0162343
0.0158795
0.0164697
0.0164761
0.0152944
0.014787
0.0151786
0.0138323
0.0165157
0.0133989
0.0160347
0.0138706
0.019401
0.0165651
0.0155446
0.0167475
0.0129462
0.0150764
0.0142495
0.0152321
0.0154193
0.0165662
0.0130871
0.0131464
0.0138917
0.016174
0.014463
0.0131407
0.0157373
0.0166997
0.013934
0.0151913
0.0171754
0.0152588
0.0145829
0.0162197
0.0147846
0.0154569
0.017933
0.0153887
0.0149469
0.0143976
0.013052
0.0164668
0.0154772
0.0144313
0.0149119
0.0189324
0.0152147
0.0147157
0.015272
0.0169851
0.0190726
0.0158914
0.0163066
0.0162864
0.0173201
0.0132032
0.0158457
0.015081
0.0143093
0.0143908
0.0151504
0.0145036
0.0171663
0.0145498
0.0132082
0.015229
0.0141949
0.015005
0.0174686
0.0149323
0.0172785
0.0139231
0.0177164
0.0140497
0.0146436
0.017367
0.0170541
0.0149225
0.018306
0.017311
0.0147855
0.0177757
0.0160622
0.0157466
0.0139039
0.0163491
0.01455
0.0157319
0.0160052
0.0171541
0.0154912
0.0162775
0.0168286
0.0126879
0.0172809
0.015235
0.0157979
0.0160137
0.0165334
0.0135189
0.0164478
0.0158822
0.0155395
0.0138766
0.0149276
0.0151908
0.0143758
0.0143675
0.0179655
0.0156058
0.015167
0.0129428
0.0143933
0.0165374
0.0150322
0.0143881
0.016205
0.0153242
0.0155791
0.019514
0.0163955
0.0140923
0.0164729
0.0187529
0.0180152
0.0150036
0.0132426
0.0162078
0.0173464
0.0132581
0.0156912
0.0156181
0.0137116
0.0156506
0.0152817
0.014401
0.0149449
0.0156026
0.0144424
0.0159713
0.0162525
0.014962
0.0158539
0.013784
0.0158688
0.0161621
0.0152905
0.0163195
0.0157867
0.016513
0.0167904
0.0149929
0.0144938
0.0146349
0.0175776
0.0176928
0.0145183
0.0187602
0.0155127
0.0144903
0.0173287
0.0146999
0.0219791
0.0162036
0.0133988
0.0163385
0.0147474
0.0165686
0.015516
0.0167109
0.0163819
0.0173831
0.0161205
0.0136226
0.0154202
0.0142969
0.0167673
0.0146293
0.0153169
0.0161907
0.0129568
0.0161526
0.0145223
0.0157504
0.0167893
0.0177751
0.0147776
0.0134296
0.0159602
0.0163923
0.0173955
0.0171959
0.0156995
0.015126
0.013808
0.0124868
0.0190019
0.0161712
0.0150135
0.0120729
0.0155946
0.015188
0.0160206
0.0150192
0.0159172
0.0143713
0.0146971
0.0159845
0.0128776
0.0137577
0.0173263
0.0145182
0.0144635
0.0191902
0.015943
0.0139474
0.0157013
0.0145137
0.0177855
0.017058
0.0170954
0.0143592
0.0146378
0.0157949
0.0153213
0.0152723
0.0158012
0.014872
0.0164516
0.0141336
0.0156505
0.0144093
0.0174876
0.0154913
0.0151205
0.0153063
0.0144561
0.0146223
0.0159585
0.0151501
0.0163016
0.0152832
0.015308
0.0146629
0.0141485
0.0166263
0.0123731
0.0136851
0.0168592
0.0147265
0.0146374
0.0151518
0.0154306
0.0136996
0.0136654
0.0161059
0.0139796
0.0168136
0.0140322
0.0164779
0.0168488
0.0165646
0.0143767
0.0146427
0.0151693
0.0149654
0.015439
0.0125187
0.0153085
0.0148551
0.0163073
0.0184241
0.0152074
0.0145801
0.0119945
0.0165985
0.014603
0.0170605
0.0166866
0.0136151
0.0150871
0.0161855
0.0155367
0.0141873
0.0153582
0.0136099
0.0146158
0.0157656
0.0137366
0.0136163
0.0146174
0.0178712
0.014381
0.0147705
0.0144345
0.0154093
0.014597
0.0173403
0.0140862
0.0145101
0.0180376
0.0162638
0.0176596
0.0157216
0.0157326
0.0142983
0.0145502
0.0138338
0.0161112
0.0138811
0.0140098
0.0144758
0.0142711
0.0140416
0.0148908
0.0175944
0.0177308
0.0144989
0.0148808
0.0168216
0.0151659
0.0168914
0.0171055
0.0167192
0.0157251
0.0161916
0.0138362
0.0146951
0.017885
0.0183611
0.015394
0.0144621
0.0131219
0.0138287
0.0169503
0.01822
0.0147947
0.0150896
0.0143461
0.0156969
0.0156752
0.0161194
0.0141037
0.0142338
0.0145986
0.0172082
0.0130102
0.0155827
0.0159582
0.0150872
0.0151734
0.0158352
0.0177685
0.0129865
0.0154585
0.0147797
0.0157224
0.0125632
0.0156331
0.0150704
0.0174006
0.0151001
0.0155076
0.0149623
0.0139036
0.0140293
0.0159298
0.0132765
0.0143058
0.0153256
0.0144603
0.0134328
0.0149935
0.0153027
0.0143337
0.0132424
0.014801
0.01729
0.013833
0.0157392
0.0162113
0.0178638
0.0155728
0.0169317
0.0157422
0.0132159
0.013169
0.0146327
0.017997
0.0157427
0.0166177
0.0154489
0.0154656
0.0145163
0.0153976
0.0159528
0.0155367
0.013802
0.0141095
0.0142171
0.0137781
0.0147064
0.0138625
0.0146107
0.0143332
0.014441
0.0170879
0.0149966
0.0160626
0.0151573
0.0157476
0.014416
0.0153325
0.0160351
0.0162904
0.0146416
0.0170398
0.0164653
0.016023
0.0133387
0.0168817
0.0161448
0.0167352
0.0160339
0.0197422
0.0145584
0.0182518
0.0156008
0.0146128
0.0157642
0.0149393
0.0135659
0.0134207
0.0132046
0.0153141
0.0171329
0.0136826
0.018127
0.0130657
0.0154658
0.0152214
0.0144522
0.0166813
0.0155279
0.0135811
0.0152888
0.0143261
0.0154726
0.0139399
0.01427
0.0138866
0.0183947
0.0158973
0.0146435
0.0165396
0.0155553
0.0149662
0.0129432
0.0163428
0.0167626
0.0147959
0.0143664
0.0144624
0.0137427
0.0135894
0.0151301
0.0153756
0.0151343
0.0174476
0.0142782
0.0160603
0.0138342
0.018197
0.0172412
0.0164048
0.0167939
0.0183012
0.0152756
0.0167844
0.0164238
0.0136844
0.0162455
0.0161635
0.015632
0.014483
0.0134089
0.0154662
0.0158816
0.0169146
0.0155363
0.0149415
0.0165509
0.0142944
0.016978
0.0161859
0.0142269
0.015343
0.0167346
0.0150851
0.0142562
0.0167157
0.0146563
0.0145311
0.0163488
0.0177603
0.0151134
0.0158919
0.0156037
0.016172
0.0148491
0.0151126
0.0156002
0.0160561
0.0171168
0.016357
0.0153573
0.0142999
0.0145875
0.0140546
0.0139862
0.0159737
0.0136122
0.0155383
0.016561
0.0147465
0.011638
0.0172303
0.0154188
0.0143707
0.0145579
0.0167913
0.0153536
0.0146424
0.0146431
0.0154289
0.0159032
0.0147711
0.0170943
0.0168579
0.0154663
0.0149741
0.0170179
0.0133585
0.0134704
0.0133745
0.0152765
0.0152485
0.0158671
0.0151429
0.0152516
0.0181032
0.0147969
0.0119125
0.012327
0.013096
0.0166978
0.0149451
0.0145178
0.0183732
0.0175919
0.0166721
0.0167749
0.0162325
0.0176576
0.0174412
0.0144891
0.014368
0.0144384
0.0168746
0.0162856
0.0146535
0.014211
0.014961
0.0152502
0.013958
0.0132401
0.0143813
0.0144152
0.0172067
0.014008
0.0149637
0.0159312
0.016522
0.0155009
0.0132865
0.0154163
0.0169506
0.0142324
0.0178046
0.0189993
0.0145088
0.0146839
0.0141327
0.0149303
0.017206
0.0156772
0.0146717
0.0147378
0.017085
0.0149728
0.0158923
0.0168468
0.0174013
0.0136783
0.0131709
0.0155724
0.015546
0.0154762
0.0144746
0.0161571
0.0165424
0.0164559
0.0152819
0.0148404
0.0148931
0.0152272
0.0164283
0.0140865
0.0173578
0.0162946
0.0148392
0.014831
0.0142748
0.0145166
0.0146148
0.015429
0.0147761
0.017342
0.0143142
0.0139837
0.014405
0.0147682
0.0140946
0.0159998
0.0138107
0.0144015
0.0179045
0.0177885
0.0145254
0.0163189
0.0166745
0.0150651
0.0168712
0.0157062
0.0166407
0.0150166
0.0156765
0.0164164
0.0161579
0.0159639
0.0164208
0.0146211
0.0150313
0.0136831
0.015794
0.0138746
0.0155939
0.017023
0.0148783
0.0151773
0.020406
0.0142755
0.0152677
0.0159677
0.0181692
0.0152208
0.0171084
0.0153004
0.0182242
0.0172971
0.0162206
0.0174836
0.0154558
0.0148259
0.0150438
0.0152769
0.0178616
0.0159272
0.0177252
0.0151564
0.0157509
0.0147188
0.015516
0.0142582
0.0157558
0.0159689
0.0169074
0.0165646
0.0166358
0.0168742
0.0160712
0.0153974
0.0124894
0.0141709
0.0166711
0.0147928
0.0157519
0.0176597
0.0164216
0.0144565
0.0154385
0.0148851
0.0161524
0.0144751
0.0145715
0.0153091
0.0126574
0.0149703
0.0144228
0.0141278
0.0145919
0.0170235
0.0173206
0.0166632
0.0151627
0.0160093
0.0145958
0.0153324
0.0150702
0.0134647
0.0132463
0.0149882
0.0126689
0.0150981
0.0155835
0.0133719
0.0129602
0.0173775
0.0151677
0.0169572
0.0150931
0.0146936
0.0177029
0.0151973
0.0153545
0.0151004
0.0160731
0.0147364
0.0150636
0.0167247
0.0178191
0.0160381
0.0155248
0.0154996
0.0151195
0.0141154
0.0157405
0.0146646
0.0159
0.0132894
0.0143692
0.0143483
0.0142581
0.0138551
0.0162275
0.0149595
0.0182307
0.0141084
0.0146529
0.0166484
0.0152098
0.0161671
0.0155807
0.0135542
0.0165094
0.0138251
0.0134576
0.0149325
0.0145554
0.0168363
0.0136469
0.0137095
0.0151293
0.0176112
0.0169586
0.0157114
0.0143479
0.0164645
0.0139137
0.0152929
0.0141907
0.0147599
0.0152328
0.0152278
0.0160775
0.0167665
0.0174901
0.0142505
0.0160258
0.0151063
0.0185814
0.0147334
0.0128369
0.0168162
0.0159062
0.0148
0.0136222
0.0151857
0.0149676
0.0170467
0.014764
0.013005
0.0151765
0.0163325
0.0158184
0.0174602
0.0163782
0.0145292
0.0156803
0.015812
0.0174771
0.0173862
0.0160159
0.0150549
0.0130507
0.0152253
0.0164384
0.0144162
0.0147445
0.0152948
0.0175308
0.0125191
0.0155287
0.015086
0.016132
0.0162139
0.0162394
0.01678
0.0155327
0.0150349
0.0151589
0.0165639
0.0151152
0.0149803
0.0153905
0.0138975
0.0143636
0.0137217
0.0147519
0.0157588
0.0163061
0.0170518
0.0151231
0.0139293
0.0150267
0.016019
0.0141416
0.0145976
0.0152266
0.0180021
0.0157297
0.0142103
0.0147494
0.015451
0.0144123
0.0133715
0.0171907
0.0155763
0.01462
0.0134449
0.0170432
0.0137103
0.0143125
0.0145383
0.0153565
0.0169338
0.0149389
0.0146113
0.014163
0.0170508
0.0139149
0.0185007
0.0131044
0.0160799
0.0158746
0.0139346
0.0142619
0.0151495
0.0137419
0.0142761
0.0146454
0.014007
0.0148008
0.0159004
0.0138869
0.0140592
0.0147166
0.0131102
0.0142692
0.0163878
0.0166325
0.015331
0.0160114
0.0158726
0.0196009
0.0155469
0.0153787
0.0153277
0.0160931
0.0161042
0.0168239
0.0141168
0.0148349
0.0177694
0.0173798
0.0142822
0.0147362
0.0145775
0.0141005
0.0149147
0.0145373
0.0151167
0.0146675
0.0164394
0.0149422
0.0197836
0.0170256
0.0149044
0.0158015
0.0159004
0.0176666
0.0160204
0.0174232
0.0155501
0.01353
0.0164538
0.0140081
0.0150218
0.016409
0.0169051
0.015345
0.0151095
0.0149246
0.0158978
0.0170283
0.0164641
0.0159658
0.014489
0.0150104
0.0160864
0.0144212
0.0146364
0.018275
0.0194237
0.0147767
0.0130949
0.0139188
0.0155078
0.0151715
0.0153093
0.0156012
0.016293
0.0146433
0.0143811
0.0193183
0.0162924
0.0170886
0.0146847
0.0154027
0.013575
0.0148354
0.0146701
0.0176738
0.0152464
0.0158659
0.0177124
0.014608
0.0154379
0.0178315
0.0158689
0.0157445
0.0173652
0.0154887
0.0161776
0.0154056
0.0153205
0.0156237
0.0150289
0.0141727
0.0163112
0.016981
0.0166756
0.013705
0.0144173
0.0166023
0.015985
0.0149581
0.0155306
0.0148003
0.018089
0.0135209
0.0163425
0.0177476
0.0169393
0.015429
0.0172059
0.0169019
0.0156088
0.0150953
0.0148825
0.0149736
0.016256
0.0148278
0.0155296
0.0120063
0.0142469
0.0164999
0.0169072
0.0160303
0.0152654
0.0142227
0.0170391
0.0160095
0.0194036
0.0143075
0.0165608
0.0175725
0.0141101
0.0148848
0.0152165
0.0159918
0.016008
0.013036
0.0157885
0.0148044
0.0145886
0.0149628
0.0142805
0.014882
0.0149976
0.0130562
0.0165603
0.0158626
0.0146564
0.0154154
0.0146484
0.017138
0.0156808
0.0133808
0.0149261
0.0152942
0.0157508
0.0179225
0.0148772
0.0147199
0.0143169
0.0155693
0.0202839
0.0148122
0.0168333
0.0161095
0.0168245
0.0188959
0.0143571
0.0139125
0.0140318
0.0166606
0.0143922
0.0134626
0.0157707
0.0147706
0.016883
0.0151727
0.0149779
0.0174389
0.0148488
0.0155609
0.01916
0.0174161
0.0165613
0.0192412
0.0162878
0.0148958
0.0162681
0.0140371
0.0150417
0.0146889
0.0153559
0.0144628
0.0160344
0.014102
0.0136415
0.0143161
0.015885
0.0143311
0.0139039
0.0137946
0.0132906
0.015257
0.0145927
0.0146191
0.0143611
0.0153639
0.0158045
0.0168235
0.0195415
0.0163428
0.0178192
0.018015
0.0167616
0.0156202
0.015543
0.0147914
0.0162632
0.0160977
0.0148207
0.0157764
0.0170963
0.0183848
0.0160592
0.0149371
0.014551
0.013594
0.0144656
0.0152549
0.0176217
0.0171378
0.0162455
0.015578
0.0173886
0.016077
0.0150999
0.0174888
0.0155301
0.01516
0.0147482
0.0157972
0.0157598
0.0122453
0.0139792
0.0146356
0.0158651
0.0141987
0.0153255
0.01586
0.018503
0.0160222
0.0143238
0.0160707
0.015463
0.016834
0.0158526
0.0173797
0.0155518
0.0157647
0.0168994
0.0168246
0.0150114
0.0144155
0.0162719
0.0162146
0.0165419
0.0135196
0.0128609
0.0147985
0.019886
0.0147774
0.0151517
0.0160146
0.0148927
0.0176074
0.0170308
0.0145217
0.0153302
0.014318
0.0162908
0.0157125
0.0156673
0.0170072
0.015679
0.0159883
0.0143658
0.016133
0.0149036
0.0170126
0.0147298
0.0164875
0.0148231
0.0187029
0.0174164
0.0125077
0.0151813
0.014246
0.0156361
0.0156336
0.0170123
0.016323
0.0172051
0.0155124
0.0148041
0.0143842
0.0151074
0.0182321
0.0145208
0.0168413
0.0150387
0.0171045
0.0168064
0.0171758
0.0153815
0.0168181
0.0161075
0.0177635
0.0143978
0.0169139
0.0167873
0.0173622
0.0137453
0.0150023
0.0144282
0.014598
0.0142984
0.0183636
0.0159512
0.0148635
0.0164585
0.0171706
0.0162157
0.015189
0.017915
0.014772
0.0149942
0.0141901
0.0156389
0.0159952
0.0150566
0.0166099
0.0153202
0.0139375
0.0166649
0.015646
0.0159518
0.0158249
0.0143518
0.0154651
0.0129562
0.0146515
0.0151395
0.0178735
0.0146439
0.0149587
0.0152265
0.0141402
0.014083
0.0160665
0.0143131
0.0137929
0.0150237
0.0136109
0.0170423
0.0146019
0.0152847
0.015779
0.0157136
0.0149087
0.0179122
0.0177617
0.0152393
0.0158536
0.0189779
0.0145575
0.0138805
0.0152597
0.0156846
0.0153048
0.0196869
0.0150772
0.0128669
0.0151535
0.0146649
0.0159348
0.0145356
0.0152079
0.0140733
0.0176231
0.0153738
0.0164591
0.014952
0.0150706
0.0172674
0.0171695
0.0165821
0.0167455
0.0153239
0.0137369
0.0149098
0.0139538
0.0180049
0.013154
0.0146656
0.0181286
0.0179746
0.0158328
0.0166751
0.0159814
0.0129362
0.0162892
0.0147514
0.0160379
0.0149431
0.013903
0.0132922
0.0155839
0.0138406
0.0162001
0.01569
0.0145333
0.0134333
0.0166948
0.0163692
0.0152014
0.0140195
0.0157636
0.0162584
0.0136545
0.0150914
0.0165566
0.0157004
0.0144382
0.0131765
0.0150669
0.0167707
0.0157996
0.0190618
0.0155148
0.0138665
0.0172272
0.0150802
0.0151846
0.013558
0.0159579
0.0140412
0.0146082
0.0158636
0.0158759
0.0160871
0.015403
0.0148165
0.0164069
0.0164065
0.017614
0.0125654
0.014624
0.0137694
0.0174818
0.01732
0.0176996
0.0142112
0.0141288
0.0172692
0.016618
0.013991
0.0187569
0.0135597
0.0175572
0.0160069
0.0159319
0.015734
0.0171358
0.0136874
0.0155188
0.015968
0.0154656
0.0152481
0.0152525
0.016749
0.0137438
0.0156793
0.0152138
0.0170326
0.0147593
0.0162461
0.0155351
0.0135139
0.0148866
0.0151872
0.0145036
0.0141604
0.0166694
0.0182687
0.0148689
0.016431
0.0147899
0.0159283
0.016963
0.0167872
0.0179854
0.016943
0.0140465
0.0153126
0.0145751
0.0177467
0.0146026
0.0165928
0.0175063
0.0147101
0.0151944
0.0146638
0.0174988
0.0152761
0.0131995
0.0163991
0.0158688
0.0164348
0.0147671
0.0145192
0.0143884
0.01272
0.0163812
0.0169463
0.0171634
0.0152811
0.016144
0.0168588
0.0177161
0.0172796
0.0147657
0.0148583
0.0180099
0.0163825
0.0153615
0.0134068
0.0163502
0.0174792
0.0174232
0.0151499
0.0149284
0.0141531
0.0143803
0.0141666
0.0129118
0.0174253
0.0162264
0.0148915
0.0179341
0.014152
0.0140384
0.0170644
0.0148361
0.0157652
0.0155583
0.0155492
0.0148067
0.0151063
0.0150871
0.0152221
0.0176574
0.0131812
0.0154584
0.0165504
0.0171259
0.0141762
0.0152811
0.015191
0.0136654
0.0151625
0.014579
0.0141862
0.0146958
0.0174753
0.0140117
0.0137777
0.0169516
0.0160068
0.0180227
0.0162699
0.0151375
0.0141916
0.0140918
0.0157209
0.0128609
0.0150961
0.0140104
0.0149637
0.0167194
0.0151025
0.0153975
0.0156346
0.0152615
0.0151227
0.0177769
0.0153841
0.0130007
0.0160535
0.0140823
0.0179161
0.0150784
0.0156361
0.0166397
0.0139581
0.0142374
0.0165876
0.0143916
0.0155316
0.0161634
0.0144624
0.0158718
0.0172953
0.0173226
0.0149379
0.0163758
0.0161124
0.0148587
0.0159816
0.0127734
0.0154452
0.0151746
0.0168985
0.0143143
0.0159245
0.0154354
0.015657
0.0142654
0.0148641
0.0155037
0.015751
0.0153741
0.0173095
0.0154614
0.0160468
0.0151558
0.0138089
0.0142922
0.0148767
0.0142685
0.0146278
0.0137276
0.0191716
0.0157506
0.0133763
0.0147124
0.0176208
0.0154674
0.0162457
0.0172505
0.0139819
0.0171179
0.016267
0.017058
0.0143723
0.0163015
0.0161402
0.0166613
0.0163482
0.0160826
0.0143481
0.0147565
0.013108
0.0134677
0.0145526
