dim = 2, LX = 8, LT = 64
g = 0, kappa = 0.249377
number of blocks: 5000 number of steps in each block: 10000
-1.76323 1.04618 -0.0100496 0.251791 -0.761974 -1.14487 0.632322 -0.183452 1.68838 2.52928 1.82383 3.16905 2.92151 1.19074 -0.772042 -1.42347 -2.2405 -1.22762 -2.38349 -1.69563 -1.86505 -3.72757 -1.27989 -3.17303 -3.39225 -2.86745 -4.553 -1.8049 -4.21091 -3.42843 -3.81903 -5.16953 -2.91996 -2.96152 -0.752167 -1.738 -0.227596 0.0244535 1.0064 -1.29241 -2.11665 -0.225105 -0.198965 -1.39505 0.644674 1.53825 0.828359 2.4455 1.71135 0.953835 1.16588 3.77719 -0.204621 -0.645877 0.74577 1.01708 2.5835 2.3225 2.74795 2.53661 0.547407 1.10119 3.24729 0.526985 
-0.162279 0.365084 -0.522664 1.0463 -1.23465 0.929579 1.25922 1.47101 1.06026 2.035 1.17153 1.73542 1.13512 1.38313 1.87078 0.973903 0.600601 -0.0527287 -1.73612 -3.46792 -0.521484 -3.28302 -2.19402 -4.01498 -3.82512 -4.35402 -3.17501 -3.56253 -3.24971 -4.18296 -4.1604 -4.7604 -1.49144 -1.23267 -0.467981 0.089204 0.0913896 -1.95755 0.121762 -2.07821 0.927378 0.349193 -0.591005 -0.767517 0.180162 -0.271395 0.641371 0.348983 -0.125328 0.271753 -0.557398 3.35474 3.87887 2.14105 2.08484 1.88212 -0.151072 0.651616 3.33567 2.69819 3.37099 0.991584 1.674 0.257412 
1.174 -0.124012 0.500633 -0.514442 -1.31919 -0.407163 -1.21687 1.92113 0.959042 -0.0828195 -0.824916 0.444044 2.43566 2.58128 0.804103 2.57159 -0.714716 -0.538905 -3.48175 -3.093 -1.54093 -2.8279 -3.83067 -4.89193 -4.03574 -5.09177 -5.39386 -3.27174 -3.49373 -3.34963 -3.86274 -3.37687 -0.938776 -1.08453 -1.44755 -1.33566 -2.56635 -0.980573 -1.35101 -1.67263 0.169184 -0.646978 -0.426027 -1.62925 -1.00077 -1.29202 0.490387 -0.257928 0.200233 0.307524 0.644599 2.6828 3.49704 1.59586 1.58087 0.692195 0.169993 2.89121 4.85302 3.12902 3.45816 3.21951 3.04025 3.05 
-0.976612 -1.70738 -2.63137 -1.26716 -1.71214 1.12557 -0.437133 0.0902483 0.0921568 1.65088 0.928507 0.481972 0.75694 0.368869 1.11512 0.796775 0.773245 -0.950645 -1.17816 -3.32006 -1.79381 -2.83569 -3.87904 -4.33784 -3.92833 -4.5228 -3.43581 -2.92523 -3.78532 -1.01126 -2.81105 -0.853245 -1.31303 -1.57921 -2.06647 -1.23663 -0.904478 -1.62758 -2.11979 -1.77742 -0.245047 -0.872635 0.825307 -0.45484 0.33257 0.621626 -0.388202 0.79475 -1.47254 -0.468443 0.591963 3.27298 2.97345 3.73839 3.59894 1.0752 2.76273 2.84677 2.39005 3.26539 3.90735 1.02329 3.65294 0.497194 
0.382238 -0.711507 -0.044723 -1.44409 -0.930896 -0.00563326 0.349356 0.88024 -0.103583 1.41739 1.12475 -0.318146 1.29163 -1.57086 -0.136532 -0.867303 -2.4361 1.26571 -1.55359 -2.4667 -2.5106 -1.57421 -1.40346 -2.83059 -3.36134 -4.2256 -3.13878 -1.2257 -2.66132 -2.57509 -2.80957 -0.140684 0.52828 -1.5639 -0.868899 -0.390106 -0.254821 -0.345227 0.447043 -3.36953 -2.09773 -1.65833 0.604579 0.350082 0.509021 0.0120441 1.21794 4.58421 -0.365416 0.613375 -0.519316 2.56314 2.37503 3.12636 2.80692 1.51642 1.43399 0.0761244 2.28728 3.1023 4.05399 2.8166 4.2387 1.75979 
-0.475261 -1.63571 -0.685238 -1.71403 -1.38931 -0.865419 -0.634001 -0.553512 0.637335 2.53456 0.172464 1.18403 1.48976 0.318935 -0.395923 -1.25394 -2.00379 -0.697725 -0.793839 -0.211517 -0.272626 -0.814526 -0.252354 -3.51337 -6.24562 -5.64461 -2.80745 -2.83609 -1.32248 -2.02991 0.995281 -1.15874 -3.20527 -0.467643 -2.3726 -0.114368 -0.796745 -1.60803 -0.227158 -0.972875 -3.12523 -2.00756 -0.363011 0.676595 0.596992 0.710437 0.14554 4.1654 0.858309 0.143714 -0.637749 2.41454 0.826678 3.57282 3.17423 1.48648 -1.16001 0.105731 1.65782 1.99047 2.71486 0.523641 1.33666 1.18272 
0.140075 -1.19833 0.663121 -0.924136 0.101096 -0.767308 -0.663657 1.50228 1.23121 2.19022 0.159325 0.862576 1.36903 0.321923 0.568311 0.130513 -0.918839 -0.942809 -1.98669 -2.26504 -1.03495 -0.702423 -1.1671 -3.63391 -3.49775 -3.52374 -2.12012 -5.28663 -2.50565 -1.79938 -0.439202 -1.04707 -0.897669 -0.782613 -0.175413 -1.31492 -1.40223 -2.54 -1.22742 -0.551486 0.0502161 -2.84823 -2.10815 -0.00574662 1.71866 -0.59612 2.62948 2.70075 0.869264 -0.446581 0.863976 0.438862 -0.908275 2.3758 1.90055 0.782232 0.472491 1.00621 0.498895 1.69544 1.70035 1.8614 1.15881 1.39321 
0.52811 -0.659275 -1.41661 -0.464922 -0.790227 -1.21005 0.790691 0.507598 0.826908 3.51939 2.33339 4.73572 3.82502 0.968238 -0.120259 -0.611137 -1.31307 -0.712008 -2.27821 -2.06967 0.200657 -2.28453 -3.4116 -2.8187 -3.13249 -2.53901 -3.33432 -4.6182 -2.92984 -3.91944 -4.59801 -4.95625 -3.98386 -2.33161 -0.21136 -0.928765 -0.741007 -1.29905 -0.893834 -0.201744 -0.463367 -0.706653 0.396302 0.694109 1.91225 1.05567 1.99391 2.79427 1.86139 -0.267865 1.26363 2.64692 0.223046 0.780108 0.726553 0.389814 2.74123 1.71769 0.716464 1.27904 3.10434 1.87967 3.11151 0.576647 
1.63529 0.00905865
