dim = 2, LX = 8, LT = 48
g = 0, kappa = 0.249377
-0.01337 -0.355611 -1.40234 -0.627419 -1.67006 -1.55601 -1.77961 -2.74277 -1.34352 -0.568786 -1.52683 1.05718 1.66542 1.03623 0.185253 -1.04611 1.7019 2.7125 1.32154 0.539818 -0.173751 1.10163 0.108715 2.01979 1.87259 3.08096 3.48264 3.16508 2.19228 1.96754 1.6543 2.17667 1.36137 1.4404 0.258508 0.911382 -1.18522 -0.63301 -1.00343 -0.722775 -3.09128 -0.59271 -0.738395 -0.435725 -2.41887 -2.73457 -3.17065 0.0530774 
-1.00605 -0.284544 0.0259607 -0.929847 -0.966823 -1.47968 -1.14025 -2.28603 -1.44233 -1.40615 -0.514251 -0.546973 -0.386481 0.143957 -1.75664 0.318728 -0.219566 2.40594 0.778718 1.04894 0.808125 1.7439 1.41625 0.354078 2.68569 2.52611 0.840383 0.575149 0.893723 3.52004 2.13243 3.13418 -0.00379378 -0.223157 1.29676 1.43293 -0.368433 -0.787796 -1.25772 -3.62955 -2.21851 -1.46609 -0.388898 -1.33553 -1.03193 0.571081 -2.07906 0.593096 
-1.69311 -0.857618 -0.672761 -2.44614 -1.12667 -2.69035 -2.36446 -0.91585 0.0202789 -0.346441 -1.32376 -0.539191 -1.49585 -1.27589 -2.64197 -1.89844 -1.2095 2.48034 3.5173 -0.13646 0.826707 -0.135632 0.407291 0.779 1.55909 1.37173 0.841372 0.680617 2.73567 0.953305 2.07425 1.83018 0.544906 -1.25176 1.48846 1.90971 0.879869 0.361228 -0.733686 -3.18517 -1.72894 -2.67645 -1.13644 -1.77908 0.3171 -0.0487733 -2.42752 0.824046 
1.8743 -0.570002 -0.761467 -2.10252 -0.942666 -1.55088 -0.284577 -1.34757 0.0313487 -0.660842 0.811673 -1.15498 -2.84143 -3.34467 -3.3822 -1.63854 -0.914975 1.293 0.756074 0.0521938 -0.500668 0.166372 2.32078 1.93294 3.19482 1.41969 1.90261 1.59696 -0.41827 2.15689 0.537595 1.52475 0.394954 0.402272 0.547434 1.3112 0.813563 0.307602 -0.841926 -1.92108 -1.54303 -1.1355 -0.378996 1.2444 0.655605 0.46185 0.179687 1.10962 
0.548288 -0.451269 -1.46997 -3.39142 -3.47437 -3.30836 -0.974082 0.636632 -1.74306 -1.60891 0.153127 -1.63829 -3.21485 -2.82449 -4.2858 -2.89338 -1.56546 -0.0193318 0.795716 0.0134757 1.52207 0.143601 2.91031 2.84344 3.80454 1.17375 0.430269 -0.328557 0.248538 -0.164945 1.71004 0.678613 1.14439 0.597546 1.49831 0.982269 -1.35716 -0.734904 -3.17094 -2.12657 -0.552369 -2.03062 0.149948 -0.336263 0.797575 -1.5224 0.717475 0.691134 
-0.187214 -1.52287 -3.25656 -1.73423 -0.706127 -1.50448 -0.570134 1.2091 0.533461 -0.55416 -1.10157 -0.0490878 -2.56849 -1.76432 -1.09114 -1.37891 0.0387446 -0.557485 -0.837933 -0.618744 0.414261 0.0295013 1.5782 2.13876 1.99878 -0.372038 0.222876 5.13462e-05 1.00345 1.58758 2.20514 1.90092 0.423996 1.22218 -0.437978 0.184086 0.197151 -1.99502 -2.68674 -1.97722 -1.46565 0.150582 -0.393725 -0.371058 -1.28617 -0.277087 -2.57071 -0.591208 
1.08956 -1.16673 -0.89732 0.812553 -0.717432 -0.160402 -1.30402 0.111835 -1.29437 0.546345 -2.30632 0.0123518 -1.69122 -0.211749 -2.6791 -1.66987 0.270555 -0.39589 -1.96919 0.424542 -0.838277 1.84152 0.800745 2.7645 4.36043 1.76162 1.27114 0.431664 2.92674 1.03647 0.829823 -0.640053 -1.64261 -0.528778 -1.2164 -1.66535 0.416597 -2.04949 -0.611746 -1.40783 -1.93845 -2.22286 -2.48405 -0.471388 -1.90445 -1.06999 0.758979 2.19507 
0.00491038 -0.264367 -0.405554 0.240599 -1.34423 -1.63453 -1.40278 -1.02715 -1.1882 -1.61341 -2.57555 -0.632193 0.24252 0.318387 -0.910337 -0.539473 0.0783821 2.64154 -0.0115216 1.60963 0.129523 -0.572681 -0.221235 2.84161 3.80829 0.931259 2.8968 2.71381 0.658935 0.627595 0.501791 -0.525301 0.535331 -0.0225322 -1.01697 -1.63958 0.512355 -2.72419 -0.949291 -0.842769 -1.22846 -1.6356 -1.25891 -2.89097 -5.43911 -2.81998 -1.88775 -0.0444322 
3.63329 0.173417

dim = 2, LX = 8, LT = 48
g = 0, kappa = 0.249377
-0.591102 -2.41084 -1.5559 -0.629084 1.15556 -1.6756 -2.29253 -2.6339 -1.1461 -1.87631 -0.357422 0.683087 -1.55102 -1.31984 -1.24564 -0.0449985 -1.54638 -0.798972 -1.04903 -2.85465 -2.46291 -1.14015 -1.97793 0.658369 1.78615 2.26774 2.59385 0.376171 0.473006 0.790228 -1.46125 -0.99351 -1.82506 -2.13483 -2.05415 0.38275 -1.41144 -0.68955 0.134095 -1.44897 -0.72064 0.475579 -1.01296 -1.07607 -2.25243 0.0473204 -0.252425 2.10937 
-1.59161 -0.673365 -1.19764 -4.0686 0.340043 0.400298 0.279337 -1.51024 -3.22886 -3.3609 -4.23313 -1.02783 -1.30348 2.04762 -0.237817 -0.411407 -2.88989 -2.84982 -2.91382 -2.3655 -0.329433 0.669165 -1.36489 -0.581719 1.36357 2.78439 2.54943 0.409655 0.0316334 -0.160134 -0.613126 -2.07935 -1.70161 -3.29243 -0.778528 -0.392293 -1.00727 -1.1865 0.859954 -0.731132 -0.722882 -0.252101 0.784849 -1.97523 -1.25617 -2.77623 -0.491295 -0.97046 
-1.48475 0.459281 -0.757343 -3.94236 -1.2204 -1.2855 -3.2745 -1.64437 -0.918302 -1.55283 -1.28772 -0.887961 -2.03708 -1.92141 -0.0388203 0.475166 -1.79993 -1.74543 -2.12664 -1.37329 -2.05876 1.69087 2.50793 2.49841 3.55843 2.14341 2.32471 1.12792 -0.175009 -0.91256 1.33561 1.79004 -1.40043 -1.61424 -1.37365 -0.984631 -1.65702 -3.49486 0.56688 0.597868 -0.886654 -1.49828 -0.68962 -0.202479 -1.91394 -0.233864 -2.33601 0.0806555 
-0.974208 -1.43094 -0.356632 -3.04754 -1.65199 -1.56965 -0.990214 -0.844645 -0.373428 -3.06482 -0.616626 -0.902769 -0.394972 -0.8865 -2.26757 -0.642497 -1.0558 -2.69896 -1.2482 -0.533987 0.160484 -0.510607 1.42276 0.928431 1.5716 2.03103 1.17025 1.39585 -0.000938227 -2.14625 0.357254 -0.483902 -1.83217 -1.50791 -2.56721 -1.5044 -1.46593 -2.70614 -0.69976 -1.3697 -0.880841 -2.26528 -0.860608 0.747382 -1.24318 -0.388414 -0.254454 0.714536 
-2.22127 -2.94182 -2.91893 -2.79375 -1.46389 -1.01251 1.93975 0.129591 -1.40226 -2.27489 -1.34307 -1.61163 -2.37458 -0.854637 0.132484 -0.955605 -1.01414 -1.34456 -1.53988 0.858248 2.61769 1.36179 -0.389804 -1.16274 -0.933761 0.404816 -0.119497 -0.253271 0.515505 -0.417203 -1.96751 -1.13039 -0.946831 -0.427484 -0.728436 -1.13774 -1.40739 -3.09087 -1.28328 -1.35936 -1.79403 -1.06694 0.67945 1.5191 -2.91256 -0.716631 -0.472824 -1.02664 
-2.66136 -4.61355 -3.92611 -1.04041 -2.02371 -1.14515 1.94068 0.545391 -1.85525 -0.528701 -1.36678 -0.699137 -3.01368 -1.09475 -2.21332 -2.62715 -0.649966 -0.327838 -0.344084 0.129988 -0.622374 0.429452 0.0682897 0.335336 -3.17829 -2.6838 -0.836002 0.727391 -1.13063 -0.223462 -1.21197 -0.19714 -2.24638 -0.831323 -2.27394 -2.75616 -1.30027 -1.52981 -2.91841 -0.657307 0.262906 -0.401795 0.680021 -0.583437 -1.62195 -0.986301 -1.63004 -0.628343 
-1.70228 -6.94489 -4.20338 -0.521917 -2.41616 -3.03141 0.48749 1.3282 1.18144 -0.911834 -2.3306 -0.298195 -1.98156 0.173373 -0.571502 -2.44357 -1.02057 -1.75369 0.690236 0.734355 -0.574802 1.14207 -0.680374 -0.716198 0.002603 0.250924 1.80228 -0.60846 1.60194 2.44364 -1.92894 -0.637501 -1.22393 -1.83582 -2.2301 -1.15084 -1.53702 -2.20982 -3.77221 -1.9492 -3.13793 0.618584 -0.315504 -1.39669 -1.44 -2.82865 -0.241086 -0.644708 
-1.98098 -3.05518 -2.26336 -0.608677 -1.71834 -2.0021 -0.389016 0.930514 0.16742 0.246734 1.05358 0.333274 -1.05647 1.24219 -0.388673 0.380521 -0.742933 0.144317 -0.926276 -1.1213 -2.86283 -1.33899 -0.960293 -0.000663186 -0.190897 1.28095 1.24578 0.603688 -0.310557 1.949 -0.0857908 -0.798347 -1.30263 -2.2808 -0.533238 -0.975747 1.05409 -0.0668116 -0.424418 -1.99351 0.131448 0.972255 -1.4368 -1.79023 -2.70948 0.299076 1.26505 1.14256 
3.60887 0.112557
