dim = 2, LX = 8, LT = 24
g = 0.01, kappa = 0.249377
number of blocks: 1000 number of steps in each block: 10000
-0.427974 -0.56124 1.36529 -0.197525 -2.72225 -1.79642 -1.08266 -1.31378 -0.973725 -1.26656 0.404733 -1.15085 1.45947 1.78454 0.376771 0.272521 -1.88236 0.849384 -0.577361 0.291402 -0.304275 -0.206058 -0.499296 2.49956 
-0.495085 -1.1404 -1.10423 0.105115 -1.47099 -1.4774 -1.62385 -1.09415 0.646865 0.430575 -0.955534 -1.17382 1.97446 0.437137 -1.63481 0.367861 -2.03643 -0.731695 -0.467194 -0.865056 -1.65854 -0.539157 0.297401 -0.17941 
-0.166509 0.0853461 1.06059 2.15667 1.33586 -1.99307 -0.910171 -0.323105 -2.02 -1.61215 -1.05539 -0.867738 0.887651 -0.442028 -0.396511 -0.68076 -1.30687 -1.02262 -0.324164 -0.964646 0.836165 1.34274 1.51108 1.83769 
1.47805 1.24997 1.64865 1.42224 -0.771363 0.810064 -0.225564 -1.28776 -2.10276 -0.654155 -2.89592 -1.58917 -0.275246 -1.53409 0.460103 -0.829155 1.16281 1.18671 0.708979 -0.00603609 -0.998573 0.354127 0.954679 1.91731 
2.66119 0.924212 0.520347 -0.875518 -1.2731 -1.1819 -0.209108 0.855571 -1.09276 0.228265 0.331603 0.97703 0.396059 -0.576836 -0.00720439 -1.14555 -0.791086 -0.987247 -0.640991 1.67119 0.245427 0.4939 0.00374076 0.361611 
-1.30857 -0.898659 -0.272294 1.05967 0.50191 0.765146 0.642434 0.589447 -0.448709 -0.884377 0.990176 1.06075 -0.0342042 -1.05936 -1.43215 -0.949828 -2.16783 -1.65908 0.0412578 -0.267465 0.271955 -0.071781 0.717603 -1.38992 
1.371 0.660261 -0.719615 1.10954 -1.25225 -0.14717 -0.146773 0.793968 -0.750583 -0.559289 0.0522806 1.32176 1.58749 1.57106 -0.190597 -0.0394939 1.45411 2.17094 0.694756 -1.5349 0.176996 0.239645 -0.213406 1.64975 
0.9352 0.59704 1.2757 -0.162507 -1.43677 0.422614 -0.705125 -0.930227 0.315274 -0.539563 0.812924 1.72335 2.31307 2.07709 0.639864 1.14505 0.122899 0.416822 -1.48564 0.185319 1.18119 0.651656 -0.413616 1.00779 
0.000848118 6.04183e-06
