dim = 2, LX = 8, LT = 48
g = 0, kappa = 0.249377
number of blocks: 1000 number of steps in each block: 10000
1.64184 3.78427 0.651137 2.07845 3.83116 0.375689 1.74862 -0.405078 -0.287109 0.0409699 1.99643 1.88046 -0.775889 -2.58181 2.29989 2.9618 -0.521864 -2.43876 -0.447228 -0.165885 1.10806 0.345058 0.979462 -0.645398 0.0574132 -0.909324 -3.06757 0.0496542 -0.918534 1.79269 0.54695 1.36052 -0.760127 -0.182428 1.42434 1.81273 0.990971 1.99057 -0.986757 2.08921 1.86115 1.51361 0.00266596 0.814758 2.42696 1.65168 2.07478 -0.887014 
1.11492 1.54479 1.25006 2.96097 1.75487 0.739044 -0.351957 0.560176 0.0351477 -0.620053 -0.6491 0.970715 0.856749 -0.758321 1.77149 2.0754 -1.0286 0.764784 0.903888 1.28587 1.11454 -2.00951 -2.24193 -2.42735 -1.80253 -0.970648 -1.17273 -1.18056 2.12818 1.97632 1.74497 0.929513 -0.216166 -0.523746 -1.3309 2.04789 0.625074 1.60159 -1.47203 2.30606 0.493972 -0.162894 -1.10004 -0.364943 0.467217 0.866034 -0.58587 0.140791 
3.08146 1.27177 1.60202 -0.675082 -1.20622 -1.31791 -0.608547 -2.81606 -0.360994 -0.289241 -1.41448 -0.536666 -0.79668 -0.0783256 1.16945 0.287198 1.06333 0.634233 -0.179307 -0.235552 -3.25306 -0.707356 -0.391954 -1.17565 -1.91288 -1.10878 -0.530093 -3.1023 0.323619 1.86172 0.15545 -0.177273 -0.927215 -0.933008 0.315444 0.375965 0.662969 0.102889 -0.387346 -0.927719 -0.0898255 0.738307 0.0226006 -0.538356 1.47924 0.770952 0.308139 1.38744 
0.210948 1.34544 2.04267 -0.522614 -2.52756 -4.28839 -1.0039 -0.396104 -0.342214 -2.51572 -0.615843 -2.91119 0.538479 0.646211 1.3577 3.05262 2.88321 2.84968 1.38656 0.0652896 -1.08523 1.18684 -1.15428 1.20357 -0.0800378 -1.32658 -0.558583 -3.01942 0.251642 2.02187 2.18324 1.15154 0.897784 0.186864 0.112076 -0.958314 -1.19696 -0.236994 -0.0247926 -0.871884 0.911954 -3.31042 -1.38313 -1.43204 0.472217 0.76588 -0.22791 0.848256 
-1.97166 -0.791203 -0.453 -0.561214 -2.99403 -1.78802 -2.34958 1.45747 0.11577 2.09485 0.999189 -0.301437 1.10898 0.741454 1.18611 3.30542 2.3521 1.654 1.10833 0.281965 -0.391131 1.78303 -0.11847 -0.0542847 -0.625734 -1.63059 -1.67564 -3.10972 0.80103 -0.688906 1.40625 -0.393922 1.92533 1.29899 0.512314 -2.02054 0.201474 1.7751 1.41325 -0.00778327 -0.941716 -1.66253 -1.37514 -1.67552 -0.399036 0.66699 0.251742 -0.267895 
-1.35867 0.0326266 -1.24551 -1.81621 -1.26605 -0.5907 -0.994178 -0.554468 -2.64247 -0.16748 0.36831 1.69748 0.151202 -0.936294 -1.62206 -0.416457 -1.39799 0.925897 0.805056 -1.19853 -0.205281 -0.0544264 0.0214553 -0.0151712 -0.274642 -0.0990804 -0.0202094 -1.38108 -0.718197 -0.751644 0.248635 0.52426 1.92506 0.257634 2.14117 -0.0860084 1.42948 -0.307638 0.27945 -1.10114 0.350477 0.404598 0.512978 -2.24103 0.397038 -0.888542 -0.811221 -0.783583 
-0.600863 1.89731 1.25924 0.264395 0.239254 -0.631109 -0.943671 1.13253 -0.946672 -1.2204 -0.379852 1.63802 0.757828 -0.017264 1.01734 0.762522 1.04596 -0.683602 0.626641 0.421542 -0.387768 1.37749 1.05325 0.382219 1.22656 -0.538473 -3.38203 -3.14033 -1.74858 -1.4053 -0.348704 -0.233906 0.728233 0.752698 1.71412 -0.682239 0.847857 0.394582 1.07204 0.109963 1.38773 0.836626 0.838713 0.818482 1.57007 0.307912 -0.229755 -1.8803 
1.13378 2.28789 1.7744 1.76464 1.95411 1.19617 -0.0898291 -0.278634 1.47856 -0.508108 0.454933 1.22523 0.805242 -1.15694 1.64009 1.331 -0.592442 -2.49333 -1.74631 -1.49059 -0.604442 0.0159522 0.830366 -0.945835 1.61444 -0.737238 -0.89252 -1.42509 -3.05777 0.602467 0.0348148 0.279157 1.32333 1.54567 0.0944511 0.368663 3.36772 2.04375 -0.660495 1.19684 1.4121 1.32291 0.72197 0.608756 1.29398 2.05143 0.797946 0.333145 
3.62384 0.0341295
