dim = 2, LX = 16, LT = 16
g = 0.01, kappa = 0.249377
number of blocks: 2000 number of steps in each block: 10000
-1.02902 0.424865 0.480012 0.638798 0.253801 0.525746 -0.924233 -1.65952 -1.11021 -1.60524 -0.104998 -0.963092 -0.429869 -0.323866 -0.783248 -1.29583 
1.21078 2.43549 2.7356 -0.23999 0.689975 0.328293 0.749922 -1.1132 -0.995254 -2.02889 -1.53351 -0.122863 -0.415483 -0.929057 0.181366 -0.76346 
-0.612608 0.79067 1.73092 2.64351 2.80692 1.3923 0.253177 -0.78491 -0.7672 -1.21844 -1.10272 -0.931645 -0.149503 -1.45857 -1.77432 -0.247649 
-0.452261 0.941269 -0.400592 2.38808 0.315132 1.69025 0.209948 0.293681 0.278804 1.51582 1.76272 -0.507737 0.435123 -0.603866 0.232258 1.13906 
2.68013 1.39819 2.34835 0.230526 0.269024 0.0115847 0.0813304 -1.06298 -0.162258 1.79079 2.09725 0.594134 1.18804 -0.697998 0.0665244 1.88096 
0.149815 1.10255 1.59483 0.500207 2.56695 1.33976 1.14565 1.51956 1.68433 1.37009 0.509253 -0.372752 -0.159353 0.021511 0.511568 0.724059 
0.436313 1.30225 0.358076 0.40135 -0.501632 -0.201255 -0.723584 0.230615 0.53413 -0.730879 -0.117995 -0.0592086 -0.548549 -0.434497 0.720567 1.42873 
-0.63701 0.633706 0.947296 -0.2108 -1.33379 -0.704397 -0.272036 -0.433597 -0.0795436 -0.652373 -1.61112 0.0947841 -0.991477 -1.55113 0.975107 0.0930805 
0.101436 -0.909159 0.699177 0.338404 -0.567539 0.42792 0.49906 -0.11339 -0.606963 -0.839828 -0.375533 -0.775215 -0.506035 -0.408851 0.699398 0.260348 
0.782411 -1.89971 -0.441147 -0.104899 -1.53893 -0.390956 0.216954 0.40193 -1.84954 -1.87348 -0.803393 -2.67828 -1.14687 -2.04346 0.672766 -0.0868456 
0.200035 0.298705 -0.634457 -0.556458 -0.0994277 -2.10569 -1.47765 -2.01636 0.90808 -1.37674 0.232606 -0.175305 -0.36499 1.03266 1.54226 1.14079 
0.979584 -0.683419 0.352168 1.31384 1.02925 1.63767 0.673639 -2.36125 -1.74278 -3.22683 0.913515 -0.585871 0.265983 1.09673 0.694698 2.31538 
1.78506 -0.0556746 -0.510612 0.479557 0.247556 -0.325868 -1.32363 -0.518542 -0.896032 -0.199898 1.83865 -0.882504 -1.10498 -1.31362 1.19707 0.272082 
-0.45218 1.20399 0.567312 0.222843 -1.58298 -0.406447 -0.428116 0.423516 0.54002 0.13545 1.17272 -1.84342 0.546233 0.386686 1.03394 0.366316 
1.2788 1.29726 0.533546 0.998141 -1.22713 -0.333019 -1.55032 -1.03333 0.0965266 -0.577055 0.478884 -0.857654 0.293023 0.880891 1.44212 2.32522 
0.331592 1.24994 1.17891 2.093 -0.734476 0.733637 -2.21223 -2.34403 -1.18264 -1.46601 -1.72859 -0.136716 -1.63531 0.242967 -1.40345 0.110373 
0.0154688 3.02157e-05
