dim = 2, LX = 16, LT = 16
g = 0.01, kappa = 0.249377
number of blocks: 1000 number of steps in each block: 10000
0.384656 -1.0677 -0.43501 0.66306 1.5537 1.16951 1.75812 -0.36746 -0.747436 -0.00199372 1.17972 -0.554104 -1.46902 -1.61701 0.0990665 0.491686 
-0.851949 -0.962019 -0.973968 -2.51393 0.484097 1.18016 0.152285 -1.79905 0.678831 -0.901509 1.94077 -0.1917 0.896299 0.781762 -0.809345 -0.138925 
-0.174986 0.606034 -0.0616344 0.0367007 0.183221 -0.717922 0.396519 0.51843 -0.179282 -0.0504616 -0.222944 0.0240434 -0.10633 0.183804 -0.295862 -0.478379 
-1.15738 -0.139133 -0.351407 1.1393 -1.72501 -1.37233 0.166404 0.149298 0.430312 0.710859 -1.19077 1.74557 0.801816 0.0613355 1.44858 -0.281159 
1.2546 0.193074 -0.395326 -0.677112 -0.779981 -1.84058 -0.380878 -0.0975145 -0.356833 1.17456 0.50395 -0.221272 1.0281 0.492197 0.896829 0.665192 
0.960865 -1.16304 -0.0760897 -1.12308 -1.64637 -0.256882 0.383129 0.581856 0.559151 -0.265678 -0.526918 -0.756215 -1.45928 -1.19689 -1.00918 0.939357 
0.111204 0.901019 -0.0811263 0.781898 0.156754 2.29982 3.07355 -1.28662 0.779696 -0.866059 -0.141407 -1.11626 -1.32464 -1.24905 -1.37666 1.29806 
0.615081 1.40026 1.41884 0.662818 0.236605 0.608575 0.870894 -2.16168 0.904891 0.595411 -0.0273113 -0.690696 -0.662622 -1.1138 -0.787888 0.791659 
1.15855 -0.0655104 0.883097 0.987897 -0.500598 -1.16979 -0.605391 -0.245005 3.18133 2.16883 1.57736 0.711151 -0.145995 0.25627 1.25523 2.23692 
1.49959 0.852613 0.21854 0.401945 0.339195 0.632567 1.40423 0.0669209 1.91791 1.74024 1.14526 0.0749507 2.10556 0.973454 1.75745 2.15446 
0.249706 0.0026324 0.284687 0.471678 0.484181 1.8999 1.7395 2.12669 1.54828 1.50462 0.396359 1.37619 2.6545 1.35062 0.124158 0.838227 
-0.261405 -0.673082 0.524757 0.0311748 -0.327971 0.911729 0.25258 -0.363061 1.70868 0.36887 2.77267 1.39026 1.29927 1.0858 -0.280266 0.152674 
0.183178 -1.18883 -0.180173 0.518487 -0.443005 -1.03864 -1.12857 -0.648003 2.55338 1.57746 0.95644 2.26402 0.18919 0.370728 1.18011 1.16957 
0.0144812 1.38822 0.157671 1.39477 0.243797 0.115649 -0.756097 0.0520586 0.700616 0.065724 1.4742 2.25227 -0.889344 -0.769295 -0.608892 -1.73909 
-0.641935 -0.209645 1.69124 1.43872 0.277822 0.736209 -0.700948 -1.15386 -0.470304 1.10049 0.638979 1.39268 0.831945 -0.644539 -0.138866 -0.522078 
-0.0129928 0.914414 0.0368113 1.94257 2.42412 2.48741 0.58703 -1.10176 -0.00753146 0.604937 0.526948 -0.793355 -2.15484 -0.8678 -1.99039 -2.22538 
0.000624139 3.90878e-06
