dim = 2, LX = 8, LT = 32
g = 0.01, kappa = 0.249377
number of blocks: 2000 number of steps in each block: 10000
-2.91372 -1.59435 -1.15495 0.0382879 -0.531188 0.869365 -0.482175 -1.1322 -1.3837 -1.52175 -0.159608 -2.13612 -1.93738 -0.426912 1.65682 0.0424089 1.6665 -1.88052 0.204061 0.561251 -0.931935 -0.195021 0.0717232 -1.21982 -0.260498 -1.51484 -0.922701 0.554471 0.108448 -1.31913 -0.653493 -2.03694 
0.25912 -0.877917 -1.10258 -2.28323 -2.14323 0.472479 0.62796 -0.809986 -0.801317 -0.583901 -0.376919 -1.26408 -0.716103 -0.967963 -1.70416 -0.430748 -0.848878 -0.859809 0.0669533 -0.971151 0.134639 -0.999194 0.752201 1.1343 0.95538 1.5694 1.59766 -0.458755 0.272805 -0.584456 -1.33588 -0.314983 
-0.751738 -0.557534 -1.90921 -1.68573 -0.439164 0.0431581 -0.169069 -1.65868 -0.458804 0.412463 0.738924 0.00921417 0.989137 -0.758566 -0.354984 -1.41612 -0.200739 1.12269 -0.960316 0.548267 1.77243 0.171309 1.07728 0.444499 0.824141 0.622902 -0.204838 -1.66702 -0.60556 0.239008 -1.11849 -1.27031 
-0.660015 -0.509744 -1.35798 -1.39797 -1.65788 0.121717 -0.814178 -0.404299 -0.0676083 -1.49557 -0.734609 0.310205 -0.527361 -1.03588 -0.0106882 1.8192 -0.283987 0.561191 1.09761 0.0795874 -1.13758 -0.935918 0.481551 -0.71682 -0.787698 -0.469591 -1.63972 -0.356065 -0.381137 -1.03782 1.00125 -0.515245 
-0.20712 -0.79631 0.0266775 0.201749 -0.306101 1.09831 0.795238 0.440996 -0.410244 -0.647441 0.331348 -0.800666 -0.640577 -0.569238 0.366404 0.910622 1.00815 -1.64068 0.00517273 -0.709466 -1.80241 -0.646331 0.694934 -0.120453 -2.00041 -2.13327 -1.47992 -2.80729 -0.753107 -1.96821 0.063543 -0.946536 
0.14761 0.945939 -0.179201 0.0249728 0.33336 -1.11147 -1.11502 -1.22934 -0.246399 -0.603433 -1.71542 -0.714272 -1.16938 0.454218 1.09524 0.91031 -0.307042 -1.86399 0.135409 2.19585 0.468033 1.96845 1.92995 -1.07176 -1.51778 -3.71268 -2.9614 -1.54263 -0.528807 -0.502165 -1.03034 -0.792527 
1.62892 0.1427 -0.878701 -0.803473 0.30762 -0.992695 -2.1121 -0.586483 0.0658477 0.558 1.42353 -1.79582 -0.905774 -1.64835 0.606151 -0.536215 1.30019 -0.66341 1.70022 1.7693 -1.18666 0.258357 -0.0279647 -0.0391791 -0.12638 -1.21675 -0.309889 -1.98832 1.19626 0.610217 0.355383 0.502116 
0.944773 -0.502506 -0.850992 -0.306075 0.163768 0.0391909 -1.95649 -1.4211 -0.38416 -0.741949 0.0390354 -1.60661 -0.78006 -0.197812 -0.949742 -1.87554 0.773034 -1.12099 0.134037 -0.719516 -0.816107 0.404407 -1.77781 -1.80914 -0.731219 -1.5762 0.342646 0.629571 1.15582 0.564124 0.866743 -1.93331 
4.77082e-05 7.36253e-07
