dim = 2, LX = 8, LT = 96
g = 0, kappa = 0.249377
number of blocks500number of steps in each block10000
0.956678 0.907557 0.96768 -0.837477 -1.14533 -1.97469 -1.07831 0.0273398 0.65929 -1.0037 -2.54709 -1.25717 -1.58084 0.366425 1.20798 2.47885 0.637252 -0.132153 0.0930346 -0.30491 1.62374 2.52764 0.937824 0.0781094 0.587841 0.534038 1.31219 -0.566425 1.05254 0.888814 2.50861 1.15001 0.476668 2.55072 3.54738 2.16497 1.9194 0.0633326 0.752792 -0.821188 1.81319 0.756866 -0.943723 1.78748 1.61119 -2.58884 -2.84037 -5.62886 -2.64918 -0.462282 -0.0416536 -1.14041 -1.06046 -0.405814 0.23227 -0.300236 -2.46356 -1.13593 0.0329187 -0.42729 2.66286 1.61671 0.304703 1.70758 -0.216895 -1.21292 0.684403 1.16903 4.22404 1.00246 1.72284 3.34411 2.4803 2.69058 0.445974 3.48665 2.94654 5.5422 3.66335 2.17638 0.719036 2.38714 0.471749 -0.352446 2.11272 1.8703 1.03142 -0.27902 -0.899448 0.865121 1.04685 -1.67327 1.45596 1.29533 1.43183 2.02492 
-1.45201 -0.128232 0.192672 -1.41992 -1.17532 -1.37228 -1.15276 -0.493219 -0.023795 2.62229 -1.4492 -2.0269 -0.370759 1.21252 0.478245 -0.429978 -0.337129 2.0108 1.74319 1.66777 0.548374 -0.676092 0.549317 -0.0429932 0.107881 0.180416 1.46146 0.240214 2.22631 2.55391 2.42777 1.66444 1.25111 1.15845 0.473412 0.321071 -1.01342 0.759551 0.836492 0.047034 0.392928 0.783208 -0.537146 -0.614802 -0.170233 -1.91041 -3.32326 -4.7782 -5.1158 -2.60907 -1.1268 0.0557414 0.0153008 -1.10774 -1.88464 -1.54992 -0.672326 0.0997776 -0.231821 -0.798551 0.676717 2.0097 0.597171 1.91909 -0.0923064 -0.700902 1.39066 1.5509 0.300047 1.86437 3.82777 2.78599 2.99976 3.12053 2.26907 2.92305 3.07845 3.34115 1.46417 1.50258 1.09541 1.99215 3.17157 1.39576 1.44522 1.94017 0.725781 0.131173 -1.09037 0.479247 1.08429 0.339717 1.49331 0.447429 0.82875 0.130568 
-1.02096 -0.802037 -0.929131 -2.2125 -1.90046 -2.31317 -2.57696 0.8423 0.69611 1.2564 1.68925 2.0387 1.58038 1.14533 -0.549971 -1.1932 -0.938206 1.67964 1.4026 1.6402 -0.664558 0.553887 0.970757 1.32742 -0.560471 0.149547 1.19828 1.43414 2.1066 3.96964 2.53409 1.67312 0.805772 0.494669 -0.40999 0.108609 -0.322003 0.540246 2.32999 0.455175 -0.219444 -1.99441 0.23112 -0.30902 -1.25445 -2.99047 -2.89184 -2.63426 -2.65133 -2.10489 -2.4809 -0.719524 -0.0389159 -0.582628 0.507536 -0.574677 -1.01623 -2.20644 -1.60681 1.18664 0.25903 -0.209955 0.21781 0.86338 -0.866257 0.0162421 0.566357 2.86471 1.13713 2.38678 3.73217 3.74634 1.31799 3.23176 2.68228 0.160939 1.72924 2.581 1.70113 1.897 2.14989 2.12753 2.44536 1.79613 1.61304 2.0256 1.95763 1.30894 -1.21604 -0.801945 0.616289 -0.355091 -0.086297 0.560501 -2.77463 -2.23583 
-0.674262 -1.90727 0.653499 -1.49383 -1.34708 -1.06556 -0.0341831 0.990981 0.94639 1.1764 3.04972 1.63559 -0.395323 1.47703 -1.18178 -0.223687 -1.63357 0.143091 0.466535 -0.419949 0.106681 -0.449799 0.865983 1.89474 2.44959 3.17356 3.59342 1.54094 2.96423 2.5442 1.36767 0.945624 0.392 0.460399 0.926541 0.805335 1.63316 1.39265 -0.358594 0.518898 -0.0962142 -2.2772 0.0548 -1.45964 -1.51241 -3.00153 -3.23966 -3.75384 -3.58611 -2.44282 -3.18735 -3.4552 -1.91787 -0.838268 0.18941 1.44927 -1.02083 -2.37753 0.00241006 0.753157 0.610314 0.713084 0.637968 5.27739 1.84296 1.26155 1.37331 0.897 1.26356 1.30026 1.93198 3.22002 3.23991 3.08382 0.99542 1.73218 0.635357 1.72153 2.39661 1.87036 0.137038 -0.494903 0.80213 -0.159296 0.604505 1.55336 0.0392451 1.56499 0.626359 0.649193 -2.34836 -0.617422 1.28428 -0.230895 -0.342226 0.633674 
0.671656 -1.497 -2.25715 0.031862 -1.77798 -0.684021 1.19344 1.04503 1.27479 2.83203 4.17301 1.72828 1.48999 3.2434 1.19009 0.577176 -2.32641 -3.42182 -0.986355 -0.736799 -0.648183 -0.450674 2.17619 1.3658 3.27071 2.38581 1.75594 3.51138 1.87035 3.54947 1.85514 3.16332 0.708958 0.549487 1.68554 1.74321 0.961285 1.12607 -1.3288 0.836414 -0.620004 -1.7282 -1.67832 -1.62475 -0.61104 -2.70313 -2.06735 -2.52994 -2.85773 -2.59157 -3.42485 -3.42821 -1.27794 0.111583 1.61585 2.13197 0.525782 -0.940965 -1.65945 0.225103 1.08914 -0.0567028 1.84051 3.69941 1.37797 2.66619 1.69875 0.889655 1.57579 -0.312491 -0.433554 0.487975 1.49696 3.83725 2.5969 1.63924 3.74808 2.29269 2.70977 1.48258 -0.473523 -1.3423 -2.65663 0.0711037 -0.472905 0.923562 -1.2748 1.64422 -0.761241 -1.76386 -3.17501 -2.44405 1.08246 0.565758 0.772708 0.580863 
2.99975 1.68237 0.380404 1.31541 -0.555151 -0.451096 0.877853 3.23907 1.31458 2.02168 -0.0611276 -0.433174 1.94123 1.69394 -0.0060214 -0.780752 -0.118124 -1.41692 -1.59153 -1.24724 -3.07538 0.26945 1.50178 1.79045 1.77988 1.84906 2.89617 -0.610126 1.64385 2.98471 1.42821 1.86953 1.12046 0.480133 1.03275 0.71055 0.813729 -0.682624 -0.281917 -1.26171 -1.0789 0.334094 -0.431505 -1.14042 -2.423 -3.11792 -2.70366 -4.3514 -2.83687 -3.90813 -4.09189 -1.63755 -3.57708 -3.98272 0.796649 1.54571 1.49164 -1.80105 -0.947935 -3.33825 0.783605 0.752588 1.58551 4.69657 4.08472 3.13666 1.12896 0.572287 1.49456 2.21113 0.329966 3.25608 3.4657 3.1656 2.61107 0.135506 2.90609 3.24595 3.49484 1.49468 0.357817 -1.4228 -1.18909 -2.13148 -2.2176 -0.011755 -0.804228 -0.734253 -0.656567 -4.4101 -3.28773 -3.04925 -0.202444 -0.0410824 -0.987461 1.39776 
2.86017 0.732858 -0.261165 1.93764 0.657035 0.455508 1.31777 -0.120782 1.5156 3.1945 0.994259 -0.118136 0.145958 -0.0396363 0.834588 2.71982 1.98266 0.594426 -0.320838 -0.255227 -0.738698 1.88586 0.0465753 1.27523 2.28655 1.59558 1.15916 -0.406706 2.09743 0.325746 2.28003 1.19811 3.16347 1.87976 0.644851 -2.29275 -0.102489 0.808194 0.179791 -0.527295 -1.31125 -0.202266 -1.05785 -1.9608 -2.15649 -2.41086 -3.02245 -3.69431 -3.63412 -2.98712 -0.824294 0.186019 -2.17682 -0.639021 2.50562 2.3342 -0.603461 -0.233213 -0.0184728 0.675657 0.536452 -0.115956 -0.478278 0.971402 -0.726045 1.4115 0.755207 -0.436721 1.10414 0.740717 1.55196 2.53633 2.79405 2.93157 3.38478 2.28961 2.45588 1.90882 1.81177 1.38072 0.771756 -1.46237 0.0945093 -1.50985 -0.0717914 -1.46224 -0.457687 -2.26614 -0.226474 -1.09638 -1.81017 -3.85506 -1.59511 -2.09229 0.140875 1.87086 
1.72568 2.27024 1.69493 0.0920793 0.724198 -1.64942 -0.862535 -1.97142 0.797676 0.955252 -0.939669 -1.93879 -1.69061 0.667763 1.57692 2.14928 2.75703 -0.737592 0.612244 0.742083 0.715721 2.72364 1.82693 1.56085 2.63912 0.603258 -1.2037 -2.14651 0.0271483 0.229883 1.76317 1.75786 2.31316 2.80876 1.91689 -1.3273 -0.0431174 -0.435426 0.788716 -0.813928 0.644398 0.10165 -0.147214 0.206302 -0.0811265 -2.74231 -4.81473 -1.64147 -2.77493 -2.37883 -1.7183 -1.29908 -1.66101 1.11291 1.35908 0.552318 -1.42074 0.0884583 -0.235355 0.343999 1.72641 0.536562 0.343839 0.216244 -1.38069 -1.78388 -0.931951 -0.368492 1.08289 1.30416 2.09223 1.39611 4.01048 2.66888 3.24738 3.30828 0.954607 3.44102 2.27372 1.3095 1.86567 1.40006 -1.19099 -0.975479 2.87021 2.00264 -1.05443 -0.818102 -0.529001 -0.87051 -1.86047 -3.2422 -2.07363 -0.864592 -0.61775 1.82912 
0.336196 0.00899207

dim = 2, LX = 8, LT = 96
g = 0, kappa = 0.249377
number of blocks500number of steps in each block10000
0.956678 0.907557 0.96768 -0.837477 -1.14533 -1.97469 -1.07831 0.0273398 0.65929 -1.0037 -2.54709 -1.25717 -1.58084 0.366425 1.20798 2.47885 0.637252 -0.132153 0.0930346 -0.30491 1.62374 2.52764 0.937824 0.0781094 0.587841 0.534038 1.31219 -0.566425 1.05254 0.888814 2.50861 1.15001 0.476668 2.55072 3.54738 2.16497 1.9194 0.0633326 0.752792 -0.821188 1.81319 0.756866 -0.943723 1.78748 1.61119 -2.58884 -2.84037 -5.62886 -2.64918 -0.462282 -0.0416536 -1.14041 -1.06046 -0.405814 0.23227 -0.300236 -2.46356 -1.13593 0.0329187 -0.42729 2.66286 1.61671 0.304703 1.70758 -0.216895 -1.21292 0.684403 1.16903 4.22404 1.00246 1.72284 3.34411 2.4803 2.69058 0.445974 3.48665 2.94654 5.5422 3.66335 2.17638 0.719036 2.38714 0.471749 -0.352446 2.11272 1.8703 1.03142 -0.27902 -0.899448 0.865121 1.04685 -1.67327 1.45596 1.29533 1.43183 2.02492 
-1.45201 -0.128232 0.192672 -1.41992 -1.17532 -1.37228 -1.15276 -0.493219 -0.023795 2.62229 -1.4492 -2.0269 -0.370759 1.21252 0.478245 -0.429978 -0.337129 2.0108 1.74319 1.66777 0.548374 -0.676092 0.549317 -0.0429932 0.107881 0.180416 1.46146 0.240214 2.22631 2.55391 2.42777 1.66444 1.25111 1.15845 0.473412 0.321071 -1.01342 0.759551 0.836492 0.047034 0.392928 0.783208 -0.537146 -0.614802 -0.170233 -1.91041 -3.32326 -4.7782 -5.1158 -2.60907 -1.1268 0.0557414 0.0153008 -1.10774 -1.88464 -1.54992 -0.672326 0.0997776 -0.231821 -0.798551 0.676717 2.0097 0.597171 1.91909 -0.0923064 -0.700902 1.39066 1.5509 0.300047 1.86437 3.82777 2.78599 2.99976 3.12053 2.26907 2.92305 3.07845 3.34115 1.46417 1.50258 1.09541 1.99215 3.17157 1.39576 1.44522 1.94017 0.725781 0.131173 -1.09037 0.479247 1.08429 0.339717 1.49331 0.447429 0.82875 0.130568 
-1.02096 -0.802037 -0.929131 -2.2125 -1.90046 -2.31317 -2.57696 0.8423 0.69611 1.2564 1.68925 2.0387 1.58038 1.14533 -0.549971 -1.1932 -0.938206 1.67964 1.4026 1.6402 -0.664558 0.553887 0.970757 1.32742 -0.560471 0.149547 1.19828 1.43414 2.1066 3.96964 2.53409 1.67312 0.805772 0.494669 -0.40999 0.108609 -0.322003 0.540246 2.32999 0.455175 -0.219444 -1.99441 0.23112 -0.30902 -1.25445 -2.99047 -2.89184 -2.63426 -2.65133 -2.10489 -2.4809 -0.719524 -0.0389159 -0.582628 0.507536 -0.574677 -1.01623 -2.20644 -1.60681 1.18664 0.25903 -0.209955 0.21781 0.86338 -0.866257 0.0162421 0.566357 2.86471 1.13713 2.38678 3.73217 3.74634 1.31799 3.23176 2.68228 0.160939 1.72924 2.581 1.70113 1.897 2.14989 2.12753 2.44536 1.79613 1.61304 2.0256 1.95763 1.30894 -1.21604 -0.801945 0.616289 -0.355091 -0.086297 0.560501 -2.77463 -2.23583 
-0.674262 -1.90727 0.653499 -1.49383 -1.34708 -1.06556 -0.0341831 0.990981 0.94639 1.1764 3.04972 1.63559 -0.395323 1.47703 -1.18178 -0.223687 -1.63357 0.143091 0.466535 -0.419949 0.106681 -0.449799 0.865983 1.89474 2.44959 3.17356 3.59342 1.54094 2.96423 2.5442 1.36767 0.945624 0.392 0.460399 0.926541 0.805335 1.63316 1.39265 -0.358594 0.518898 -0.0962142 -2.2772 0.0548 -1.45964 -1.51241 -3.00153 -3.23966 -3.75384 -3.58611 -2.44282 -3.18735 -3.4552 -1.91787 -0.838268 0.18941 1.44927 -1.02083 -2.37753 0.00241006 0.753157 0.610314 0.713084 0.637968 5.27739 1.84296 1.26155 1.37331 0.897 1.26356 1.30026 1.93198 3.22002 3.23991 3.08382 0.99542 1.73218 0.635357 1.72153 2.39661 1.87036 0.137038 -0.494903 0.80213 -0.159296 0.604505 1.55336 0.0392451 1.56499 0.626359 0.649193 -2.34836 -0.617422 1.28428 -0.230895 -0.342226 0.633674 
0.671656 -1.497 -2.25715 0.031862 -1.77798 -0.684021 1.19344 1.04503 1.27479 2.83203 4.17301 1.72828 1.48999 3.2434 1.19009 0.577176 -2.32641 -3.42182 -0.986355 -0.736799 -0.648183 -0.450674 2.17619 1.3658 3.27071 2.38581 1.75594 3.51138 1.87035 3.54947 1.85514 3.16332 0.708958 0.549487 1.68554 1.74321 0.961285 1.12607 -1.3288 0.836414 -0.620004 -1.7282 -1.67832 -1.62475 -0.61104 -2.70313 -2.06735 -2.52994 -2.85773 -2.59157 -3.42485 -3.42821 -1.27794 0.111583 1.61585 2.13197 0.525782 -0.940965 -1.65945 0.225103 1.08914 -0.0567028 1.84051 3.69941 1.37797 2.66619 1.69875 0.889655 1.57579 -0.312491 -0.433554 0.487975 1.49696 3.83725 2.5969 1.63924 3.74808 2.29269 2.70977 1.48258 -0.473523 -1.3423 -2.65663 0.0711037 -0.472905 0.923562 -1.2748 1.64422 -0.761241 -1.76386 -3.17501 -2.44405 1.08246 0.565758 0.772708 0.580863 
2.99975 1.68237 0.380404 1.31541 -0.555151 -0.451096 0.877853 3.23907 1.31458 2.02168 -0.0611276 -0.433174 1.94123 1.69394 -0.0060214 -0.780752 -0.118124 -1.41692 -1.59153 -1.24724 -3.07538 0.26945 1.50178 1.79045 1.77988 1.84906 2.89617 -0.610126 1.64385 2.98471 1.42821 1.86953 1.12046 0.480133 1.03275 0.71055 0.813729 -0.682624 -0.281917 -1.26171 -1.0789 0.334094 -0.431505 -1.14042 -2.423 -3.11792 -2.70366 -4.3514 -2.83687 -3.90813 -4.09189 -1.63755 -3.57708 -3.98272 0.796649 1.54571 1.49164 -1.80105 -0.947935 -3.33825 0.783605 0.752588 1.58551 4.69657 4.08472 3.13666 1.12896 0.572287 1.49456 2.21113 0.329966 3.25608 3.4657 3.1656 2.61107 0.135506 2.90609 3.24595 3.49484 1.49468 0.357817 -1.4228 -1.18909 -2.13148 -2.2176 -0.011755 -0.804228 -0.734253 -0.656567 -4.4101 -3.28773 -3.04925 -0.202444 -0.0410824 -0.987461 1.39776 
2.86017 0.732858 -0.261165 1.93764 0.657035 0.455508 1.31777 -0.120782 1.5156 3.1945 0.994259 -0.118136 0.145958 -0.0396363 0.834588 2.71982 1.98266 0.594426 -0.320838 -0.255227 -0.738698 1.88586 0.0465753 1.27523 2.28655 1.59558 1.15916 -0.406706 2.09743 0.325746 2.28003 1.19811 3.16347 1.87976 0.644851 -2.29275 -0.102489 0.808194 0.179791 -0.527295 -1.31125 -0.202266 -1.05785 -1.9608 -2.15649 -2.41086 -3.02245 -3.69431 -3.63412 -2.98712 -0.824294 0.186019 -2.17682 -0.639021 2.50562 2.3342 -0.603461 -0.233213 -0.0184728 0.675657 0.536452 -0.115956 -0.478278 0.971402 -0.726045 1.4115 0.755207 -0.436721 1.10414 0.740717 1.55196 2.53633 2.79405 2.93157 3.38478 2.28961 2.45588 1.90882 1.81177 1.38072 0.771756 -1.46237 0.0945093 -1.50985 -0.0717914 -1.46224 -0.457687 -2.26614 -0.226474 -1.09638 -1.81017 -3.85506 -1.59511 -2.09229 0.140875 1.87086 
1.72568 2.27024 1.69493 0.0920793 0.724198 -1.64942 -0.862535 -1.97142 0.797676 0.955252 -0.939669 -1.93879 -1.69061 0.667763 1.57692 2.14928 2.75703 -0.737592 0.612244 0.742083 0.715721 2.72364 1.82693 1.56085 2.63912 0.603258 -1.2037 -2.14651 0.0271483 0.229883 1.76317 1.75786 2.31316 2.80876 1.91689 -1.3273 -0.0431174 -0.435426 0.788716 -0.813928 0.644398 0.10165 -0.147214 0.206302 -0.0811265 -2.74231 -4.81473 -1.64147 -2.77493 -2.37883 -1.7183 -1.29908 -1.66101 1.11291 1.35908 0.552318 -1.42074 0.0884583 -0.235355 0.343999 1.72641 0.536562 0.343839 0.216244 -1.38069 -1.78388 -0.931951 -0.368492 1.08289 1.30416 2.09223 1.39611 4.01048 2.66888 3.24738 3.30828 0.954607 3.44102 2.27372 1.3095 1.86567 1.40006 -1.19099 -0.975479 2.87021 2.00264 -1.05443 -0.818102 -0.529001 -0.87051 -1.86047 -3.2422 -2.07363 -0.864592 -0.61775 1.82912 
0.336196 0.00899207
