dim = 2, LX = 8, LT = 20
g = 0.01, kappa = 0.249377
number of blocks: 1000 number of steps in each block: 10000
0.634422 0.713035 -0.421207 0.7402 0.186465 0.163153 1.4067 1.42555 1.52767 0.37844 1.23389 0.980822 2.74088 0.185874 0.894845 -0.362043 -1.89099 0.969665 -0.803556 0.504656 
0.212136 -0.35664 -0.518206 -0.124669 1.24079 0.773263 -0.433044 1.22052 -0.826367 -1.23377 -0.12307 0.302103 2.84474 1.22621 -0.483413 -2.23325 -1.23006 1.08047 -0.935203 -0.747224 
-1.48823 -0.629745 -1.30847 1.72427 1.55987 -0.296091 -0.286294 0.159895 1.71575 -1.6758 0.209595 -0.91689 1.20739 0.469145 0.186762 0.971309 0.801508 -0.726141 0.134726 1.30154 
1.19662 0.159819 -0.0614408 -0.357723 -0.0598647 -1.89913 0.183496 -0.508772 0.259505 -0.992583 -0.952207 -0.41604 1.24607 -0.879832 -2.30477 1.99854 1.26358 -0.365307 -1.07229 -1.5907 
0.989322 0.306292 0.477342 -1.35446 -0.0107364 -0.821279 -0.616042 -0.461823 0.417446 -1.60837 0.931604 -0.0180203 -0.537146 -0.721828 -0.836915 0.678063 1.41114 0.89686 -0.0109923 -1.14091 
-0.818595 1.72753 1.26921 -0.00173741 1.91888 1.60289 0.670499 -1.43774 -0.287289 -1.52009 1.12016 -0.161231 -1.45833 -0.00424114 0.00629517 0.454249 0.370488 -0.517011 0.173841 1.68713 
-1.87413 -1.28707 -1.71123 -0.888512 0.393479 0.436549 1.18822 0.524293 -0.000946334 0.103147 0.427399 0.494267 1.155 -0.0295917 1.52811 -0.137097 -0.081823 0.738081 -1.14841 -0.824213 
-2.24195 -0.855436 -1.99725 -0.659297 0.196565 0.473373 -1.8288 -0.447918 1.17992 0.536572 -0.175656 0.701532 1.4954 0.980124 1.03568 0.443457 -0.83795 0.740752 -2.94978 -2.63815 
0.00363053 1.67263e-05
