dim = 2, LX = 16, LT = 20
g = 0.01, kappa = 0.249377
number of blocks: 2000 number of steps in each block: 10000
0.990637 0.143445 -1.08854 -1.28599 -0.195951 -0.489408 0.707869 0.392522 1.23771 0.831308 -1.74827 -2.46691 -0.0887599 -0.379672 1.58098 1.32022 0.516042 -0.309935 0.144662 -0.649185 
0.90782 -2.24998 -1.06241 -2.90238 0.249194 -0.247088 0.597942 0.545685 -2.16609 1.78824 0.389902 -0.946242 -0.171374 -1.23165 0.0330082 0.343067 0.113648 1.35435 1.23833 -0.100529 
-1.9273 -1.03999 -1.71293 -1.88187 0.833634 2.05676 0.728773 1.53074 1.15631 1.03746 0.106244 -0.451353 0.408327 1.34804 2.03407 -0.149754 -1.3235 -0.300921 -2.22676 -2.4243 
-1.87599 2.05145 -0.355548 1.55225 3.17922 2.26292 1.60265 0.597475 -0.466352 1.0141 1.02615 1.5771 0.650921 1.60056 2.37854 -0.163446 2.24738 0.940894 -1.53379 -0.761413 
-0.163273 0.190876 -0.814989 -0.0173676 -1.0904 0.482001 0.880883 0.561469 -0.903244 -0.0561491 1.44717 0.690964 1.00603 2.01219 0.223829 1.63567 -0.0476345 0.810136 -0.401539 -0.786768 
-0.739916 -0.638928 0.166857 -0.742579 -0.407217 2.02235 1.87933 0.530533 1.67084 -0.19586 0.616636 2.51601 1.30718 2.0664 1.58987 -1.48457 0.607048 -1.36445 1.59054 -1.55604 
2.12977 0.699777 -0.380005 -2.06673 -0.53759 0.35404 -0.763355 -0.878159 0.955187 0.957041 2.35736 1.22121 0.782288 0.154844 0.757055 -1.08023 0.332932 0.362651 1.7863 -0.868941 
1.14533 0.307925 -1.36327 -0.452939 -0.651844 -0.891446 -2.23891 -1.17111 -0.609456 1.88131 0.685653 -0.0306221 0.71126 -1.51732 0.0600429 -0.872856 -0.478275 0.208255 0.0767096 -0.0999862 
0.742279 0.952012 -0.605465 -0.954373 -1.8603 -0.152691 -1.54786 -0.819187 -1.17065 -1.38459 0.747645 -0.91599 0.231839 -1.202 0.756359 0.631334 -1.60355 -1.26698 -0.678944 -0.575893 
-0.587806 0.505591 -0.638442 -1.35775 -1.16742 -0.444412 0.367447 0.471071 -0.364553 -0.333351 0.603525 1.20528 1.44216 -0.0442823 -1.38015 0.369136 -0.978425 -2.21655 -1.71194 0.0429277 
-0.217224 -0.480972 -1.26701 -1.20809 -2.05404 0.207109 -1.20639 -1.00977 -0.595349 -0.152717 0.628433 0.459227 -1.71362 -1.72118 0.259591 0.616636 -1.71232 -1.36374 -0.474147 -0.210528 
-0.822734 -1.13705 -1.45993 -0.722084 -0.449815 -1.25216 0.439316 0.0550872 -0.284107 1.37102 0.938296 1.50583 0.929988 -0.794047 -2.34834 -1.56016 -1.71924 -2.11798 -2.07267 -0.264674 
-2.04992 -1.11793 0.192094 0.481101 -1.5833 -0.682306 -2.60136 -0.706577 -0.621911 -0.886478 -0.776406 0.490195 0.155716 -1.41741 -1.06277 -0.893712 -1.34587 -0.04442 -0.0680319 -0.892982 
-1.24055 0.739175 1.25196 0.204471 0.372434 -1.37964 0.116551 1.24448 1.84967 -1.06797 0.19863 -1.26916 -1.30401 -0.335883 -2.91889 -1.27863 -0.280473 0.216724 -2.40608 -2.87294 
0.508038 -1.15479 -0.254377 1.41285 -0.892038 -0.206583 1.13664 1.04425 1.11032 1.08052 -1.2743 -2.23131 -1.27874 -1.75636 -1.26334 0.0802487 -0.5638 0.203133 1.64264 0.707537 
-0.365807 0.783735 1.492 0.324115 0.403473 -0.419672 0.349248 -0.930617 -0.192267 -0.975718 -0.90677 -1.50017 -0.589333 -0.827348 -1.30379 0.396186 -2.07176 -0.68379 -0.731938 -0.252594 
0.00364392 1.05584e-05
