dim = 2, LX = 8, LT = 32
g = 0.01, kappa = 0.249377
number of blocks: 1000 number of steps in each block: 10000
-0.494784 0.182411 1.57169 1.09067 1.03733 1.53457 1.31994 -0.0054527 -0.903602 0.0244518 1.29146 0.262938 -0.903394 -1.2425 0.0707026 0.682158 -0.088563 -0.2978 1.1235 2.48568 1.25231 0.727301 -0.702817 -1.73968 0.631866 -0.299817 1.9555 -0.356843 1.22548 1.04002 -1.06949 -0.000637638 
-0.210882 -0.450997 -0.000106066 -0.0444929 -0.165464 -0.719071 0.414781 0.300693 -0.209478 -0.214391 -0.899224 0.0338555 -0.81985 -0.737816 -0.390469 0.128836 -1.27493 0.702416 0.431759 2.25239 -0.567039 -1.80236 0.401307 -0.326723 0.311127 0.689982 -0.585729 1.61778 1.60053 0.835348 0.55518 -0.641401 
1.52893 0.139868 -0.385617 -1.02395 -0.0560836 -1.06511 -0.316304 -0.0960125 -0.782512 0.710266 0.703043 -0.308209 0.038147 -0.997737 -0.150485 1.2181 1.27361 -1.05512 0.76184 -0.0995888 -1.85599 0.00865974 0.230203 -0.553553 0.331303 -0.145019 -0.294801 -0.372521 -0.934882 -0.864278 -1.05833 0.482817 
2.86294 2.09777 -0.11828 0.889341 1.12577 2.37226 0.14614 -1.95445 0.0881056 -0.687835 -0.679508 -1.06324 -0.734567 -1.28729 -0.511639 1.79008 0.509493 -0.237914 0.681785 -0.142551 -0.443366 0.90222 0.729754 -1.35022 -0.0680956 0.780261 0.958343 0.663791 0.401514 -0.702024 -0.905336 0.932132 
2.69129 0.661053 1.16461 0.972396 0.360623 -0.83568 -1.30853 -0.195557 -0.900507 0.5752 0.218077 -0.27019 -0.760028 0.490308 0.957428 1.98248 1.384 0.659094 -0.170107 0.928236 0.132752 1.41749 -1.29525 -1.34121 0.931182 1.00847 1.2113 0.110384 1.02274 -0.507901 -0.307772 1.35386 
0.0857494 0.520494 1.63935 0.946656 -0.00897972 0.7289 0.543019 1.9594 1.5185 0.826158 -0.502567 0.187051 1.69868 0.440803 -0.416645 1.14617 0.0641389 -0.46544 0.771612 0.188054 0.605521 1.26408 -1.15706 1.39676 1.66522 -0.413344 0.573225 0.150001 0.304101 0.426398 -0.399562 0.0751265 
0.567266 -0.230538 0.980338 1.50717 -0.491436 -0.700229 -1.12912 -0.56183 1.8481 1.49586 -0.418303 1.69567 -0.238427 0.426203 1.16315 1.09985 0.361396 1.91436 0.492553 1.35078 0.997951 -0.134472 -0.690285 0.973431 0.795791 -0.785706 0.908848 0.981056 -0.855489 -0.936145 -0.866419 -1.73685 
-0.0856185 0.260546 2.49489 1.83007 0.0470691 1.03705 -0.358638 -1.31757 -0.454691 1.01078 0.25277 1.16211 0.827402 -0.407113 0.43375 1.02108 1.17066 1.98967 0.297686 2.7024 2.74732 2.29474 0.0794052 -0.915489 0.705301 0.329322 0.600072 -0.80453 -1.85528 -0.078099 -2.14178 -0.249612 
5.76682e-07 8.27649e-08
