dim = 2, LX = 16, LT = 48
g = 0, kappa = 0.249377
number of blocks1000number of steps in each block10000
-1.09429 -1.09931 -0.250542 1.12233 -0.92833 0.787918 -2.3317 -0.605413 -1.58957 -1.35317 -1.53924 -3.02982 -1.58342 -3.27074 -2.13265 -1.35475 -1.94556 -0.573029 -1.87248 -2.4206 -0.232225 -0.879805 0.0785406 0.604398 -0.261227 -0.577148 -0.10939 -0.845251 -1.91898 0.595255 0.141335 -0.469909 -2.69123 -1.48995 -1.62895 -2.03593 -2.69551 1.40326 -2.07234 -3.05509 -1.43912 -2.42358 -2.40188 -2.93646 -3.31143 -2.21848 -1.0037 -1.87731 
0.0216577 -0.845821 0.349645 0.855607 -1.17689 -1.09759 -1.20909 -0.385519 -0.964192 0.835775 -3.09628 -2.74334 -2.98968 -1.59176 -1.42307 -0.797099 -0.288759 -0.840308 -1.16823 -0.834662 -0.170348 2.14963 1.60188 -0.331144 0.803549 -2.56949 -2.23843 -2.77638 -1.55981 -1.2032 -1.58112 0.514083 -1.70839 -2.28419 -2.98153 -1.44635 -2.68636 -1.99909 -1.7048 -1.99763 -3.96767 -3.52073 -4.89789 -2.35776 -1.80642 -1.90525 -1.45629 -0.879935 
-1.48938 -1.2513 -0.204645 -0.55657 0.305869 -2.94943 -3.54674 -2.0315 -0.995338 -1.90581 -3.96158 -2.16996 -1.45553 -1.45557 0.0318771 -1.93029 -0.709968 -1.59562 1.4651 2.06293 0.0680168 0.471519 2.51871 0.0478707 0.499071 -2.3556 -3.85208 -3.11938 -1.85227 -0.837094 -2.38411 -0.88042 -2.21799 -0.964669 -1.6985 -1.17713 -1.37342 -1.57889 -2.38336 -2.3927 -4.39896 -3.80589 -2.21471 -2.2683 -1.79189 0.479649 -1.24447 -1.52275 
-1.11556 0.0128997 -0.606519 -1.52912 -1.93123 -2.70566 -1.04627 -1.45063 -0.676013 2.08163 -0.209073 -3.01701 -0.545582 0.0587849 -1.0234 -1.21649 -1.0726 -1.67586 0.285273 2.16109 1.28933 1.97645 0.0266821 -1.43904 -1.60862 -3.02058 -3.30771 -5.02699 -1.78824 1.38121 -0.953675 -2.75183 -2.97193 -1.65229 -0.892143 -0.024183 -0.200233 -3.3438 -1.66973 -0.11239 -0.760646 -1.54893 -0.0821033 -1.29073 -3.1497 -0.820454 -0.149112 -0.202286 
0.477102 -1.53331 -0.982716 -4.65314 -4.38674 -2.00624 1.35376 0.754443 1.13573 -0.506947 1.74894 -2.51795 -0.152575 0.128805 -1.38729 -2.51957 -2.59122 -1.26795 -0.0812921 1.8922 0.36764 2.12402 -0.396277 -2.03505 -2.59961 -3.88363 -1.67091 -1.64875 -3.1046 -0.926134 -2.79796 -2.73423 -4.51088 -2.31915 -1.34898 0.040776 -1.05039 -2.13507 -0.867312 0.0730651 -0.828711 0.663629 0.186842 0.0757655 -0.224446 0.10663 -0.158293 0.642502 
1.27174 -1.84265 -0.331916 -3.34987 -2.16259 -2.01365 -0.546508 0.797392 -0.452581 -0.167756 -3.21855 -2.21994 -1.57689 -0.804474 -0.35366 -1.35496 -2.21813 0.0513227 -0.416514 0.443978 1.85141 1.41275 -0.942191 -1.04937 0.085519 -2.64292 -1.26761 -1.4407 -2.65307 -2.44688 -3.55633 -2.02039 -3.69349 -2.98782 -1.44465 -1.22494 -0.292405 -1.94319 -0.0511369 1.00341 0.165776 0.449589 -0.384765 -1.86045 0.267062 -0.909573 -2.02361 -1.40359 
-0.11248 -2.17121 -0.0632162 -0.384175 -2.15951 -1.80008 -1.7467 -1.31028 -0.701305 -2.44047 -2.87603 -4.08379 -2.44168 -1.35943 -1.21642 -1.34379 -2.17721 0.195631 1.27117 2.91516 1.26385 -0.729159 -0.874273 -0.691985 0.980819 -2.06872 -1.68895 0.865038 0.792103 -2.1973 -2.9312 -0.89611 -1.4054 -1.93163 -0.833986 -0.518451 -1.21334 -0.806406 0.286303 2.63407 0.492167 -1.36547 -1.82553 1.88332 1.03393 -1.47037 -1.38363 -1.92791 
-1.24938 0.358191 -3.80275 -1.77041 -3.12298 -2.48539 -2.7432 -2.2111 -2.12526 -2.26563 -1.25107 -1.88758 -1.4353 -2.59524 -3.22147 -1.45758 0.0854601 -0.236676 1.91021 2.32566 0.783473 -2.04622 -0.228234 -1.22104 -0.542299 -0.138288 1.89076 2.26033 0.826289 -0.219281 -2.24036 -0.76552 -0.904267 -1.60493 -2.1593 -0.331792 1.33942 0.811142 0.794254 1.39162 1.35399 0.0593286 0.360118 0.746289 0.226287 -0.796205 -0.64231 -1.17597 
-3.13461 -1.18351 -3.73397 -2.29906 -1.77757 -1.43734 -0.939324 -2.24968 -1.33814 -3.2437 -1.97184 0.379019 -2.00232 -2.39522 -2.3994 -1.36808 1.55314 1.17686 1.16202 1.01896 -0.704711 0.100268 -0.838914 -1.30964 0.218428 -1.08286 0.691691 1.41634 0.798182 -1.71054 -2.82178 -0.614558 -0.947101 0.972299 -0.764852 -0.708423 1.05462 2.70432 2.04948 -0.0132481 -0.474902 -1.62686 -2.135 -0.662667 -0.511088 -1.12649 1.1775 -1.33698 
-2.28344 -2.96726 -2.8272 -2.95083 -1.16178 0.0594229 0.747592 -1.63819 -3.93906 -2.42326 -4.32559 -3.3231 -3.8855 -4.17323 -3.50213 -3.82764 -1.40332 0.160817 -0.509479 1.38918 0.770721 0.617117 0.379312 -1.63224 -1.86154 -1.27142 -1.36818 -1.40659 -0.977998 -2.2425 -2.35398 -2.99458 -0.522843 -1.24839 -0.783699 -1.44557 0.0125574 2.24349 1.31099 0.685048 -0.879083 -1.00113 1.21321 -1.02876 -0.270434 -1.85759 -0.491653 -1.6862 
-0.00185092 -1.11247 -1.25278 -2.79836 -3.03584 -0.0496979 -0.0280404 -2.90898 -1.66117 -2.09626 -4.28998 -4.2586 -5.06308 -3.33613 -2.21368 -2.92436 -1.52306 -1.29889 -0.473339 -0.542318 2.05029 -0.200165 -0.215858 -3.1847 -4.40531 -3.11357 -1.24587 -1.74113 -1.06201 -2.6457 -2.51388 -1.7992 -0.670454 0.845604 -0.709439 -0.870916 -1.57401 0.133322 0.431516 -0.430226 0.349592 0.922864 1.85903 0.331494 -1.16761 -2.30607 -1.56282 -1.13437 
-0.627615 0.0618403 -1.26372 -1.41661 -1.49037 -0.389153 1.01512 1.84274 -0.155645 -0.461233 -4.07751 -4.50388 -2.11886 0.512891 -2.17786 -1.89218 -3.27779 0.367941 -0.877098 -1.74484 0.596062 1.11638 -2.00831 -3.71932 -1.1093 -1.38553 -2.23695 -1.70472 -2.28844 -2.49021 -1.2334 -2.06581 -1.93818 -0.987379 -1.32844 -1.47552 -1.29365 -1.50997 -1.61188 -1.49078 -0.184547 -1.6801 0.321549 -0.0989902 -1.95835 -2.34375 -1.54341 -0.927982 
-1.09444 -0.0144134 -1.01464 -2.10703 -1.8518 -0.329295 -0.00865086 0.571949 -1.54826 0.218389 -2.18111 -0.706652 -0.648297 -1.01861 -2.0079 -2.60129 -1.79531 -0.821107 -2.80585 -0.308314 0.14343 0.214924 -1.77412 -2.51325 -1.58205 -2.46786 -2.50476 -0.59306 -2.17841 -2.00169 0.508248 -1.86383 -0.23122 0.869556 -1.01321 -0.141059 -1.53359 -1.12565 -3.53725 -1.35477 -1.19683 -1.41944 -0.0223531 1.91788 -2.35122 -1.09369 -0.459569 -0.211988 
0.599353 -0.157573 0.21351 -0.188224 -2.69942 -1.99319 -1.13461 -0.783053 -3.40726 -0.00395273 -2.45796 -2.47144 -2.36388 -2.37409 -0.087701 -2.47754 -1.39223 -1.1705 -0.812871 -0.699259 0.872773 -0.821137 -1.69186 -1.09084 -0.865019 -0.293963 -1.04381 -1.35807 -0.570856 -0.315163 0.185446 0.504842 0.516489 -0.190739 0.592016 -1.742 -1.32442 -1.77035 -0.738152 0.364943 0.293322 -2.33372 -1.06878 1.87014 -1.16264 -1.34507 -0.85498 -0.955266 
-2.95436 -2.1107 -1.53693 -0.717803 -0.558677 -2.45714 -1.2172 -0.387738 -1.48215 -2.21992 -3.51001 -2.57654 -1.57771 -2.96798 -3.23014 -1.9304 -2.80315 -2.87196 -4.26981 -0.56654 -1.02905 -0.85088 -1.10533 -1.87402 0.314605 0.894466 -0.439547 -1.11139 0.622745 0.506421 -0.726215 0.194413 -0.658114 -1.96186 0.670096 -0.630102 1.12013 0.371657 0.487853 0.272002 -0.29789 -2.50425 -0.924134 -0.633997 -0.64845 -0.384613 -0.632029 -1.10236 
-0.757641 -0.387714 -0.771293 -0.272254 0.499417 -1.48048 -1.34733 -3.01382 -2.06816 -3.00524 -3.36344 -3.58796 -5.2071 -2.67972 -1.97286 -0.874767 -0.530376 -0.201068 -1.66155 -0.850702 -1.41772 -1.60148 -0.0948483 1.59763 -2.48031 -0.633179 -2.85021 -1.1394 -1.70978 -0.115944 1.37318 1.08697 -1.30314 -1.13998 -0.695988 -1.59539 -0.805891 0.154262 -0.461713 -1.62449 -0.970306 -2.83561 -3.59691 -2.96307 -2.53114 -0.627171 0.541934 -0.585244 
3.71993 0.0324799
