7.35558
7.46837
8.53716
7.0222
8.3168
7.56073
8.55757
7.45262
8.22915
7.36611
7.85117
7.17161
7.7142
7.71664
7.64408
8.208
7.48307
7.42639
7.73867
7.85905
7.66163
7.88586
6.73978
7.53656
7.44725
7.92438
7.41056
7.4485
7.27687
7.74036
7.72449
8.23254
8.41955
7.54535
7.52701
7.86088
7.26627
7.55103
8.11958
7.64993
7.50763
6.92116
6.9462
6.8998
7.60296
6.82224
7.85372
7.84602
7.60158
8.03045
7.55885
7.3105
7.81816
8.52117
7.84168
7.70505
8.19489
8.17735
7.55823
7.67716
7.01328
8.07644
8.22894
6.7233
7.13679
7.60141
8.6527
8.61662
7.61133
7.97728
7.5375
8.78196
7.47127
8.53037
7.7708
7.6032
8.20702
7.90401
6.6203
8.3707
7.76877
8.69355
8.25093
7.30338
7.65249
8.22816
7.76395
7.61732
7.42125
8.27408
7.85144
7.73881
8.25507
8.19148
7.99087
7.3416
7.39828
7.49649
8.02404
7.69017
8.04434
7.21963
7.72036
6.98969
7.96679
8.23742
7.90765
7.68664
8.02524
7.52886
7.48196
7.58137
8.15751
7.62994
7.99203
7.05918
8.14637
8.07005
7.91413
8.1317
8.08472
8.34949
8.13284
7.62563
7.23306
7.41087
7.63807
7.94094
8.36752
7.846
7.51539
7.92373
7.32359
7.92687
7.18102
7.53326
7.55533
7.95137
8.06689
7.75261
7.52932
8.02951
7.0901
7.67135
7.16367
7.26684
7.38777
7.7247
8.23423
7.85175
7.57143
7.30282
8.09123
7.64531
8.44741
8.00656
7.84647
7.98078
7.59418
9.01254
7.82627
7.33747
7.9338
8.61521
7.51388
7.91809
7.10206
7.45366
7.91077
7.53997
8.01768
7.87177
7.42452
8.27108
8.66867
7.58882
7.53285
7.473
8.63571
8.2611
7.56776
7.61835
7.87301
7.23399
7.67983
8.11702
7.81583
7.39435
6.8614
7.77909
7.9402
7.64716
8.82683
7.44625
7.8291
7.50217
7.66721
6.73001
7.73773
7.70604
7.69459
7.98135
7.1712
7.81852
7.04361
8.54978
8.50465
7.0918
8.00298
7.51924
7.36694
7.76941
7.05941
8.1038
7.77019
7.38169
8.54122
7.6574
7.97595
7.24928
7.90584
7.86225
7.45709
8.61226
7.91818
8.30496
7.98979
7.54726
8.40916
7.58306
7.40163
8.03454
7.85966
7.92335
7.34262
7.41404
8.42294
9.3328
7.20275
6.61093
8.01269
7.96357
8.27284
8.00515
7.68759
7.55538
8.19775
7.34145
7.57856
7.46373
7.234
7.59546
7.19592
7.78695
7.97195
7.52962
7.09588
7.42985
8.23653
8.45322
7.0983
6.97095
8.2578
8.45144
8.29804
7.61256
7.23877
8.12568
7.68788
8.60203
7.00902
7.89882
7.31106
7.69737
7.70638
7.68565
7.06843
7.95473
7.06826
7.4152
7.23351
7.14237
7.42503
7.7885
7.59215
6.88831
7.90171
6.88873
7.52364
7.83339
8.46397
8.32444
7.94395
8.00104
8.22074
8.16086
8.97226
7.94012
8.54498
7.82741
7.52702
7.64455
7.72327
8.20553
7.40069
7.55319
7.34209
7.94521
8.56496
8.56732
7.54784
7.71938
8.53659
8.06164
8.56239
7.62947
7.46824
7.50145
7.1958
7.10496
8.05196
8.1382
8.3564
7.09217
7.63223
7.95568
7.81466
8.15026
8.05994
7.53241
7.43277
8.09969
7.34384
7.98225
7.59759
8.12362
7.52786
7.41409
7.90145
8.17887
6.8088
7.39884
8.25271
7.47192
7.49246
7.05882
6.75131
8.18752
7.03434
7.90774
7.59865
8.18207
7.17624
7.65789
7.38713
6.81892
7.71334
7.14218
7.86301
6.99113
7.9882
7.91681
7.7657
7.93953
7.03995
8.57883
7.82352
8.53822
7.32647
7.58081
6.89934
6.9873
9.08999
7.88519
7.65793
8.43245
7.94673
7.45332
7.98135
8.17165
7.60399
7.49948
7.83142
8.81142
7.62192
7.65541
7.89227
7.2743
8.07649
7.63399
8.87085
7.59234
6.9671
8.05632
7.57974
7.58096
8.26906
7.56579
7.40509
7.71947
7.39619
7.32833
8.04395
7.25656
8.16762
7.79038
6.89647
7.76167
6.64612
7.68173
7.34388
8.95341
7.45919
7.38327
7.54484
8.08973
7.68066
8.37647
7.40316
7.30203
7.95535
7.42174
7.33618
7.81073
7.11813
8.1456
6.91755
7.72873
7.33831
8.06596
8.97206
8.49926
7.45443
7.75203
8.02243
7.65895
8.61151
7.12969
7.71018
7.80413
7.34134
7.35435
7.80692
7.52134
8.50475
7.36406
7.81736
7.49869
7.92528
7.33241
7.11728
6.61144
7.35277
7.0545
7.41269
7.81158
7.65752
8.3658
7.36377
7.18162
7.58299
8.37414
7.60789
7.64654
7.83002
7.7281
7.95939
8.09233
8.0817
7.53207
7.45258
8.7199
8.29157
7.42648
7.65004
8.34431
6.59621
7.90383
8.44668
8.44442
8.28151
8.24025
7.69945
8.06225
8.82729
7.62065
7.75967
7.5221
7.35116
6.88736
7.43536
8.14821
7.88144
7.72279
7.32584
8.23647
7.72448
7.86111
8.56856
7.97733
7.35558
7.46837
8.53716
7.0222
8.3168
7.56073
8.55757
7.45262
8.22915
7.36611
7.85117
7.17161
7.7142
7.71664
7.64408
8.208
7.48307
7.42639
7.73867
7.85905
7.66163
7.88586
6.73978
7.53656
7.44725
7.92438
7.41056
7.4485
7.27687
7.74036
7.72449
8.23254
8.41955
7.54535
7.52701
7.86088
7.26627
7.55103
8.11958
7.64993
7.50763
6.92116
6.9462
6.8998
7.60296
6.82224
7.85372
7.84602
7.60158
8.03045
7.55885
7.3105
7.81816
8.52117
7.84168
7.70505
8.19489
8.17735
7.55823
7.67716
7.01328
8.07644
8.22894
6.7233
7.13679
7.60141
8.6527
8.61662
7.61133
7.97728
7.5375
8.78196
7.47127
8.53037
7.7708
7.6032
8.20702
7.90401
6.6203
8.3707
7.76877
8.69355
8.25093
7.30338
7.65249
8.22816
7.76395
7.61732
7.42125
8.27408
7.85144
7.73881
8.25507
8.19148
7.99087
7.3416
7.39828
7.49649
8.02404
7.69017
8.04434
7.21963
7.72036
6.98969
7.96679
8.23742
7.90765
7.68664
8.02524
7.52886
7.48196
7.58137
8.15751
7.62994
7.99203
7.05918
8.14637
8.07005
7.91413
8.1317
8.08472
8.34949
8.13284
7.62563
7.23306
7.41087
7.63807
7.94094
8.36752
7.846
7.51539
7.92373
7.32359
7.92687
7.18102
7.53326
7.55533
7.95137
8.06689
7.75261
7.52932
8.02951
7.0901
7.67135
7.16367
7.26684
7.38777
7.7247
8.23423
7.85175
7.57143
7.30282
8.09123
7.64531
8.44741
8.00656
7.84647
7.98078
7.59418
9.01254
7.82627
7.33747
7.9338
8.61521
7.51388
7.91809
7.10206
7.45366
7.91077
7.53997
8.01768
7.87177
7.42452
8.27108
8.66867
7.58882
7.53285
7.473
8.63571
8.2611
7.56776
7.61835
7.87301
7.23399
7.67983
8.11702
7.81583
7.39435
6.8614
7.77909
7.9402
7.64716
8.82683
7.44625
7.8291
7.50217
7.66721
6.73001
7.73773
7.70604
7.69459
7.98135
7.1712
7.81852
7.04361
8.54978
8.50465
7.0918
8.00298
7.51924
7.36694
7.76941
7.05941
8.1038
7.77019
7.38169
8.54122
7.6574
7.97595
7.24928
7.90584
7.86225
7.45709
8.61226
7.91818
8.30496
7.98979
7.54726
8.40916
7.58306
7.40163
8.03454
7.85966
7.92335
7.34262
7.41404
8.42294
9.3328
7.20275
6.61093
8.01269
7.96357
8.27284
8.00515
7.68759
7.55538
8.19775
7.34145
7.57856
7.46373
7.234
7.59546
7.19592
7.78695
7.97195
7.52962
7.09588
7.42985
8.23653
8.45322
7.0983
6.97095
8.2578
8.45144
8.29804
7.61256
7.23877
8.12568
7.68788
8.60203
7.00902
7.89882
7.31106
7.69737
7.70638
7.68565
7.06843
7.95473
7.06826
7.4152
7.23351
7.14237
7.42503
7.7885
7.59215
6.88831
7.90171
6.88873
7.52364
7.83339
8.46397
8.32444
7.94395
8.00104
8.22074
8.16086
8.97226
7.94012
8.54498
7.82741
7.52702
7.64455
7.72327
8.20553
7.40069
7.55319
7.34209
7.94521
8.56496
8.56732
7.54784
7.71938
8.53659
8.06164
8.56239
7.62947
7.46824
7.50145
7.1958
7.10496
8.05196
8.1382
8.3564
7.09217
7.63223
7.95568
7.81466
8.15026
8.05994
7.53241
7.43277
8.09969
7.34384
7.98225
7.59759
8.12362
7.52786
7.41409
7.90145
8.17887
6.8088
7.39884
8.25271
7.47192
7.49246
7.05882
6.75131
8.18752
7.03434
7.90774
7.59865
8.18207
7.17624
7.65789
7.38713
6.81892
7.71334
7.14218
7.86301
6.99113
7.9882
7.91681
7.7657
7.93953
7.03995
8.57883
7.82352
8.53822
7.32647
7.58081
6.89934
6.9873
9.08999
7.88519
7.65793
8.43245
7.94673
7.45332
7.98135
8.17165
7.60399
7.49948
7.83142
8.81142
7.62192
7.65541
7.89227
7.2743
8.07649
7.63399
8.87085
7.59234
6.9671
8.05632
7.57974
7.58096
8.26906
7.56579
7.40509
7.71947
7.39619
7.32833
8.04395
7.25656
8.16762
7.79038
6.89647
7.76167
6.64612
7.68173
7.34388
8.95341
7.45919
7.38327
7.54484
8.08973
7.68066
8.37647
7.40316
7.30203
7.95535
7.42174
7.33618
7.81073
7.11813
8.1456
6.91755
7.72873
7.33831
8.06596
8.97206
8.49926
7.45443
7.75203
8.02243
7.65895
8.61151
7.12969
7.71018
7.80413
7.34134
7.35435
7.80692
7.52134
8.50475
7.36406
7.81736
7.49869
7.92528
7.33241
7.11728
6.61144
7.35277
7.0545
7.41269
7.81158
7.65752
8.3658
7.36377
7.18162
7.58299
8.37414
7.60789
7.64654
7.83002
7.7281
7.95939
8.09233
8.0817
7.53207
7.45258
8.7199
8.29157
7.42648
7.65004
8.34431
6.59621
7.90383
8.44668
8.44442
8.28151
8.24025
7.69945
8.06225
8.82729
7.62065
7.75967
7.5221
7.35116
6.88736
7.43536
8.14821
7.88144
7.72279
7.32584
8.23647
7.72448
7.86111
8.56856
7.97733
