84.9242
79.745
85.1683
83.8115
84.5817
81.1699
78.4897
81.4639
76.2939
83.3388
81.1193
84.3574
82.3893
83.958
80.8512
86.0189
85.1599
82.1912
83.9657
82.9042
81.2963
82.7655
81.0212
79.9867
81.2127
81.0065
81.7482
83.551
83.2704
81.9292
78.3702
81.4094
82.516
83.0715
81.752
82.4802
83.802
86.6168
80.581
77.2475
82.6954
83.7799
80.6683
80.7042
82.2535
83.8913
84.9147
82.0051
84.71
83.5138
83.6496
79.422
83.3103
80.9247
78.8632
84.1129
80.3716
79.4977
82.059
84.5156
78.4433
79.8635
82.3017
80.3181
80.6931
80.4879
81.0837
79.0953
84.3251
83.0207
86.4818
84.2557
84.5785
84.5196
87.3774
79.8656
76.2669
83.1404
82.1499
79.2307
79.6487
84.5872
83.8464
85.6357
79.2236
78.267
87.0295
81.6521
85.0742
79.6187
86.8915
81.2006
80.6635
81.6202
83.623
87.0743
79.3852
84.2363
78.2368
85.6547
87.2878
81.6624
84.6294
76.3317
82.5091
83.7338
83.352
83.124
84.5986
83.4628
79.9131
80.6487
81.7482
84.2172
80.8978
84.5572
80.8757
81.2286
83.7681
80.4206
82.0999
83.6422
81.469
80.3562
79.595
80.3107
80.5935
83.1417
80.6293
78.0054
84.2038
82.4738
85.3412
83.211
84.2855
82.1084
78.568
83.4323
81.2911
84.0537
82.7362
85.7163
86.4491
82.111
82.3286
79.7331
83.8272
78.4248
82.3619
83.6233
81.4597
82.6653
80.0373
89.2419
81.4767
84.0969
86.9593
81.7246
85.0186
84.0373
83.7566
84.7755
84.0585
79.7363
82.6206
84.6095
84.1543
84.161
81.8809
81.3289
82.7596
81.4914
84.8144
75.5411
79.8395
85.4794
78.7096
82.845
80.5459
83.5759
80.7072
81.2927
78.1441
81.0745
85.0801
83.8613
80.9362
82.2064
79.6277
85.4098
84.2457
83.3914
77.9187
84.8862
82.7101
82.2485
83.5243
80.9908
80.743
81.7163
79.7501
80.72
81.0031
83.9597
84.0167
79.394
80.4007
82.8605
84.7574
82.3095
82.9132
85.85
80.4909
83.4675
84.9259
80.5274
82.1997
84.1352
82.2088
78.3552
80.8308
80.8418
85.8963
79.1612
85.2421
86.1345
82.8741
81.9905
83.4531
83.7412
80.7805
80.2706
82.1977
82.7548
86.2565
85.6801
83.4877
82.1591
80.3952
79.2189
84.226
81.3934
81.4391
84.4983
81.3591
81.316
83.55
80.0204
76.934
83.072
83.0253
80.1435
82.8118
82.8253
84.3527
80.3874
82.4103
79.3883
80.4387
85.5199
80.6782
80.9628
80.739
80.2641
82.5285
79.5865
83.5639
83.1087
80.3547
87.397
83.6166
81.2306
82.9419
82.4678
84.6649
82.5974
81.4398
78.3505
81.9019
83.3798
82.0844
81.8542
85.7258
79.7252
82.9203
85.3891
83.71
86.2849
83.3269
78.7625
82.1818
79.7628
84.9478
75.8294
79.0373
80.4203
81.5409
81.3678
77.7651
81.9594
79.6716
82.9289
79.2283
81.0975
84.9275
80.6236
82.5668
84.0157
83.4621
83.1379
83.2261
83.6169
79.8029
83.6611
81.4254
80.216
81.2521
87.0027
79.8391
85.5175
82.4546
83.6159
81.5469
77.6762
82.7126
81.9805
81.5733
82.2484
80.1096
81.5366
82.5018
82.6178
81.0621
83.5469
81.0343
82.948
82.1574
80.0875
78.2848
82.1669
79.9665
82.1856
79.4913
83.9969
79.2976
79.5418
82.5272
79.3744
81.8615
80.2649
87.2268
84.0051
84.1602
77.8309
81.1866
85.5091
81.1212
81.417
85.904
77.9725
83.7054
84.2087
82.3418
82.9523
85.6575
81.4569
79.9806
79.6566
80.9484
81.7884
83.7678
79.3088
83.3087
80.2141
84.0938
80.0584
83.7107
82.136
84.0198
79.0456
82.9982
84.1448
82.8994
82.734
79.8356
84.2708
84.4666
83.3943
83.3668
83.703
79.5669
79.7832
82.617
83.9161
81.2534
87.0886
84.7067
83.5352
85.4117
83.0167
82.7344
83.3811
81.176
82.0919
82.2832
86.977
84.1477
80.2609
82.5619
81.0309
80.2531
78.6488
85.6541
82.7836
82.7433
77.6879
83.4533
80.9012
83.8286
79.1112
80.2124
80.7721
79.4508
82.039
78.9624
80.8843
79.4718
85.012
82.7577
82.5373
84.3253
85.2738
81.3945
82.9294
83.722
81.4827
80.5308
84.2443
87.6278
81.0359
80.7475
80.9833
85.7834
83.6517
84.0423
81.193
84.5866
86.8168
79.1827
81.2434
82.2112
83.8612
84.0821
83.2427
76.7853
85.054
82.2527
80.2269
85.0017
80.1282
83.0992
83.0331
81.9835
82.0434
83.3475
84.96
79.2076
83.5417
82.9907
83.9338
79.7037
83.3215
83.4822
81.473
82.0823
80.3832
78.8266
81.0041
78.4562
84.9506
82.7021
83.9978
83.8872
80.0549
82.4973
82.0175
83.4978
82.8117
82.217
85.2382
79.9971
81.5328
81.6752
82.022
87.5248
82.0981
82.7397
81.0577
77.5129
83.3762
81.6681
82.9897
84.2788
81.7761
81.3962
79.4355
84.4458
79.2123
77.5096
82.3545
78.4845
84.8257
85.5889
80.7419
80.3431
81.9709
81.8024
82.7722
78.5343
80.931
82.2174
83.825
84.568
79.0883
81.2969
82.9006
82.1613
84.3375
84.4268
84.5191
79.78
79.9905
82.5443
82.8072
81.5972
76.9153
80.7025
82.698
84.7685
86.4596
83.0349
80.4383
85.2239
82.2724
81.3396
79.2742
80.7096
83.2482
78.6978
78.6533
83.7379
78.4766
84.1748
85.9181
81.8669
84.3423
78.0487
81.9135
81.5779
83.0284
78.1011
80.8648
85.3633
80.0861
83.3259
79.465
79.5428
80.0348
83.2642
83.1762
81.0931
82.9817
84.0559
89.1571
80.7666
84.6435
83.5811
81.2879
84.3922
78.1368
82.0344
81.8764
79.8207
85.2683
79.7402
87.7917
83.904
76.8925
84.0029
82.5495
84.9072
80.0711
79.0862
79.9694
83.4496
84.2812
80.817
82.9399
84.9086
85.9624
85.2417
84.8578
85.6882
84.6419
83.4483
84.572
82.6934
81.8732
83.5555
82.0469
78.9124
82.1688
86.4354
79.0818
83.7527
83.0369
80.1829
80.8219
82.4201
80.8534
83.3301
83.087
81.2855
81.115
80.8687
79.6946
79.55
81.0738
85.979
81.327
84.44
79.9732
83.5101
79.3141
81.8715
82.741
85.7892
82.4049
84.0825
80.2397
81.7943
82.2623
88.6581
81.5126
80.0893
79.7555
82.6736
81.7347
82.2076
84.0603
82.2135
82.219
79.6379
78.7567
80.2757
88.954
84.6816
83.0663
84.6309
86.1662
83.2484
81.4277
80.2193
81.5731
79.9154
85.8434
88.9883
82.1211
86.3511
89.6814
81.1504
83.1791
79.6361
79.8246
78.1126
83.7227
84.1617
81.7822
78.8118
83.9221
83.1716
82.9903
83.3996
83.7966
86.4864
83.4331
81.9259
82.217
81.3646
77.4354
81.1212
83.9852
77.346
82.479
82.4833
82.4488
81.5931
83.0049
85.9915
85.952
79.7514
81.6516
80.841
81.7733
82.3902
84.4224
84.4211
86.3095
81.8812
79.3961
86.4816
84.1547
83.4232
81.0125
87.395
79.3735
82.9879
82.6331
80.6486
81.5684
82.5494
83.2861
81.9202
81.426
84.9614
81.9839
77.6174
83.4984
82.8046
84.0217
84.1387
79.8058
83.0152
82.5476
86.8543
80.1097
84.553
84.2931
84.0268
88.2219
85.1185
86.724
78.9731
82.2706
82.1586
81.9676
82.1303
83.2718
81.28
81.6794
81.9399
81.1113
85.949
87.0956
83.6621
81.5195
78.2103
80.5528
84.5501
79.4607
84.4804
87.7355
86.5106
83.3378
81.6322
81.8527
81.9583
81.1837
86.8153
81.4586
80.2322
82.4573
82.9817
80.1145
81.5537
80.1461
79.5404
77.934
81.6587
82.976
78.5093
85.0819
80.477
84.7923
85.3276
83.2585
82.6979
79.1803
83.5824
82.2972
82.3657
84.3264
78.7543
78.8305
81.25
81.7916
81.4968
79.9219
82.5147
84.8328
79.9431
83.359
80.9172
85.2259
82.4015
86.5344
78.2783
81.371
80.5823
84.6406
82.0522
82.3659
80.1101
82.0083
79.4899
80.9791
82.3119
81.5757
84.3483
81.5279
81.7594
85.681
82.2936
79.9099
82.3057
83.3933
79.4686
82.0323
79.8299
79.3772
83.5276
81.3145
81.8794
86.0364
83.4332
80.9047
82.1595
83.6701
85.2638
81.6492
83.7457
82.7123
78.5336
84.5253
89.0927
79.615
83.1932
81.6464
80.3004
82.3324
81.3611
75.6991
84.4231
80.8411
85.214
82.1864
82.6486
78.9232
81.1075
82.2344
82.3275
84.8887
81.5139
81.3411
85.1829
86.8448
81.3994
84.2829
82.0536
84.044
76.3095
84.4671
83.0865
82.9363
80.2544
80.5934
82.3159
81.7049
85.8541
77.7853
82.9554
84.7787
81.3859
79.8502
79.9368
80.0324
81.4299
84.2441
75.8133
81.7371
81.9478
88.1513
84.3587
79.8999
77.8465
84.5882
79.2055
85.9507
79.4643
81.3037
84.9663
82.3222
79.8219
84.1543
85.0127
79.5539
82.4681
82.4087
77.6357
81.9824
85.592
82.722
85.1306
76.8192
82.8734
86.3076
83.9146
84.557
82.2509
85.8977
81.8969
83.8497
83.151
85.0523
82.6509
80.6763
83.17
80.8639
81.2763
85.9011
78.8198
87.4765
83.3221
80.3101
79.4302
83.4082
80.8809
80.5366
84.4227
80.7162
80.6841
81.7712
83.5166
81.519
79.5276
83.4166
81.3764
82.6982
79.8606
85.9135
79.6924
83.8585
79.1756
81.4112
80.1121
84.0328
81.0565
80.9789
81.5803
85.0241
84.3761
81.0622
82.4524
82.4751
87.6564
82.0198
79.183
80.276
76.7588
83.4224
81.3291
83.6381
84.486
83.9306
78.488
84.3026
77.9866
82.9529
81.5523
85.4934
83.6436
82.0957
77.4252
83.6296
86.8085
83.8768
81.452
80.3356
82.9003
79.7711
83.5241
84.2199
84.3703
81.596
81.1736
81.9416
80.4628
80.8189
78.6238
81.7389
84.9242
79.745
85.1683
83.8115
84.5817
81.1699
78.4897
81.4639
76.2939
83.3388
81.1193
84.3574
82.3893
83.958
80.8512
86.0189
85.1599
82.1912
83.9657
82.9042
81.2963
82.7655
81.0212
79.9867
81.2127
81.0065
81.7482
83.551
83.2704
81.9292
78.3702
81.4094
82.516
83.0715
81.752
82.4802
83.802
86.6168
80.581
77.2475
82.6954
83.7799
80.6683
80.7042
82.2535
83.8913
84.9147
82.0051
84.71
83.5138
83.6496
79.422
83.3103
80.9247
78.8632
84.1129
80.3716
79.4977
82.059
84.5156
78.4433
79.8635
82.3017
80.3181
80.6931
80.4879
81.0837
79.0953
84.3251
83.0207
86.4818
84.2557
84.5785
84.5196
87.3774
79.8656
76.2669
83.1404
82.1499
79.2307
79.6487
84.5872
83.8464
85.6357
79.2236
78.267
87.0295
81.6521
85.0742
79.6187
86.8915
81.2006
80.6635
81.6202
83.623
87.0743
79.3852
84.2363
78.2368
85.6547
87.2878
81.6624
84.6294
76.3317
82.5091
83.7338
83.352
83.124
84.5986
83.4628
79.9131
80.6487
81.7482
84.2172
80.8978
84.5572
80.8757
81.2286
83.7681
80.4206
82.0999
83.6422
81.469
80.3562
79.595
80.3107
80.5935
83.1417
80.6293
78.0054
84.2038
82.4738
85.3412
83.211
84.2855
82.1084
78.568
83.4323
81.2911
84.0537
82.7362
85.7163
86.4491
82.111
82.3286
79.7331
83.8272
78.4248
82.3619
83.6233
81.4597
82.6653
80.0373
89.2419
81.4767
84.0969
86.9593
81.7246
85.0186
84.0373
83.7566
84.7755
84.0585
79.7363
82.6206
84.6095
84.1543
84.161
81.8809
81.3289
82.7596
81.4914
84.8144
75.5411
79.8395
85.4794
78.7096
82.845
80.5459
83.5759
80.7072
81.2927
78.1441
81.0745
85.0801
83.8613
80.9362
82.2064
79.6277
85.4098
84.2457
83.3914
77.9187
84.8862
82.7101
82.2485
83.5243
80.9908
80.743
81.7163
79.7501
80.72
81.0031
83.9597
84.0167
79.394
80.4007
82.8605
84.7574
82.3095
82.9132
85.85
80.4909
83.4675
84.9259
80.5274
82.1997
84.1352
82.2088
78.3552
80.8308
80.8418
85.8963
79.1612
85.2421
86.1345
82.8741
81.9905
83.4531
83.7412
80.7805
80.2706
82.1977
82.7548
86.2565
85.6801
83.4877
82.1591
80.3952
79.2189
84.226
81.3934
81.4391
84.4983
81.3591
81.316
83.55
80.0204
76.934
83.072
83.0253
80.1435
82.8118
82.8253
84.3527
80.3874
82.4103
79.3883
80.4387
85.5199
80.6782
80.9628
80.739
80.2641
82.5285
79.5865
83.5639
83.1087
80.3547
87.397
83.6166
81.2306
82.9419
82.4678
84.6649
82.5974
81.4398
78.3505
81.9019
83.3798
82.0844
81.8542
85.7258
79.7252
82.9203
85.3891
83.71
86.2849
83.3269
78.7625
82.1818
79.7628
84.9478
75.8294
79.0373
80.4203
81.5409
81.3678
77.7651
81.9594
79.6716
82.9289
79.2283
81.0975
84.9275
80.6236
82.5668
84.0157
83.4621
83.1379
83.2261
83.6169
79.8029
83.6611
81.4254
80.216
81.2521
87.0027
79.8391
85.5175
82.4546
83.6159
81.5469
77.6762
82.7126
81.9805
81.5733
82.2484
80.1096
81.5366
82.5018
82.6178
81.0621
83.5469
81.0343
82.948
82.1574
80.0875
78.2848
82.1669
79.9665
82.1856
79.4913
83.9969
79.2976
79.5418
82.5272
79.3744
81.8615
80.2649
87.2268
84.0051
84.1602
77.8309
81.1866
85.5091
81.1212
81.417
85.904
77.9725
83.7054
84.2087
82.3418
82.9523
85.6575
81.4569
79.9806
79.6566
80.9484
81.7884
83.7678
79.3088
83.3087
80.2141
84.0938
80.0584
83.7107
82.136
84.0198
79.0456
82.9982
84.1448
82.8994
82.734
79.8356
84.2708
84.4666
83.3943
83.3668
83.703
79.5669
79.7832
82.617
83.9161
81.2534
87.0886
84.7067
83.5352
85.4117
83.0167
82.7344
83.3811
81.176
82.0919
82.2832
86.977
84.1477
80.2609
82.5619
81.0309
80.2531
78.6488
85.6541
82.7836
82.7433
77.6879
83.4533
80.9012
83.8286
79.1112
80.2124
80.7721
79.4508
82.039
78.9624
80.8843
79.4718
85.012
82.7577
82.5373
84.3253
85.2738
81.3945
82.9294
83.722
81.4827
80.5308
84.2443
87.6278
81.0359
80.7475
80.9833
85.7834
83.6517
84.0423
81.193
84.5866
86.8168
79.1827
81.2434
82.2112
83.8612
84.0821
83.2427
76.7853
85.054
82.2527
80.2269
85.0017
80.1282
83.0992
83.0331
81.9835
82.0434
83.3475
84.96
79.2076
83.5417
82.9907
83.9338
79.7037
83.3215
83.4822
81.473
82.0823
80.3832
78.8266
81.0041
78.4562
84.9506
82.7021
83.9978
83.8872
80.0549
82.4973
82.0175
83.4978
82.8117
82.217
85.2382
79.9971
81.5328
81.6752
82.022
87.5248
82.0981
82.7397
81.0577
77.5129
83.3762
81.6681
82.9897
84.2788
81.7761
81.3962
79.4355
84.4458
79.2123
77.5096
82.3545
78.4845
84.8257
85.5889
80.7419
80.3431
81.9709
81.8024
82.7722
78.5343
80.931
82.2174
83.825
84.568
79.0883
81.2969
82.9006
82.1613
84.3375
84.4268
84.5191
79.78
79.9905
82.5443
82.8072
81.5972
76.9153
80.7025
82.698
84.7685
86.4596
83.0349
80.4383
85.2239
82.2724
81.3396
79.2742
80.7096
83.2482
78.6978
78.6533
83.7379
78.4766
84.1748
85.9181
81.8669
84.3423
78.0487
81.9135
81.5779
83.0284
78.1011
80.8648
85.3633
80.0861
83.3259
79.465
79.5428
80.0348
83.2642
83.1762
81.0931
82.9817
84.0559
89.1571
80.7666
84.6435
83.5811
81.2879
84.3922
78.1368
82.0344
81.8764
79.8207
85.2683
79.7402
87.7917
83.904
76.8925
84.0029
82.5495
84.9072
80.0711
79.0862
79.9694
83.4496
84.2812
80.817
82.9399
84.9086
85.9624
85.2417
84.8578
85.6882
84.6419
83.4483
84.572
82.6934
81.8732
83.5555
82.0469
78.9124
82.1688
86.4354
79.0818
83.7527
83.0369
80.1829
80.8219
82.4201
80.8534
83.3301
83.087
81.2855
81.115
80.8687
79.6946
79.55
81.0738
85.979
81.327
84.44
79.9732
83.5101
79.3141
81.8715
82.741
85.7892
82.4049
84.0825
80.2397
81.7943
82.2623
88.6581
81.5126
80.0893
79.7555
82.6736
81.7347
82.2076
84.0603
82.2135
82.219
79.6379
78.7567
80.2757
88.954
84.6816
83.0663
84.6309
86.1662
83.2484
81.4277
80.2193
81.5731
79.9154
85.8434
88.9883
82.1211
86.3511
89.6814
81.1504
83.1791
79.6361
79.8246
78.1126
83.7227
84.1617
81.7822
78.8118
83.9221
83.1716
82.9903
83.3996
83.7966
86.4864
83.4331
81.9259
82.217
81.3646
77.4354
81.1212
83.9852
77.346
82.479
82.4833
82.4488
81.5931
83.0049
85.9915
85.952
79.7514
81.6516
80.841
81.7733
82.3902
84.4224
84.4211
86.3095
81.8812
79.3961
86.4816
84.1547
83.4232
81.0125
87.395
79.3735
82.9879
82.6331
80.6486
81.5684
82.5494
83.2861
81.9202
81.426
84.9614
81.9839
77.6174
83.4984
82.8046
84.0217
84.1387
79.8058
83.0152
82.5476
86.8543
80.1097
84.553
84.2931
84.0268
88.2219
85.1185
86.724
78.9731
82.2706
82.1586
81.9676
82.1303
83.2718
81.28
81.6794
81.9399
81.1113
85.949
87.0956
83.6621
81.5195
78.2103
80.5528
84.5501
79.4607
84.4804
87.7355
86.5106
83.3378
81.6322
81.8527
81.9583
81.1837
86.8153
81.4586
80.2322
82.4573
82.9817
80.1145
81.5537
80.1461
79.5404
77.934
81.6587
82.976
78.5093
85.0819
80.477
84.7923
85.3276
83.2585
82.6979
79.1803
83.5824
82.2972
82.3657
84.3264
78.7543
78.8305
81.25
81.7916
81.4968
79.9219
82.5147
84.8328
79.9431
83.359
80.9172
85.2259
82.4015
86.5344
78.2783
81.371
80.5823
84.6406
82.0522
82.3659
80.1101
82.0083
79.4899
80.9791
82.3119
81.5757
84.3483
81.5279
81.7594
85.681
82.2936
79.9099
82.3057
83.3933
79.4686
82.0323
79.8299
79.3772
83.5276
81.3145
81.8794
86.0364
83.4332
80.9047
82.1595
83.6701
85.2638
81.6492
83.7457
82.7123
78.5336
84.5253
89.0927
79.615
83.1932
81.6464
80.3004
82.3324
81.3611
75.6991
84.4231
80.8411
85.214
82.1864
82.6486
78.9232
81.1075
82.2344
82.3275
84.8887
81.5139
81.3411
85.1829
86.8448
81.3994
84.2829
82.0536
84.044
76.3095
84.4671
83.0865
82.9363
80.2544
80.5934
82.3159
81.7049
85.8541
77.7853
82.9554
84.7787
81.3859
79.8502
79.9368
80.0324
81.4299
84.2441
75.8133
81.7371
81.9478
88.1513
84.3587
79.8999
77.8465
84.5882
79.2055
85.9507
79.4643
81.3037
84.9663
82.3222
79.8219
84.1543
85.0127
79.5539
82.4681
82.4087
77.6357
81.9824
85.592
82.722
85.1306
76.8192
82.8734
86.3076
83.9146
84.557
82.2509
85.8977
81.8969
83.8497
83.151
85.0523
82.6509
80.6763
83.17
80.8639
81.2763
85.9011
78.8198
87.4765
83.3221
80.3101
79.4302
83.4082
80.8809
80.5366
84.4227
80.7162
80.6841
81.7712
83.5166
81.519
79.5276
83.4166
81.3764
82.6982
79.8606
85.9135
79.6924
83.8585
79.1756
81.4112
80.1121
84.0328
81.0565
80.9789
81.5803
85.0241
84.3761
81.0622
82.4524
82.4751
87.6564
82.0198
79.183
80.276
76.7588
83.4224
81.3291
83.6381
84.486
83.9306
78.488
84.3026
77.9866
82.9529
81.5523
85.4934
83.6436
82.0957
77.4252
83.6296
86.8085
83.8768
81.452
80.3356
82.9003
79.7711
83.5241
84.2199
84.3703
81.596
81.1736
81.9416
80.4628
80.8189
78.6238
81.7389
