5.46828
5.11154
6.64971
5.5358
5.76822
5.45694
5.24269
5.40518
6.34014
5.78387
5.57132
5.90207
5.16865
5.99886
5.97095
5.25252
5.52768
5.00069
5.36517
5.74881
5.79012
5.01786
4.69934
5.85509
5.33539
5.51407
5.26277
5.88103
5.74198
5.89792
5.6896
5.26112
5.57364
5.65562
5.67795
5.40749
5.44397
5.61492
5.26513
6.23948
5.54035
5.65493
5.29182
6.47176
6.3816
5.4968
5.53684
5.85642
5.28875
5.14366
5.82346
6.57744
5.47468
6.0074
5.67661
6.13506
5.89666
5.31312
6.20876
5.73203
5.88264
5.62575
6.24345
6.00859
5.1586
6.29674
5.72981
5.30192
6.14345
5.70885
5.48406
5.35928
5.36729
5.87751
5.68688
6.43921
6.58477
5.56822
5.12979
5.92061
5.60875
6.33898
4.96746
6.39526
6.29466
5.70151
5.94774
5.09008
5.59138
5.93821
5.5946
5.75069
6.05909
5.36525
4.91929
5.40418
6.05187
5.16309
6.25144
5.30896
5.8853
5.97428
5.95741
5.31341
5.83237
5.54565
5.65875
5.74386
6.24786
5.79524
6.22866
5.90106
5.5945
5.62204
5.98727
5.42692
5.75903
6.16406
5.82765
5.70372
5.29228
5.51092
6.12412
5.43582
5.96616
5.7406
5.46295
5.35224
6.3729
5.75277
5.75944
5.99141
6.09175
6.15899
4.8651
5.67791
5.6255
5.60864
6.16713
4.85779
6.20986
5.79705
5.40424
5.80976
5.6798
5.55319
5.86225
5.8205
5.99052
5.9262
6.12
5.49876
5.24371
5.41792
5.14451
5.27407
6.55048
5.89219
5.58231
5.64262
5.67784
5.76649
5.88377
5.57694
6.5127
5.38738
5.7249
5.34922
6.14443
5.71134
5.58331
5.47104
5.08568
6.17778
6.02202
6.02063
5.38853
5.55914
5.83062
5.61031
5.64618
5.42411
5.63501
5.60065
5.86435
5.52114
6.10859
5.85775
4.91607
6.05453
6.28574
5.57443
5.51412
5.66098
5.7668
5.81102
5.35975
5.93414
6.27187
6.14879
5.98511
5.50454
6.08455
5.15471
5.36022
5.47127
5.67882
5.40752
5.43515
6.24691
5.8755
5.90379
5.90277
5.89622
6.03413
5.09661
5.9107
5.18237
5.31435
5.43845
5.50631
6.19373
6.21078
5.2976
5.71396
5.26292
5.5916
5.94879
5.53674
5.86819
6.46196
5.80547
6.00634
5.31159
5.47813
5.59119
5.61361
5.03907
5.8543
5.61238
5.16142
5.47214
5.99619
5.44383
6.10979
6.09557
5.94297
5.76821
5.94682
5.75808
5.7941
5.55382
5.3374
5.83811
5.4655
6.14585
6.24024
5.89918
6.30124
6.19085
5.1505
6.17602
5.82248
5.08077
5.67888
5.71692
5.65909
5.27723
6.07832
5.58002
5.93913
5.99198
6.20897
6.76117
6.0217
5.58871
5.62535
5.18187
5.56884
6.03086
5.77063
5.8868
6.69442
6.42998
5.15752
6.39912
6.29727
5.59678
5.74648
5.98883
5.60925
5.98631
6.09318
6.21575
6.07645
6.15098
5.48175
5.41082
5.33913
5.50722
5.37166
5.4562
5.84441
5.78087
4.99093
5.13555
5.7964
5.60833
5.70906
5.06456
5.25978
6.02827
5.67418
5.90074
5.85026
6.17641
5.3724
6.0403
6.03165
5.41894
5.36661
5.769
5.81451
5.30334
5.95037
5.79186
6.00933
6.07091
5.53172
6.49406
5.69516
5.67493
5.7149
5.89045
5.95182
5.35659
5.75832
5.19659
5.91914
5.75613
5.35588
5.65174
6.0761
5.76727
5.99008
5.44091
5.60788
6.02651
6.2572
5.58052
6.21059
6.2041
5.8233
5.31898
5.31301
5.29196
6.29567
6.51276
6.25134
5.73441
5.63485
5.5169
6.26863
6.00543
5.76284
5.77665
5.94805
5.75585
6.02018
5.50659
5.60713
5.02917
5.27877
5.65057
6.19248
5.72178
5.61772
6.0778
5.80983
5.70962
5.97399
6.07343
5.76122
5.40007
5.74476
5.64313
6.08071
6.01746
6.73286
5.32207
5.76026
5.92922
5.53978
4.86304
5.25207
5.84991
6.09418
6.25614
5.42668
5.38006
6.23188
5.72917
5.89636
5.82643
6.91919
5.6329
5.51796
5.75948
5.51728
5.77218
5.47505
5.22203
5.62351
6.07163
5.88136
5.67142
5.91116
5.8379
5.08634
6.13172
5.38684
5.76275
5.89286
5.79812
5.85327
5.43191
6.05597
6.19238
6.03998
5.64961
5.52724
5.63236
5.31597
5.42897
6.0242
5.47328
6.022
5.62359
6.30447
5.96983
5.5133
6.14783
5.81075
5.85252
5.13418
5.76859
5.88445
5.85
5.57323
5.24963
5.78177
4.80741
5.43604
6.14745
5.65321
5.72286
4.97895
5.39268
5.62021
5.67067
6.13668
5.52731
6.00713
6.00853
6.08372
5.45143
5.22762
5.47048
6.38812
5.95221
6.41745
5.10669
5.86664
5.39944
5.94031
6.21444
5.60336
5.38283
5.22238
5.15916
5.75135
5.7079
6.27007
6.11422
5.92892
5.85958
6.16764
6.15777
5.41829
5.95172
5.10178
6.30434
6.32151
5.98816
5.98021
5.87502
6.11667
6.48186
5.65766
5.76284
5.46828
5.11154
6.64971
5.5358
5.76822
5.45694
5.24269
5.40518
6.34014
5.78387
5.57132
5.90207
5.16865
5.99886
5.97095
5.25252
5.52768
5.00069
5.36517
5.74881
5.79012
5.01786
4.69934
5.85509
5.33539
5.51407
5.26277
5.88103
5.74198
5.89792
5.6896
5.26112
5.57364
5.65562
5.67795
5.40749
5.44397
5.61492
5.26513
6.23948
5.54035
5.65493
5.29182
6.47176
6.3816
5.4968
5.53684
5.85642
5.28875
5.14366
5.82346
6.57744
5.47468
6.0074
5.67661
6.13506
5.89666
5.31312
6.20876
5.73203
5.88264
5.62575
6.24345
6.00859
5.1586
6.29674
5.72981
5.30192
6.14345
5.70885
5.48406
5.35928
5.36729
5.87751
5.68688
6.43921
6.58477
5.56822
5.12979
5.92061
5.60875
6.33898
4.96746
6.39526
6.29466
5.70151
5.94774
5.09008
5.59138
5.93821
5.5946
5.75069
6.05909
5.36525
4.91929
5.40418
6.05187
5.16309
6.25144
5.30896
5.8853
5.97428
5.95741
5.31341
5.83237
5.54565
5.65875
5.74386
6.24786
5.79524
6.22866
5.90106
5.5945
5.62204
5.98727
5.42692
5.75903
6.16406
5.82765
5.70372
5.29228
5.51092
6.12412
5.43582
5.96616
5.7406
5.46295
5.35224
6.3729
5.75277
5.75944
5.99141
6.09175
6.15899
4.8651
5.67791
5.6255
5.60864
6.16713
4.85779
6.20986
5.79705
5.40424
5.80976
5.6798
5.55319
5.86225
5.8205
5.99052
5.9262
6.12
5.49876
5.24371
5.41792
5.14451
5.27407
6.55048
5.89219
5.58231
5.64262
5.67784
5.76649
5.88377
5.57694
6.5127
5.38738
5.7249
5.34922
6.14443
5.71134
5.58331
5.47104
5.08568
6.17778
6.02202
6.02063
5.38853
5.55914
5.83062
5.61031
5.64618
5.42411
5.63501
5.60065
5.86435
5.52114
6.10859
5.85775
4.91607
6.05453
6.28574
5.57443
5.51412
5.66098
5.7668
5.81102
5.35975
5.93414
6.27187
6.14879
5.98511
5.50454
6.08455
5.15471
5.36022
5.47127
5.67882
5.40752
5.43515
6.24691
5.8755
5.90379
5.90277
5.89622
6.03413
5.09661
5.9107
5.18237
5.31435
5.43845
5.50631
6.19373
6.21078
5.2976
5.71396
5.26292
5.5916
5.94879
5.53674
5.86819
6.46196
5.80547
6.00634
5.31159
5.47813
5.59119
5.61361
5.03907
5.8543
5.61238
5.16142
5.47214
5.99619
5.44383
6.10979
6.09557
5.94297
5.76821
5.94682
5.75808
5.7941
5.55382
5.3374
5.83811
5.4655
6.14585
6.24024
5.89918
6.30124
6.19085
5.1505
6.17602
5.82248
5.08077
5.67888
5.71692
5.65909
5.27723
6.07832
5.58002
5.93913
5.99198
6.20897
6.76117
6.0217
5.58871
5.62535
5.18187
5.56884
6.03086
5.77063
5.8868
6.69442
6.42998
5.15752
6.39912
6.29727
5.59678
5.74648
5.98883
5.60925
5.98631
6.09318
6.21575
6.07645
6.15098
5.48175
5.41082
5.33913
5.50722
5.37166
5.4562
5.84441
5.78087
4.99093
5.13555
5.7964
5.60833
5.70906
5.06456
5.25978
6.02827
5.67418
5.90074
5.85026
6.17641
5.3724
6.0403
6.03165
5.41894
5.36661
5.769
5.81451
5.30334
5.95037
5.79186
6.00933
6.07091
5.53172
6.49406
5.69516
5.67493
5.7149
5.89045
5.95182
5.35659
5.75832
5.19659
5.91914
5.75613
5.35588
5.65174
6.0761
5.76727
5.99008
5.44091
5.60788
6.02651
6.2572
5.58052
6.21059
6.2041
5.8233
5.31898
5.31301
5.29196
6.29567
6.51276
6.25134
5.73441
5.63485
5.5169
6.26863
6.00543
5.76284
5.77665
5.94805
5.75585
6.02018
5.50659
5.60713
5.02917
5.27877
5.65057
6.19248
5.72178
5.61772
6.0778
5.80983
5.70962
5.97399
6.07343
5.76122
5.40007
5.74476
5.64313
6.08071
6.01746
6.73286
5.32207
5.76026
5.92922
5.53978
4.86304
5.25207
5.84991
6.09418
6.25614
5.42668
5.38006
6.23188
5.72917
5.89636
5.82643
6.91919
5.6329
5.51796
5.75948
5.51728
5.77218
5.47505
5.22203
5.62351
6.07163
5.88136
5.67142
5.91116
5.8379
5.08634
6.13172
5.38684
5.76275
5.89286
5.79812
5.85327
5.43191
6.05597
6.19238
6.03998
5.64961
5.52724
5.63236
5.31597
5.42897
6.0242
5.47328
6.022
5.62359
6.30447
5.96983
5.5133
6.14783
5.81075
5.85252
5.13418
5.76859
5.88445
5.85
5.57323
5.24963
5.78177
4.80741
5.43604
6.14745
5.65321
5.72286
4.97895
5.39268
5.62021
5.67067
6.13668
5.52731
6.00713
6.00853
6.08372
5.45143
5.22762
5.47048
6.38812
5.95221
6.41745
5.10669
5.86664
5.39944
5.94031
6.21444
5.60336
5.38283
5.22238
5.15916
5.75135
5.7079
6.27007
6.11422
5.92892
5.85958
6.16764
6.15777
5.41829
5.95172
5.10178
6.30434
6.32151
5.98816
5.98021
5.87502
6.11667
6.48186
5.65766
5.76284
