1.60656
1.25489
1.35353
1.43366
1.3242
1.00257
1.34991
1.27151
1.19221
1.4539
1.35038
1.12762
1.37471
1.37612
1.464
1.29166
1.37579
1.42032
1.40928
1.1199
1.32928
1.07764
1.09726
1.2976
1.30167
1.28127
1.35811
1.02286
1.22614
1.1169
1.23297
1.19395
1.49636
1.16115
1.48192
1.12882
1.26261
1.34103
1.46526
1.31108
1.29284
1.19727
1.30718
1.19958
1.23169
1.36175
1.3343
1.2219
1.35499
1.33177
1.25287
0.934391
0.96758
1.27837
1.09712
1.3471
1.416
1.29511
1.20803
1.2585
1.30811
1.55912
1.16106
1.35518
1.48652
1.15316
1.26624
1.39474
1.33199
1.21972
1.40334
1.193
1.41906
1.12801
1.30569
1.32011
1.22393
1.4653
1.40679
1.36538
1.09612
1.35655
1.33996
1.37429
1.20209
1.18971
1.28344
1.24111
1.39889
1.341
1.30316
1.15072
1.28506
1.24324
1.43733
1.35735
1.2149
1.27293
1.49267
1.26204
1.29285
1.31536
1.29708
1.25154
1.50358
1.29933
1.19317
1.31527
1.42486
1.31964
1.39505
1.15753
1.39149
1.22591
1.39823
1.15046
1.45033
1.23524
1.32818
1.42217
1.2363
1.34552
1.1608
1.24021
1.18465
1.22135
1.26337
1.31055
1.28065
1.15494
1.22726
1.32547
1.46958
1.10084
1.07427
1.47089
1.29715
1.13409
1.37779
1.42685
1.37662
1.17472
1.18665
1.28923
1.24889
1.31031
1.25317
1.20627
1.27519
1.31078
1.46475
1.15856
1.5168
1.39594
1.42254
1.04979
1.20236
1.23987
1.14059
1.23201
1.30219
1.00474
1.37689
1.20962
1.19736
1.46011
1.21382
1.25696
1.44553
1.30223
1.25731
1.4328
1.49353
1.11602
1.07334
1.17475
1.15396
1.15821
1.26798
1.323
1.39565
1.34206
1.22494
1.19539
1.36882
1.24153
1.39382
1.24974
1.14667
1.14109
1.2436
1.36863
1.33235
1.20118
1.38401
1.09137
1.3853
1.13089
1.12912
1.29116
1.39764
1.30316
1.30721
1.31167
1.24673
1.39104
1.41859
1.44405
1.26124
1.53005
1.32033
1.28335
1.26428
1.2995
1.26347
1.30948
1.10705
1.076
1.43004
1.16964
1.10994
1.1706
1.16833
1.09036
1.29254
1.29827
1.28919
1.2765
1.38456
1.02155
1.15227
1.13335
1.31376
1.34294
1.30094
1.26974
1.24444
1.23196
1.0903
1.26227
1.18523
1.17973
1.20465
1.23189
1.28731
1.2941
1.3395
1.18861
1.10935
1.29285
1.35708
1.47043
1.40676
1.08009
1.2661
1.47495
1.25425
1.27885
1.03143
1.27356
1.09624
1.17877
1.39301
1.44319
1.17813
1.34555
1.40908
1.33801
1.19666
1.23921
1.19738
1.29033
1.17378
1.40555
1.3746
1.30482
1.20261
1.36495
1.102
1.39799
1.34548
1.36596
1.35991
1.51504
1.33816
1.24648
1.45977
1.10053
1.13211
1.14505
1.15997
1.1042
1.08942
1.22339
1.26397
1.25436
1.3724
1.32568
1.34866
1.13132
1.37934
1.10755
1.41691
1.23417
1.46454
1.60771
1.15172
1.4166
1.34044
1.24747
1.18536
1.32858
1.21339
1.34054
1.14999
1.41708
1.28275
1.21249
1.15708
1.2331
1.31854
1.11936
1.26562
1.13874
1.29271
1.42785
1.20126
1.17125
1.32343
1.26347
1.3744
1.13988
1.22967
1.4252
1.13103
1.29858
1.36354
1.24963
1.48637
1.37532
1.34457
1.21004
1.11638
1.21334
1.24491
1.14157
1.21014
1.31879
1.44027
1.26756
1.48834
1.34166
1.36629
1.21236
1.28178
1.25395
1.47921
1.13669
1.21902
1.21268
1.28152
1.30874
1.16638
1.3742
1.32055
1.40727
1.36061
1.11793
1.58679
1.3402
1.22002
1.28044
1.31703
1.38529
1.37274
1.3153
1.17568
1.4637
1.39238
1.35227
1.36238
1.17711
1.12869
1.23687
1.31885
1.21376
1.25304
1.14307
1.22401
1.36146
1.13356
1.25069
1.27278
1.39233
1.11787
1.07324
1.17176
1.3296
1.2394
1.49645
1.34758
1.27883
1.20842
1.06102
1.14859
1.10623
1.51195
1.13059
1.37036
1.33283
1.51719
1.22696
1.08753
1.21372
1.29723
1.10521
1.28582
1.34968
1.37847
1.2234
1.39464
1.37329
1.11238
1.2183
1.32047
1.08887
1.23993
1.2025
1.32964
1.2648
1.28649
1.27837
1.42595
1.31463
1.45206
1.3078
1.18939
1.5138
1.23841
1.28923
1.34326
1.34024
1.2386
1.31502
1.12144
1.18722
1.03148
1.28218
1.29648
1.49387
1.30895
1.27822
1.13004
1.45659
1.23076
1.1243
1.26545
1.35551
1.24895
1.41469
1.40188
1.18127
1.08403
1.22144
1.15199
1.56639
1.19348
1.32672
1.22064
1.38371
1.1983
1.21166
1.44078
1.42381
1.275
1.48002
1.52496
1.49159
1.47563
1.08636
1.36538
1.18198
1.41858
1.31478
1.27945
1.44519
1.32817
1.12296
1.47001
1.11557
1.45892
1.48765
1.19886
1.18592
1.38165
1.31159
1.25704
1.1524
1.3986
1.18922
1.22417
1.4614
1.24621
1.1516
1.24127
1.31803
1.27409
1.23893
1.33213
1.11357
1.14354
1.19838
1.40877
1.4023
1.27687
1.40712
1.23953
1.29434
1.21554
1.44269
1.28117
1.32098
1.38118
1.13122
1.3211
1.11989
1.40279
1.05809
1.33338
1.22858
1.39452
1.30915
1.36475
1.33042
1.11586
1.10925
1.4996
1.26877
1.10635
1.37485
1.38688
1.21436
1.2778
1.0365
1.12014
1.08268
1.25431
1.48964
1.19829
1.16929
1.24071
1.42109
1.27204
1.3054
1.24361
1.08862
1.44505
1.51655
1.60053
1.50854
1.27849
1.62998
1.31346
1.34359
1.16225
1.43086
1.05645
1.32465
1.20539
1.66848
1.21235
1.3334
1.15854
1.54853
1.28352
1.25413
1.23266
1.31454
1.18812
1.55767
1.34029
1.42066
1.21761
1.37642
1.47162
1.21527
1.20368
1.20677
1.28332
1.11279
1.43146
1.10311
1.16445
1.57289
1.08569
1.57492
1.37515
1.19699
1.25656
1.49054
1.31954
1.2501
1.18664
1.22791
1.56101
1.10165
1.48435
1.2585
1.20644
1.34127
1.34025
1.21407
1.31687
1.38174
1.28009
1.21537
1.23441
1.06912
1.22711
1.21551
1.3591
1.29624
1.33265
1.31511
1.28344
1.42982
1.24145
1.1713
1.16949
1.25353
1.18654
1.5362
1.25065
0.9992
1.2752
1.29269
1.19819
1.22481
1.32117
1.15058
1.29737
1.26759
1.10984
1.24749
1.46164
1.16691
1.22683
1.36906
1.27341
1.17194
1.30915
1.19833
1.07033
1.40777
1.24857
1.42892
1.32664
1.10286
1.05084
1.22482
1.30419
1.43459
1.22592
1.20257
1.36922
1.31287
1.32387
1.23671
1.05906
1.37189
1.31629
1.22799
1.04501
1.28059
1.35829
1.22807
1.29049
1.28227
1.4136
1.40501
1.30669
1.34524
1.19746
1.19796
1.37653
1.15811
1.18971
1.50275
1.347
1.33905
1.36123
1.21005
1.27267
1.33024
1.20737
1.16381
1.21721
1.66088
1.40148
1.06331
1.49913
1.13309
1.28622
1.07097
1.31118
1.49626
1.22187
1.22578
1.46609
1.21435
1.19902
1.35759
1.28132
1.58103
1.38441
1.34149
1.29901
1.27047
1.20694
1.20793
1.34793
1.2916
1.30711
1.23435
1.30201
1.20723
1.25143
1.20862
1.2048
1.40478
1.21239
1.10685
1.21429
1.30239
1.03529
1.45468
1.42662
1.32258
1.39811
1.17277
1.16292
1.23327
1.24803
1.14784
1.15917
1.23008
1.08964
1.2293
1.11737
1.17829
1.19513
1.47181
1.17297
1.34331
1.2457
1.38329
1.45823
1.12424
1.41692
1.26734
1.41639
1.30127
1.30071
1.33297
1.35463
1.20857
1.21175
1.32252
1.3419
1.12118
1.3502
1.08919
1.4093
1.39461
1.22368
1.1608
1.08327
1.24208
1.3761
1.39198
1.39778
1.33167
1.15403
1.12144
1.31125
1.37596
1.21274
1.19124
1.44138
1.41387
1.12629
1.21202
1.31775
0.974181
1.44617
1.29949
1.58393
1.47594
1.26386
1.34681
1.18595
1.294
1.13425
1.19786
1.43508
1.1827
1.22677
1.21198
1.31569
1.12639
1.47495
1.80829
1.2204
1.35451
1.1655
1.40664
1.18428
1.14509
1.44225
1.22669
1.16125
1.21129
1.22277
1.21046
1.30213
1.43516
1.49092
1.34436
1.01499
1.30957
1.24592
1.3193
1.35079
1.38368
1.28715
1.07555
1.36497
1.14873
1.33298
1.41549
1.18383
1.18872
1.22565
1.24211
1.22509
1.25514
1.18872
1.32371
1.21499
1.47724
1.49966
1.10468
1.39186
1.19397
1.33607
1.35524
1.51445
1.54647
1.442
1.28992
1.19003
1.24185
1.02319
1.40827
1.16965
1.18133
1.14639
1.31918
1.21153
1.10312
1.25566
1.21177
1.36296
1.1188
1.08563
1.17653
1.22234
1.37997
1.17492
1.53854
1.31454
1.32187
1.29175
1.26594
1.66291
1.17548
1.1239
1.16408
1.16964
1.31396
1.12585
1.04643
1.20638
1.32914
1.35696
0.982139
1.13222
1.13697
1.32598
1.2048
1.40241
1.55012
1.29816
1.36016
1.26651
1.35239
1.44149
1.37712
1.23365
1.57993
1.15468
1.4322
1.24785
1.23415
1.29435
1.13379
1.08594
1.24868
1.1727
1.25919
1.51938
1.37892
1.04244
1.28801
1.23683
1.38688
1.29864
1.1221
1.46987
1.30498
1.17684
1.35231
1.01404
1.52385
1.45826
1.31218
1.32071
1.07157
1.59392
1.24095
1.2813
1.30829
1.3858
1.48205
1.30985
1.14009
1.25581
1.2964
1.43553
1.45863
0.915804
1.44639
1.49296
1.37144
1.36661
1.49077
1.4012
1.24586
1.17213
1.28325
1.38235
1.22337
1.11681
1.53707
1.36187
1.27554
1.11482
1.44064
1.45442
1.30157
1.40122
1.29169
1.2671
1.33005
1.37526
1.23746
1.44774
1.38197
1.29623
1.4673
1.19207
1.27939
1.14696
1.21104
1.50652
1.1399
1.44589
1.454
1.08231
1.38637
0.993145
1.37974
1.1087
1.15694
1.36696
1.23134
1.26689
1.45039
1.2604
1.27633
1.60656
1.25489
1.35353
1.43366
1.3242
1.00257
1.34991
1.27151
1.19221
1.4539
1.35038
1.12762
1.37471
1.37612
1.464
1.29166
1.37579
1.42032
1.40928
1.1199
1.32928
1.07764
1.09726
1.2976
1.30167
1.28127
1.35811
1.02286
1.22614
1.1169
1.23297
1.19395
1.49636
1.16115
1.48192
1.12882
1.26261
1.34103
1.46526
1.31108
1.29284
1.19727
1.30718
1.19958
1.23169
1.36175
1.3343
1.2219
1.35499
1.33177
1.25287
0.934391
0.96758
1.27837
1.09712
1.3471
1.416
1.29511
1.20803
1.2585
1.30811
1.55912
1.16106
1.35518
1.48652
1.15316
1.26624
1.39474
1.33199
1.21972
1.40334
1.193
1.41906
1.12801
1.30569
1.32011
1.22393
1.4653
1.40679
1.36538
1.09612
1.35655
1.33996
1.37429
1.20209
1.18971
1.28344
1.24111
1.39889
1.341
1.30316
1.15072
1.28506
1.24324
1.43733
1.35735
1.2149
1.27293
1.49267
1.26204
1.29285
1.31536
1.29708
1.25154
1.50358
1.29933
1.19317
1.31527
1.42486
1.31964
1.39505
1.15753
1.39149
1.22591
1.39823
1.15046
1.45033
1.23524
1.32818
1.42217
1.2363
1.34552
1.1608
1.24021
1.18465
1.22135
1.26337
1.31055
1.28065
1.15494
1.22726
1.32547
1.46958
1.10084
1.07427
1.47089
1.29715
1.13409
1.37779
1.42685
1.37662
1.17472
1.18665
1.28923
1.24889
1.31031
1.25317
1.20627
1.27519
1.31078
1.46475
1.15856
1.5168
1.39594
1.42254
1.04979
1.20236
1.23987
1.14059
1.23201
1.30219
1.00474
1.37689
1.20962
1.19736
1.46011
1.21382
1.25696
1.44553
1.30223
1.25731
1.4328
1.49353
1.11602
1.07334
1.17475
1.15396
1.15821
1.26798
1.323
1.39565
1.34206
1.22494
1.19539
1.36882
1.24153
1.39382
1.24974
1.14667
1.14109
1.2436
1.36863
1.33235
1.20118
1.38401
1.09137
1.3853
1.13089
1.12912
1.29116
1.39764
1.30316
1.30721
1.31167
1.24673
1.39104
1.41859
1.44405
1.26124
1.53005
1.32033
1.28335
1.26428
1.2995
1.26347
1.30948
1.10705
1.076
1.43004
1.16964
1.10994
1.1706
1.16833
1.09036
1.29254
1.29827
1.28919
1.2765
1.38456
1.02155
1.15227
1.13335
1.31376
1.34294
1.30094
1.26974
1.24444
1.23196
1.0903
1.26227
1.18523
1.17973
1.20465
1.23189
1.28731
1.2941
1.3395
1.18861
1.10935
1.29285
1.35708
1.47043
1.40676
1.08009
1.2661
1.47495
1.25425
1.27885
1.03143
1.27356
1.09624
1.17877
1.39301
1.44319
1.17813
1.34555
1.40908
1.33801
1.19666
1.23921
1.19738
1.29033
1.17378
1.40555
1.3746
1.30482
1.20261
1.36495
1.102
1.39799
1.34548
1.36596
1.35991
1.51504
1.33816
1.24648
1.45977
1.10053
1.13211
1.14505
1.15997
1.1042
1.08942
1.22339
1.26397
1.25436
1.3724
1.32568
1.34866
1.13132
1.37934
1.10755
1.41691
1.23417
1.46454
1.60771
1.15172
1.4166
1.34044
1.24747
1.18536
1.32858
1.21339
1.34054
1.14999
1.41708
1.28275
1.21249
1.15708
1.2331
1.31854
1.11936
1.26562
1.13874
1.29271
1.42785
1.20126
1.17125
1.32343
1.26347
1.3744
1.13988
1.22967
1.4252
1.13103
1.29858
1.36354
1.24963
1.48637
1.37532
1.34457
1.21004
1.11638
1.21334
1.24491
1.14157
1.21014
1.31879
1.44027
1.26756
1.48834
1.34166
1.36629
1.21236
1.28178
1.25395
1.47921
1.13669
1.21902
1.21268
1.28152
1.30874
1.16638
1.3742
1.32055
1.40727
1.36061
1.11793
1.58679
1.3402
1.22002
1.28044
1.31703
1.38529
1.37274
1.3153
1.17568
1.4637
1.39238
1.35227
1.36238
1.17711
1.12869
1.23687
1.31885
1.21376
1.25304
1.14307
1.22401
1.36146
1.13356
1.25069
1.27278
1.39233
1.11787
1.07324
1.17176
1.3296
1.2394
1.49645
1.34758
1.27883
1.20842
1.06102
1.14859
1.10623
1.51195
1.13059
1.37036
1.33283
1.51719
1.22696
1.08753
1.21372
1.29723
1.10521
1.28582
1.34968
1.37847
1.2234
1.39464
1.37329
1.11238
1.2183
1.32047
1.08887
1.23993
1.2025
1.32964
1.2648
1.28649
1.27837
1.42595
1.31463
1.45206
1.3078
1.18939
1.5138
1.23841
1.28923
1.34326
1.34024
1.2386
1.31502
1.12144
1.18722
1.03148
1.28218
1.29648
1.49387
1.30895
1.27822
1.13004
1.45659
1.23076
1.1243
1.26545
1.35551
1.24895
1.41469
1.40188
1.18127
1.08403
1.22144
1.15199
1.56639
1.19348
1.32672
1.22064
1.38371
1.1983
1.21166
1.44078
1.42381
1.275
1.48002
1.52496
1.49159
1.47563
1.08636
1.36538
1.18198
1.41858
1.31478
1.27945
1.44519
1.32817
1.12296
1.47001
1.11557
1.45892
1.48765
1.19886
1.18592
1.38165
1.31159
1.25704
1.1524
1.3986
1.18922
1.22417
1.4614
1.24621
1.1516
1.24127
1.31803
1.27409
1.23893
1.33213
1.11357
1.14354
1.19838
1.40877
1.4023
1.27687
1.40712
1.23953
1.29434
1.21554
1.44269
1.28117
1.32098
1.38118
1.13122
1.3211
1.11989
1.40279
1.05809
1.33338
1.22858
1.39452
1.30915
1.36475
1.33042
1.11586
1.10925
1.4996
1.26877
1.10635
1.37485
1.38688
1.21436
1.2778
1.0365
1.12014
1.08268
1.25431
1.48964
1.19829
1.16929
1.24071
1.42109
1.27204
1.3054
1.24361
1.08862
1.44505
1.51655
1.60053
1.50854
1.27849
1.62998
1.31346
1.34359
1.16225
1.43086
1.05645
1.32465
1.20539
1.66848
1.21235
1.3334
1.15854
1.54853
1.28352
1.25413
1.23266
1.31454
1.18812
1.55767
1.34029
1.42066
1.21761
1.37642
1.47162
1.21527
1.20368
1.20677
1.28332
1.11279
1.43146
1.10311
1.16445
1.57289
1.08569
1.57492
1.37515
1.19699
1.25656
1.49054
1.31954
1.2501
1.18664
1.22791
1.56101
1.10165
1.48435
1.2585
1.20644
1.34127
1.34025
1.21407
1.31687
1.38174
1.28009
1.21537
1.23441
1.06912
1.22711
1.21551
1.3591
1.29624
1.33265
1.31511
1.28344
1.42982
1.24145
1.1713
1.16949
1.25353
1.18654
1.5362
1.25065
0.9992
1.2752
1.29269
1.19819
1.22481
1.32117
1.15058
1.29737
1.26759
1.10984
1.24749
1.46164
1.16691
1.22683
1.36906
1.27341
1.17194
1.30915
1.19833
1.07033
1.40777
1.24857
1.42892
1.32664
1.10286
1.05084
1.22482
1.30419
1.43459
1.22592
1.20257
1.36922
1.31287
1.32387
1.23671
1.05906
1.37189
1.31629
1.22799
1.04501
1.28059
1.35829
1.22807
1.29049
1.28227
1.4136
1.40501
1.30669
1.34524
1.19746
1.19796
1.37653
1.15811
1.18971
1.50275
1.347
1.33905
1.36123
1.21005
1.27267
1.33024
1.20737
1.16381
1.21721
1.66088
1.40148
1.06331
1.49913
1.13309
1.28622
1.07097
1.31118
1.49626
1.22187
1.22578
1.46609
1.21435
1.19902
1.35759
1.28132
1.58103
1.38441
1.34149
1.29901
1.27047
1.20694
1.20793
1.34793
1.2916
1.30711
1.23435
1.30201
1.20723
1.25143
1.20862
1.2048
1.40478
1.21239
1.10685
1.21429
1.30239
1.03529
1.45468
1.42662
1.32258
1.39811
1.17277
1.16292
1.23327
1.24803
1.14784
1.15917
1.23008
1.08964
1.2293
1.11737
1.17829
1.19513
1.47181
1.17297
1.34331
1.2457
1.38329
1.45823
1.12424
1.41692
1.26734
1.41639
1.30127
1.30071
1.33297
1.35463
1.20857
1.21175
1.32252
1.3419
1.12118
1.3502
1.08919
1.4093
1.39461
1.22368
1.1608
1.08327
1.24208
1.3761
1.39198
1.39778
1.33167
1.15403
1.12144
1.31125
1.37596
1.21274
1.19124
1.44138
1.41387
1.12629
1.21202
1.31775
0.974181
1.44617
1.29949
1.58393
1.47594
1.26386
1.34681
1.18595
1.294
1.13425
1.19786
1.43508
1.1827
1.22677
1.21198
1.31569
1.12639
1.47495
1.80829
1.2204
1.35451
1.1655
1.40664
1.18428
1.14509
1.44225
1.22669
1.16125
1.21129
1.22277
1.21046
1.30213
1.43516
1.49092
1.34436
1.01499
1.30957
1.24592
1.3193
1.35079
1.38368
1.28715
1.07555
1.36497
1.14873
1.33298
1.41549
1.18383
1.18872
1.22565
1.24211
1.22509
1.25514
1.18872
1.32371
1.21499
1.47724
1.49966
1.10468
1.39186
1.19397
1.33607
1.35524
1.51445
1.54647
1.442
1.28992
1.19003
1.24185
1.02319
1.40827
1.16965
1.18133
1.14639
1.31918
1.21153
1.10312
1.25566
1.21177
1.36296
1.1188
1.08563
1.17653
1.22234
1.37997
1.17492
1.53854
1.31454
1.32187
1.29175
1.26594
1.66291
1.17548
1.1239
1.16408
1.16964
1.31396
1.12585
1.04643
1.20638
1.32914
1.35696
0.982139
1.13222
1.13697
1.32598
1.2048
1.40241
1.55012
1.29816
1.36016
1.26651
1.35239
1.44149
1.37712
1.23365
1.57993
1.15468
1.4322
1.24785
1.23415
1.29435
1.13379
1.08594
1.24868
1.1727
1.25919
1.51938
1.37892
1.04244
1.28801
1.23683
1.38688
1.29864
1.1221
1.46987
1.30498
1.17684
1.35231
1.01404
1.52385
1.45826
1.31218
1.32071
1.07157
1.59392
1.24095
1.2813
1.30829
1.3858
1.48205
1.30985
1.14009
1.25581
1.2964
1.43553
1.45863
0.915804
1.44639
1.49296
1.37144
1.36661
1.49077
1.4012
1.24586
1.17213
1.28325
1.38235
1.22337
1.11681
1.53707
1.36187
1.27554
1.11482
1.44064
1.45442
1.30157
1.40122
1.29169
1.2671
1.33005
1.37526
1.23746
1.44774
1.38197
1.29623
1.4673
1.19207
1.27939
1.14696
1.21104
1.50652
1.1399
1.44589
1.454
1.08231
1.38637
0.993145
1.37974
1.1087
1.15694
1.36696
1.23134
1.26689
1.45039
1.2604
1.27633
