2.6006
2.52589
2.64807
2.71268
2.96204
2.74723
2.89612
2.67378
2.33692
2.81966
2.83816
2.82051
2.83809
2.7496
2.75622
2.81733
2.88597
2.61035
2.88189
2.89158
2.83198
2.47406
2.28863
2.19483
2.61237
3.1502
2.50777
2.8128
2.66424
2.62542
2.5958
2.22801
2.72839
2.7387
2.6367
3.06566
2.55945
2.52228
2.71134
2.77503
2.79214
3.01608
2.54707
3.15984
2.74989
2.81504
2.92754
2.75709
2.70337
3.25591
2.79648
2.75972
2.99213
2.80753
2.84659
2.77855
2.76859
2.75916
3.04848
3.13067
2.80934
3.03931
2.63532
2.46879
2.76544
2.50337
2.65509
2.94757
2.02566
2.27095
2.56508
2.84033
2.7139
2.33794
2.76959
2.83283
2.80338
2.80325
2.56528
2.58493
2.94596
3.10761
2.70015
2.95077
2.94281
3.08747
2.93267
2.9768
2.91034
2.94877
2.94603
3.04733
2.64131
2.52046
2.65978
2.69491
2.85196
2.27412
2.24148
2.85176
2.50117
2.623
3.05333
3.02037
2.5388
2.90131
2.62026
2.83066
2.25492
2.62598
3.19045
2.65294
2.89468
2.7286
3.04121
2.69426
2.90248
2.81255
2.85509
3.42121
2.87723
2.66253
2.28521
2.67962
2.48177
2.58915
3.01318
2.42807
2.61675
2.80648
3.07353
2.91965
2.71687
2.64643
3.04609
2.56453
2.69804
2.70158
2.65196
2.77139
2.60389
2.84434
2.59529
2.44273
3.01642
2.46183
2.99259
2.57737
2.90383
3.26018
2.91472
2.89282
2.83951
2.79721
2.27551
2.9128
2.95572
2.49433
2.7583
2.77484
2.61477
3.06731
2.53107
2.68648
2.72877
3.10706
3.00917
2.30569
2.4693
2.86111
2.6878
3.11751
2.63325
2.80976
2.60377
2.65354
2.4799
3.00688
2.47596
3.14054
3.1742
3.07913
2.9422
2.86643
2.60797
2.84658
3.13115
2.87788
2.50295
2.50213
2.44863
2.63547
3.12386
2.7589
3.07674
3.06625
2.86458
2.54642
3.00821
2.84936
2.53761
3.11079
3.36811
3.01956
3.03886
2.91772
2.66804
3.12169
2.52243
2.87813
2.8468
3.00986
2.94408
3.06177
3.02972
2.65111
2.84925
3.2493
3.26808
2.62248
2.67474
2.81158
2.62628
2.62242
2.69087
3.32495
2.76262
2.85239
2.64245
2.48404
2.17903
2.64574
2.81011
2.80799
3.01592
2.57853
2.87006
2.84504
3.237
3.20722
2.64226
2.66999
2.76967
2.52846
2.68849
2.96846
2.83158
2.52234
2.89738
2.49364
3.03402
2.68433
2.66738
2.75962
2.53511
2.84658
2.82099
2.87719
2.38629
2.98127
3.00709
2.87451
2.9377
2.98605
2.59765
2.94291
2.84555
2.54938
2.50566
2.87749
2.77612
2.85423
2.94376
2.99159
2.64176
2.9298
2.39925
3.06928
2.30772
2.66934
2.80592
2.8195
2.76711
3.05385
2.84734
3.09426
3.14818
3.19426
2.37713
2.72937
2.79139
2.96062
2.65422
3.01181
2.75275
2.68373
2.6545
2.86334
2.97175
2.88928
2.64175
3.22548
2.76442
2.77938
3.13556
2.86558
2.85263
2.76436
2.95273
2.8249
3.16657
2.98691
2.75061
2.86718
2.54248
3.34439
2.81954
2.52151
2.91618
2.86993
2.49109
2.43998
3.00902
3.13149
2.25869
2.7488
2.91481
2.61937
3.04387
2.96146
2.36812
3.15601
2.90001
3.24058
2.907
2.56151
3.05006
2.83705
2.69722
3.11498
2.50258
2.45305
3.19086
2.91977
2.60277
2.916
3.01458
2.83787
2.72845
2.56344
2.6304
2.43947
2.29761
2.56129
2.70114
2.95573
2.50846
2.59846
2.9953
2.93375
2.82105
2.69233
2.80405
2.61993
2.86489
3.08675
2.8552
3.1372
2.82351
2.97039
3.01007
2.84278
3.05695
3.27078
3.05057
2.49153
2.81523
2.48975
2.45775
3.09783
3.08022
2.59841
2.70281
2.69839
2.75113
2.95952
3.11204
2.65677
2.69506
2.90415
2.68662
2.83651
2.59505
2.88759
2.88056
2.67188
2.26394
2.77261
2.59725
3.16985
2.69366
2.91745
2.74377
2.5049
2.22107
2.516
2.56281
3.02097
2.67751
2.90013
2.84174
2.70933
2.79624
3.007
3.11883
3.10112
2.75836
2.62916
2.88657
2.79986
2.60122
2.37336
2.72539
2.35116
2.90025
2.7542
2.95237
2.50662
2.42041
2.49495
2.76947
2.70045
2.80421
2.6592
2.49723
2.56095
2.70929
2.79609
2.58946
2.91661
3.11323
2.82889
3.51822
2.68528
2.99117
3.00401
2.44841
2.80228
3.24482
3.11222
2.73718
2.57975
2.94006
2.86048
2.86079
2.69269
2.90302
2.58516
2.79427
2.84367
2.42736
2.44916
2.87294
2.79372
2.81462
2.79022
2.52531
2.87779
2.69891
2.73587
2.77484
2.37928
2.83055
2.62116
3.14493
2.46582
2.73573
2.63249
2.41901
2.61486
2.82171
3.07254
2.70117
2.48004
2.84755
3.27446
3.13223
3.11367
2.98393
2.88515
2.81706
3.1626
2.99854
2.94576
3.23957
2.69497
3.1485
2.99471
2.67265
2.4985
2.57541
2.99869
3.51411
2.38486
3.32243
3.34289
2.90466
3.1468
3.28156
2.50947
2.79956
2.61687
3.33479
2.8327
2.77962
3.21306
2.90252
3.28439
2.59067
2.74324
2.48702
2.65052
2.8083
2.77624
2.75152
2.72474
2.70577
3.06436
2.86163
2.59521
2.4434
2.86719
2.66547
2.78955
2.75193
3.15383
2.89756
2.64775
2.78037
2.76838
2.90439
2.96409
2.5975
2.57241
2.9019
2.77389
2.60583
3.16609
2.7967
2.46508
3.2646
3.32221
3.14118
2.71277
2.90567
2.62048
2.67805
2.47738
2.42573
2.67425
2.9138
2.69079
2.87022
2.9088
2.64172
2.94259
2.71672
2.8583
2.40801
2.60412
2.64119
2.93928
2.62272
2.63798
2.87018
2.40654
2.70815
2.51118
2.85618
2.6988
2.85764
2.70476
2.68688
2.5375
3.08549
2.59716
2.62783
2.59916
2.36628
2.91647
2.69517
3.01144
2.4477
2.58094
3.11072
3.01951
2.89123
3.02012
2.28084
2.71846
2.61223
3.09569
2.79884
2.76561
2.8917
2.61479
2.66829
2.48326
2.99221
2.66775
2.6654
2.74479
3.3137
2.66113
2.86158
3.1556
3.46348
2.82777
3.09741
2.91757
2.50641
2.66447
3.21602
2.81575
2.85388
2.95725
2.77158
2.45182
2.88927
2.95416
2.71271
2.98975
2.83986
2.88925
2.54594
2.78407
2.62043
2.77556
2.13296
2.41782
2.80063
2.81135
2.6477
2.84744
2.50686
2.92105
2.94005
2.64697
2.40045
2.57498
3.04307
2.78981
3.41396
2.72682
2.63115
2.55233
3.13127
3.16447
2.93545
3.13671
3.00115
2.85066
3.0275
2.74961
2.88104
2.80422
2.37504
2.83537
2.84287
2.50912
2.48459
2.76463
2.74292
3.00881
2.92075
2.70372
2.8076
2.80159
2.54005
2.56451
3.33929
2.60588
2.8596
3.1436
2.51598
2.66494
2.48642
2.59523
3.09449
3.05893
2.53812
2.65207
2.9424
3.06285
2.85163
2.8376
2.36782
2.78019
2.35995
2.80304
2.77792
2.55791
3.00564
2.62156
3.10265
2.70682
2.74815
2.87179
3.157
2.71823
3.31454
3.09688
2.88206
2.87451
3.00613
2.82852
2.47721
2.71054
2.79124
2.68197
2.85784
2.54174
2.76629
2.76368
2.93691
2.7796
3.04123
2.78606
2.76465
2.85665
2.80261
2.88059
2.73264
2.58877
2.97797
2.94773
2.81918
2.93652
2.73561
2.82593
2.2778
2.57871
2.78381
2.67022
2.63125
3.03572
2.93094
3.27628
2.84788
2.72644
3.10369
2.99988
2.89543
3.02471
3.06487
2.90106
2.69469
2.7386
2.74312
3.03911
2.56051
2.58574
2.40839
2.4737
2.91318
2.90418
2.92288
2.84538
2.73765
2.95795
2.92094
2.98215
2.54149
2.99393
3.06837
2.81115
2.44053
2.66661
2.71998
2.98183
3.05451
2.4567
2.66584
2.61997
2.85119
2.81706
2.73492
2.78927
2.9057
2.8389
2.56534
2.80762
2.69149
3.15555
2.89848
2.53649
2.8776
2.88171
3.16505
2.79269
2.78699
2.48785
2.81185
3.3038
3.32214
2.92077
2.5808
2.4703
2.56922
2.73175
3.30273
2.74862
2.60016
2.45181
2.81197
2.64918
2.87375
2.66889
2.63911
2.77351
2.99256
3.05106
2.77066
2.35294
2.96935
2.75429
3.75926
2.47938
2.91861
2.43482
2.28166
2.88144
2.4665
2.76697
2.73775
2.86226
2.71016
2.91531
2.89832
3.02719
3.0208
2.71986
2.872
3.00214
3.05142
2.83982
2.73349
3.00065
2.66017
2.59273
3.01327
2.54828
2.50103
2.49151
2.82851
2.61622
2.7861
2.28854
2.91942
2.65836
2.62935
2.67605
2.87882
2.79206
2.69657
2.56397
2.93239
2.30907
2.9033
2.72656
3.05085
3.0403
2.81623
2.77573
2.57444
2.87264
2.82324
2.7772
2.51437
3.04188
2.84002
3.03287
2.58122
3.00232
2.45914
2.7892
2.84037
3.12591
2.67714
2.78314
2.90194
2.83737
2.85807
2.41778
2.60016
2.73086
2.89918
2.77808
3.14509
2.62762
2.67821
3.01611
2.83846
2.8677
3.04379
2.8161
3.16862
2.68906
2.79549
2.98251
2.40258
2.64968
2.70694
2.93602
3.13829
2.82017
2.5613
2.82326
2.80413
2.54448
2.72119
2.57839
2.35077
2.44846
2.65964
3.13903
2.99738
3.03267
2.91153
3.10978
2.41524
3.07965
2.99984
2.61028
2.70397
3.5851
2.74268
2.7234
2.63775
2.72885
2.68345
2.92521
2.70498
2.82383
2.54066
2.81159
3.021
3.12287
3.02351
2.5888
2.46172
3.0739
2.86544
2.90587
2.88518
3.26925
2.77695
2.53102
2.86797
2.81343
2.86974
2.64344
2.83286
2.93229
2.59005
2.97589
2.53558
2.58227
3.11206
2.8697
2.50968
3.06492
2.96238
2.96905
2.86623
3.05357
2.38483
2.54141
3.07856
2.52968
3.26225
3.02746
2.78164
2.72292
2.87165
2.88459
2.8744
2.60907
2.70355
2.7818
2.89577
3.32383
2.95627
2.52837
2.91866
2.84797
2.51407
2.93816
2.56371
2.8686
2.6006
2.52589
2.64807
2.71268
2.96204
2.74723
2.89612
2.67378
2.33692
2.81966
2.83816
2.82051
2.83809
2.7496
2.75622
2.81733
2.88597
2.61035
2.88189
2.89158
2.83198
2.47406
2.28863
2.19483
2.61237
3.1502
2.50777
2.8128
2.66424
2.62542
2.5958
2.22801
2.72839
2.7387
2.6367
3.06566
2.55945
2.52228
2.71134
2.77503
2.79214
3.01608
2.54707
3.15984
2.74989
2.81504
2.92754
2.75709
2.70337
3.25591
2.79648
2.75972
2.99213
2.80753
2.84659
2.77855
2.76859
2.75916
3.04848
3.13067
2.80934
3.03931
2.63532
2.46879
2.76544
2.50337
2.65509
2.94757
2.02566
2.27095
2.56508
2.84033
2.7139
2.33794
2.76959
2.83283
2.80338
2.80325
2.56528
2.58493
2.94596
3.10761
2.70015
2.95077
2.94281
3.08747
2.93267
2.9768
2.91034
2.94877
2.94603
3.04733
2.64131
2.52046
2.65978
2.69491
2.85196
2.27412
2.24148
2.85176
2.50117
2.623
3.05333
3.02037
2.5388
2.90131
2.62026
2.83066
2.25492
2.62598
3.19045
2.65294
2.89468
2.7286
3.04121
2.69426
2.90248
2.81255
2.85509
3.42121
2.87723
2.66253
2.28521
2.67962
2.48177
2.58915
3.01318
2.42807
2.61675
2.80648
3.07353
2.91965
2.71687
2.64643
3.04609
2.56453
2.69804
2.70158
2.65196
2.77139
2.60389
2.84434
2.59529
2.44273
3.01642
2.46183
2.99259
2.57737
2.90383
3.26018
2.91472
2.89282
2.83951
2.79721
2.27551
2.9128
2.95572
2.49433
2.7583
2.77484
2.61477
3.06731
2.53107
2.68648
2.72877
3.10706
3.00917
2.30569
2.4693
2.86111
2.6878
3.11751
2.63325
2.80976
2.60377
2.65354
2.4799
3.00688
2.47596
3.14054
3.1742
3.07913
2.9422
2.86643
2.60797
2.84658
3.13115
2.87788
2.50295
2.50213
2.44863
2.63547
3.12386
2.7589
3.07674
3.06625
2.86458
2.54642
3.00821
2.84936
2.53761
3.11079
3.36811
3.01956
3.03886
2.91772
2.66804
3.12169
2.52243
2.87813
2.8468
3.00986
2.94408
3.06177
3.02972
2.65111
2.84925
3.2493
3.26808
2.62248
2.67474
2.81158
2.62628
2.62242
2.69087
3.32495
2.76262
2.85239
2.64245
2.48404
2.17903
2.64574
2.81011
2.80799
3.01592
2.57853
2.87006
2.84504
3.237
3.20722
2.64226
2.66999
2.76967
2.52846
2.68849
2.96846
2.83158
2.52234
2.89738
2.49364
3.03402
2.68433
2.66738
2.75962
2.53511
2.84658
2.82099
2.87719
2.38629
2.98127
3.00709
2.87451
2.9377
2.98605
2.59765
2.94291
2.84555
2.54938
2.50566
2.87749
2.77612
2.85423
2.94376
2.99159
2.64176
2.9298
2.39925
3.06928
2.30772
2.66934
2.80592
2.8195
2.76711
3.05385
2.84734
3.09426
3.14818
3.19426
2.37713
2.72937
2.79139
2.96062
2.65422
3.01181
2.75275
2.68373
2.6545
2.86334
2.97175
2.88928
2.64175
3.22548
2.76442
2.77938
3.13556
2.86558
2.85263
2.76436
2.95273
2.8249
3.16657
2.98691
2.75061
2.86718
2.54248
3.34439
2.81954
2.52151
2.91618
2.86993
2.49109
2.43998
3.00902
3.13149
2.25869
2.7488
2.91481
2.61937
3.04387
2.96146
2.36812
3.15601
2.90001
3.24058
2.907
2.56151
3.05006
2.83705
2.69722
3.11498
2.50258
2.45305
3.19086
2.91977
2.60277
2.916
3.01458
2.83787
2.72845
2.56344
2.6304
2.43947
2.29761
2.56129
2.70114
2.95573
2.50846
2.59846
2.9953
2.93375
2.82105
2.69233
2.80405
2.61993
2.86489
3.08675
2.8552
3.1372
2.82351
2.97039
3.01007
2.84278
3.05695
3.27078
3.05057
2.49153
2.81523
2.48975
2.45775
3.09783
3.08022
2.59841
2.70281
2.69839
2.75113
2.95952
3.11204
2.65677
2.69506
2.90415
2.68662
2.83651
2.59505
2.88759
2.88056
2.67188
2.26394
2.77261
2.59725
3.16985
2.69366
2.91745
2.74377
2.5049
2.22107
2.516
2.56281
3.02097
2.67751
2.90013
2.84174
2.70933
2.79624
3.007
3.11883
3.10112
2.75836
2.62916
2.88657
2.79986
2.60122
2.37336
2.72539
2.35116
2.90025
2.7542
2.95237
2.50662
2.42041
2.49495
2.76947
2.70045
2.80421
2.6592
2.49723
2.56095
2.70929
2.79609
2.58946
2.91661
3.11323
2.82889
3.51822
2.68528
2.99117
3.00401
2.44841
2.80228
3.24482
3.11222
2.73718
2.57975
2.94006
2.86048
2.86079
2.69269
2.90302
2.58516
2.79427
2.84367
2.42736
2.44916
2.87294
2.79372
2.81462
2.79022
2.52531
2.87779
2.69891
2.73587
2.77484
2.37928
2.83055
2.62116
3.14493
2.46582
2.73573
2.63249
2.41901
2.61486
2.82171
3.07254
2.70117
2.48004
2.84755
3.27446
3.13223
3.11367
2.98393
2.88515
2.81706
3.1626
2.99854
2.94576
3.23957
2.69497
3.1485
2.99471
2.67265
2.4985
2.57541
2.99869
3.51411
2.38486
3.32243
3.34289
2.90466
3.1468
3.28156
2.50947
2.79956
2.61687
3.33479
2.8327
2.77962
3.21306
2.90252
3.28439
2.59067
2.74324
2.48702
2.65052
2.8083
2.77624
2.75152
2.72474
2.70577
3.06436
2.86163
2.59521
2.4434
2.86719
2.66547
2.78955
2.75193
3.15383
2.89756
2.64775
2.78037
2.76838
2.90439
2.96409
2.5975
2.57241
2.9019
2.77389
2.60583
3.16609
2.7967
2.46508
3.2646
3.32221
3.14118
2.71277
2.90567
2.62048
2.67805
2.47738
2.42573
2.67425
2.9138
2.69079
2.87022
2.9088
2.64172
2.94259
2.71672
2.8583
2.40801
2.60412
2.64119
2.93928
2.62272
2.63798
2.87018
2.40654
2.70815
2.51118
2.85618
2.6988
2.85764
2.70476
2.68688
2.5375
3.08549
2.59716
2.62783
2.59916
2.36628
2.91647
2.69517
3.01144
2.4477
2.58094
3.11072
3.01951
2.89123
3.02012
2.28084
2.71846
2.61223
3.09569
2.79884
2.76561
2.8917
2.61479
2.66829
2.48326
2.99221
2.66775
2.6654
2.74479
3.3137
2.66113
2.86158
3.1556
3.46348
2.82777
3.09741
2.91757
2.50641
2.66447
3.21602
2.81575
2.85388
2.95725
2.77158
2.45182
2.88927
2.95416
2.71271
2.98975
2.83986
2.88925
2.54594
2.78407
2.62043
2.77556
2.13296
2.41782
2.80063
2.81135
2.6477
2.84744
2.50686
2.92105
2.94005
2.64697
2.40045
2.57498
3.04307
2.78981
3.41396
2.72682
2.63115
2.55233
3.13127
3.16447
2.93545
3.13671
3.00115
2.85066
3.0275
2.74961
2.88104
2.80422
2.37504
2.83537
2.84287
2.50912
2.48459
2.76463
2.74292
3.00881
2.92075
2.70372
2.8076
2.80159
2.54005
2.56451
3.33929
2.60588
2.8596
3.1436
2.51598
2.66494
2.48642
2.59523
3.09449
3.05893
2.53812
2.65207
2.9424
3.06285
2.85163
2.8376
2.36782
2.78019
2.35995
2.80304
2.77792
2.55791
3.00564
2.62156
3.10265
2.70682
2.74815
2.87179
3.157
2.71823
3.31454
3.09688
2.88206
2.87451
3.00613
2.82852
2.47721
2.71054
2.79124
2.68197
2.85784
2.54174
2.76629
2.76368
2.93691
2.7796
3.04123
2.78606
2.76465
2.85665
2.80261
2.88059
2.73264
2.58877
2.97797
2.94773
2.81918
2.93652
2.73561
2.82593
2.2778
2.57871
2.78381
2.67022
2.63125
3.03572
2.93094
3.27628
2.84788
2.72644
3.10369
2.99988
2.89543
3.02471
3.06487
2.90106
2.69469
2.7386
2.74312
3.03911
2.56051
2.58574
2.40839
2.4737
2.91318
2.90418
2.92288
2.84538
2.73765
2.95795
2.92094
2.98215
2.54149
2.99393
3.06837
2.81115
2.44053
2.66661
2.71998
2.98183
3.05451
2.4567
2.66584
2.61997
2.85119
2.81706
2.73492
2.78927
2.9057
2.8389
2.56534
2.80762
2.69149
3.15555
2.89848
2.53649
2.8776
2.88171
3.16505
2.79269
2.78699
2.48785
2.81185
3.3038
3.32214
2.92077
2.5808
2.4703
2.56922
2.73175
3.30273
2.74862
2.60016
2.45181
2.81197
2.64918
2.87375
2.66889
2.63911
2.77351
2.99256
3.05106
2.77066
2.35294
2.96935
2.75429
3.75926
2.47938
2.91861
2.43482
2.28166
2.88144
2.4665
2.76697
2.73775
2.86226
2.71016
2.91531
2.89832
3.02719
3.0208
2.71986
2.872
3.00214
3.05142
2.83982
2.73349
3.00065
2.66017
2.59273
3.01327
2.54828
2.50103
2.49151
2.82851
2.61622
2.7861
2.28854
2.91942
2.65836
2.62935
2.67605
2.87882
2.79206
2.69657
2.56397
2.93239
2.30907
2.9033
2.72656
3.05085
3.0403
2.81623
2.77573
2.57444
2.87264
2.82324
2.7772
2.51437
3.04188
2.84002
3.03287
2.58122
3.00232
2.45914
2.7892
2.84037
3.12591
2.67714
2.78314
2.90194
2.83737
2.85807
2.41778
2.60016
2.73086
2.89918
2.77808
3.14509
2.62762
2.67821
3.01611
2.83846
2.8677
3.04379
2.8161
3.16862
2.68906
2.79549
2.98251
2.40258
2.64968
2.70694
2.93602
3.13829
2.82017
2.5613
2.82326
2.80413
2.54448
2.72119
2.57839
2.35077
2.44846
2.65964
3.13903
2.99738
3.03267
2.91153
3.10978
2.41524
3.07965
2.99984
2.61028
2.70397
3.5851
2.74268
2.7234
2.63775
2.72885
2.68345
2.92521
2.70498
2.82383
2.54066
2.81159
3.021
3.12287
3.02351
2.5888
2.46172
3.0739
2.86544
2.90587
2.88518
3.26925
2.77695
2.53102
2.86797
2.81343
2.86974
2.64344
2.83286
2.93229
2.59005
2.97589
2.53558
2.58227
3.11206
2.8697
2.50968
3.06492
2.96238
2.96905
2.86623
3.05357
2.38483
2.54141
3.07856
2.52968
3.26225
3.02746
2.78164
2.72292
2.87165
2.88459
2.8744
2.60907
2.70355
2.7818
2.89577
3.32383
2.95627
2.52837
2.91866
2.84797
2.51407
2.93816
2.56371
2.8686
