dim = 2, LX = 64, LT = 64
g = 0.01, kappa = 0.295
number of blocks: 1000 number of steps in each block: 10000
-0.658599 -1.55457 0.338458 -0.561944 0.612344 -0.57402 -1.07118 -1.74054 -1.19828 0.129162 -0.905898 0.877708 1.1044 -1.10021 1.17748 1.53649 1.62404 -0.0850263 -0.90845 -0.280785 0.636968 -1.03363 -0.399875 -0.505649 0.253769 -1.7417 -2.30021 -1.86548 -0.514986 -2.40475 -2.23747 -1.06591 -1.05291 0.102798 -0.229447 0.343679 -0.263041 -0.483703 0.0204374 1.41516 -0.841769 1.16735 -0.452659 -0.129138 0.447343 -0.24401 0.617921 0.288991 1.04172 0.569475 -1.12116 0.268519 1.17343 0.265019 -0.171801 0.78903 0.764548 0.571321 1.0644 -1.23287 -0.618025 -2.07255 -2.12821 -1.38401 
-0.529668 -1.97219 -0.396549 -0.376094 -1.97713 -2.58578 -1.65098 -1.28876 0.429422 -0.623029 -0.596251 0.0118044 1.45765 0.607395 2.66722 2.35532 0.472632 -1.17413 0.738549 0.116422 -0.114884 1.17482 -0.444576 -1.09096 -1.10548 -2.89738 -1.22003 -2.86123 -2.59185 -1.84838 -2.21521 -2.83627 -2.09526 -1.46203 -0.48558 -1.17128 -0.479203 0.412957 -0.0325077 1.43699 0.106034 -0.70298 -0.632369 -1.0632 0.470373 -0.150776 -0.638178 -0.644915 0.180639 -1.10207 -1.00351 0.63076 -0.118428 -0.503907 -0.0204132 1.74356 0.827235 1.3416 -0.339056 -1.69887 0.570277 0.61959 0.261261 -0.547981 
-0.969729 -2.28624 1.38613 0.0697716 -1.16784 -2.90837 0.571814 -1.42227 0.584509 -0.848786 0.400654 -0.193364 0.630423 1.0388 1.35695 0.150549 -1.48415 -1.29132 0.288129 1.68613 0.543355 -0.124064 -2.83859 -2.13183 -2.75293 -2.21701 -1.72239 -0.66016 -0.966966 -2.10581 -1.7811 -2.55949 -1.22402 -1.51741 -0.356914 -1.29917 0.063263 0.016659 -0.497902 0.462486 -1.28851 -2.28778 -0.145125 0.0980594 -0.50904 1.63174 1.67689 -1.67559 -0.553417 0.286859 0.14219 -1.37727 0.665791 -1.74186 -1.90963 1.24475 1.33189 1.38964 -0.785813 -0.475972 -0.498994 -1.38302 -3.42701 -1.8676 
-0.773833 -0.408757 0.0765582 1.46924 -0.235701 -1.61123 0.5457 -1.34415 -1.22967 -0.628642 -0.390715 -1.91893 -1.49382 -1.25651 -1.03662 -1.42309 -1.21587 -0.601536 -0.100768 1.84089 1.95732 1.67456 0.067496 -1.5789 -0.214635 -1.24097 -1.76144 -1.68939 -2.04739 -2.15471 -0.467969 -1.81816 -1.82315 -0.678514 -1.58376 -1.28365 -0.474474 -0.958024 -1.00937 0.317814 -0.7488 -0.220131 1.21797 1.70554 1.44818 0.818422 -0.77344 -1.02735 -2.9636 -1.93268 -1.71644 -2.66405 -0.795367 -2.07082 -1.94959 -2.66716 -2.16259 -0.334669 -1.38141 1.12791 -1.28692 -0.593455 -0.953849 -1.4326 
-0.346742 -1.56466 0.0108334 -0.9635 -0.544755 -0.529192 -0.0879845 2.42054 -0.809529 -1.54687 -1.03994 -0.912108 -1.73215 -1.41535 -1.53945 -0.627924 -1.23209 -1.27429 -1.38789 2.08098 2.13352 0.997678 -1.30979 -2.37776 -1.63067 -1.78034 -1.4001 -2.23816 -1.95021 -0.165243 0.63522 -1.71205 -2.23436 0.0876151 0.337259 -1.20677 -0.889356 0.663393 0.957637 1.92905 -0.509803 0.694639 -1.0634 0.393872 -1.95159 0.0712733 -0.0132102 0.687214 -1.62889 -1.85183 -1.25758 -0.926714 -0.902973 0.269873 -2.1821 -1.40178 -2.45272 -0.227116 -2.35021 0.880544 -0.831718 -1.309 -0.268383 -0.836647 
-1.95287 -0.903802 -1.93784 -1.36281 -0.396324 -0.544397 0.757923 1.48573 -0.817222 -0.51816 -1.04509 -1.54257 -0.31206 -0.807886 -2.94204 -2.99944 -1.6026 -1.3185 -0.749621 0.197247 1.74921 0.15276 0.155342 -0.678927 -0.736595 -0.422929 -0.832027 -1.31267 -0.863419 -0.151707 0.401176 0.228706 -1.10099 -0.338845 -0.909475 -2.69553 -1.10204 0.422646 3.29021 1.50531 -1.37325 -0.326101 -0.0316941 2.53097 2.15146 1.68627 0.602937 -0.0593337 0.953409 -1.21999 1.61933 -1.09291 0.0441257 0.268201 1.71378 -0.637844 -1.99531 -0.546458 0.284737 0.900995 0.47808 -0.492809 -1.03378 -0.373233 
-0.279086 -1.39629 -2.78362 -1.27621 -1.4896 -0.227925 -1.81019 -0.455092 0.963976 0.142345 0.357735 1.05154 -1.46415 -0.170321 -3.07318 -2.16036 -0.0185039 -1.18539 -1.25964 -0.219112 1.75293 0.646982 1.08852 2.65291 -0.263631 0.698284 -1.87854 -0.625833 -1.37268 -1.20623 -0.672734 0.690758 1.16514 0.880627 -3.01729 -2.39474 -0.609972 0.872901 0.443624 0.79941 0.81958 -0.671543 -1.02075 1.482 1.56868 0.937158 -0.0810036 0.0890938 1.92821 0.043177 -0.374365 0.751519 0.48586 0.945522 1.9041 0.703064 -1.22503 -1.28981 -3.01035 -2.02985 -1.30785 1.29735 -1.80356 -1.76267 
-1.46553 -2.31778 -0.562055 -2.77955 -0.368893 -0.110662 -0.855342 0.73168 1.06722 2.14682 0.942734 -1.03868 -1.4363 -0.389263 -2.73001 -1.27325 -1.30761 -1.64917 -1.59143 -2.28737 -1.53196 -0.162092 0.304557 -0.752324 -1.56195 1.62723 1.50446 0.926265 0.654327 -0.0505644 1.04042 0.120412 0.574553 1.90594 -0.990319 0.121833 -0.642424 0.69777 -0.0932074 -0.335917 0.334743 1.55401 1.06895 1.02881 1.96484 0.0837103 2.12521 1.50592 2.53231 -0.111562 -0.339875 1.71283 1.05828 1.82586 2.37479 -0.454141 -0.176976 -2.15432 -2.00066 -1.72136 0.316352 2.97278 1.46735 -0.758795 
-3.09511 -2.37914 -1.95146 0.372511 -1.26929 0.756998 -0.0325652 -1.85186 -0.0261651 2.02589 0.800391 -0.0178678 -1.01147 -0.384642 1.31977 -0.813342 -2.21375 -0.574159 -1.56322 -0.151659 0.439743 -0.712821 -0.639452 -2.24682 -0.559943 1.50162 0.524535 0.192778 -0.232972 1.13889 0.918743 0.771323 0.677466 2.17278 0.997664 1.10385 0.625908 1.01016 1.52022 1.54875 1.59698 0.1662 0.362294 1.47165 0.957875 -0.962908 -1.43071 -0.119971 2.35937 -0.365044 0.992275 0.525031 0.456005 1.76898 2.34285 0.668185 0.835621 -1.57628 -2.97838 -2.6556 -0.609641 0.915731 0.644672 -1.9598 
-2.23504 -2.13214 -2.22186 -0.262077 -0.00601991 -1.57213 -1.63801 -0.262491 -1.2318 0.635745 0.626572 1.00638 -0.140744 0.506445 0.405388 -0.592174 -0.338372 -1.74255 -3.79651 -1.98357 0.400059 -0.16769 1.25352 -0.0877239 -0.334028 -0.344744 -0.962999 0.940965 -0.0216278 -1.0224 -0.535955 0.469936 2.56538 0.85018 1.14832 1.43868 -0.393388 0.264885 -0.291562 0.532557 1.77398 0.933693 1.79344 -0.0854218 0.582607 1.09099 0.0784509 -1.44034 -0.148414 -0.31174 1.8314 -0.682112 -0.195671 -0.336868 0.894165 0.443772 1.52035 -1.41016 -1.58923 -1.39168 -1.89066 -2.0826 -0.300171 -0.0588983 
0.181963 0.0851411 -0.989531 -1.57016 -0.669479 -1.37044 -0.743126 -0.795972 -0.28842 1.73158 -0.395538 1.07312 0.420161 -0.118501 -0.395918 1.4902 2.20838 0.352355 -0.532153 0.314466 0.765205 0.493837 -1.11837 -1.69605 0.585563 1.15949 0.0177666 -0.0580011 -0.769432 0.301019 1.01268 1.58185 1.67705 0.920428 1.85135 1.06409 0.730029 -0.731935 0.224821 1.37466 -0.155086 -0.0984833 -0.95591 -0.0956977 -0.564462 0.630875 0.626936 -1.39574 -1.39594 0.855704 1.32143 -0.0309977 -1.40113 -1.19733 0.778653 -0.271218 -2.23467 -1.85578 -0.00142635 0.215154 -1.63653 -0.830114 0.244196 -0.738507 
0.0607119 3.23486 -0.697098 0.617854 2.22135 1.03228 -0.276161 -0.991083 -1.00597 0.0768815 0.311813 1.43189 2.00171 -0.704166 -0.639775 0.841469 2.43878 0.652844 -0.152501 1.15853 0.402582 1.33642 -0.61771 -1.50126 0.667668 0.525964 1.75745 0.87832 0.41047 0.06919 1.19077 1.57936 0.997048 3.12537 3.02152 1.574 -1.21345 0.862716 -0.197972 -0.859566 -1.44094 -1.73905 -0.929792 -0.0719014 -0.290222 1.58007 0.987913 0.995635 -0.537551 -1.00944 -0.0262407 -0.972091 -1.66288 -0.730265 -1.20203 -0.828612 -1.8054 -1.84453 2.26209 0.457293 1.16935 -0.381839 -0.489756 0.497046 
2.79909 0.662549 -0.892507 -1.04484 1.23121 0.733423 -0.118506 1.61624 0.28295 -2.4875 -0.539757 -0.515312 1.89863 0.65787 -0.125863 1.98021 1.99374 1.44055 0.716597 1.37604 0.474258 1.56963 -0.712397 0.217116 0.164227 1.06758 0.98329 0.994565 0.600921 0.84823 1.45136 1.4228 -0.746931 1.52025 1.33219 0.988786 2.33799 2.27193 0.835594 -0.492387 -1.34809 -0.892191 -0.579715 -1.6641 0.160791 0.534264 -0.841664 -0.247143 -0.60759 -2.26384 -0.528106 1.3484 -1.00707 -1.38674 0.0320284 -0.468192 -1.25861 -1.0424 0.842726 0.602853 -0.439785 1.57837 0.481269 -0.388182 
0.855569 -0.792087 0.85403 0.692171 1.51937 1.01694 0.705214 0.496877 1.48695 0.00689006 -1.16514 1.61231 0.427159 0.943957 0.447667 -0.744242 3.73057 3.06639 0.542578 0.428658 0.97553 2.03307 0.617337 0.102693 1.2245 2.02281 1.77969 1.98645 2.28624 2.2542 1.66736 -1.11257 0.895367 0.593819 1.26872 1.7896 2.01707 2.80912 0.519071 -1.17983 -0.660512 -0.733644 -0.586355 -1.16673 0.411379 2.58869 -1.36044 -0.0492832 -0.428151 1.63029 1.23765 2.48054 1.09273 0.675871 -0.92703 -0.806887 -0.159651 -1.20401 -0.929305 -0.178674 -0.595756 0.163713 1.4495 0.560851 
-0.504946 1.79556 1.68939 -0.799113 0.983925 2.22759 2.2246 2.74323 1.05629 0.152289 -1.82318 -0.613654 -0.611136 -0.923682 0.226056 1.48148 2.33595 1.34304 0.37358 -1.35038 1.50766 2.51674 1.65199 -0.0726248 0.836302 2.87656 2.75349 1.68264 1.03616 1.05137 1.5597 0.656028 1.02157 1.24269 2.63737 2.68244 3.18059 1.80863 1.19798 0.953669 -0.573876 -0.39177 -0.537384 1.69159 1.51675 1.6834 -0.155474 -1.07391 -1.65975 -0.112845 1.00802 0.450232 0.0354918 -0.665086 -1.8565 -0.0160499 -0.354614 0.0626297 0.198041 -1.20101 -0.981286 -0.129957 -0.178968 0.775084 
-0.266075 2.41415 1.79475 -1.75757 -0.0108121 1.91068 3.54008 1.97364 -0.0820061 2.25335 0.0203175 0.419354 0.112981 -0.951602 0.830456 -0.789285 0.473736 -1.04342 0.289607 -0.837265 0.55946 0.467968 2.43461 -0.903004 -0.497982 1.36453 1.21773 1.13658 3.02562 1.62184 1.29941 1.48052 1.32832 2.26013 3.3256 3.49566 2.54259 3.27704 2.73426 -0.342803 1.13676 1.41058 0.631122 0.689757 -0.375206 2.81707 0.835234 -0.284155 0.00431093 -0.946002 0.16053 -0.960819 -1.07296 -1.07182 -0.459575 -0.135059 -1.81983 -1.61597 -0.929642 -1.52463 -1.85886 0.449264 0.256386 -0.739993 
1.16488 1.54512 -0.00381504 -1.61595 1.12622 1.83831 1.50495 1.06217 -0.781107 0.89529 1.90474 1.4329 -0.87091 -0.757289 -0.594673 -0.218848 1.28127 2.01043 0.304779 1.53392 1.73473 0.32229 2.22794 2.1071 2.57 0.976345 1.84744 2.30426 1.81297 1.39071 0.612031 1.73224 2.0648 2.63134 1.17288 0.144057 1.54627 2.18615 1.55792 2.01333 1.66404 1.5545 1.4657 1.08712 0.578694 0.889096 2.25461 0.314596 -0.91068 -1.38725 0.921213 1.38575 3.18795 1.32252 -0.757501 -0.882219 -0.809325 -1.2549 0.301078 0.807181 -0.0318926 -0.791996 -1.50529 -0.995623 
0.303258 -0.161845 -0.262579 0.90959 2.37832 2.64718 3.1076 3.22433 3.2096 1.61487 2.24424 0.546344 0.698444 0.218752 -1.45581 -1.65797 -0.281922 1.52554 -0.256342 1.92154 0.886303 -0.49879 2.65236 3.68113 2.65471 0.791278 1.12068 1.4149 1.26916 0.621912 0.639091 1.97344 3.35392 0.680372 1.06299 1.07997 1.31169 1.87272 0.0700728 1.96937 1.18004 1.56939 0.886849 -0.277769 2.00586 1.77689 1.69571 0.532057 -1.75536 -2.58899 0.36058 0.57036 3.26859 2.0584 2.77271 0.815289 -0.12779 0.314212 -0.257376 -1.84761 -0.307448 0.0138728 -0.496303 -0.420704 
0.746318 0.114328 -0.949004 1.37011 1.18543 1.47445 1.70131 2.02794 1.25514 1.1115 0.242517 0.909945 -1.57329 -1.38403 -1.50652 -0.554169 -1.38043 0.818834 0.0731518 1.32539 3.1929 0.68647 3.18714 3.22547 2.26083 0.76332 1.94272 0.396783 2.71639 1.60508 2.8695 0.893547 2.29868 1.63064 0.711163 1.28823 0.693024 2.0787 1.43702 -0.238145 -0.410705 0.566834 0.860124 -0.355805 1.59399 0.382603 -1.11472 0.215313 -1.70098 -0.107679 0.442263 1.77282 2.29916 0.429086 0.489455 -0.264187 -2.03123 1.24502 1.76577 -1.81643 -1.30151 0.0880896 -1.36746 -1.46618 
0.0698458 0.125174 -1.16581 0.421218 1.14884 0.0874127 0.0573754 1.24711 -0.790629 -0.05187 1.79546 0.0715109 -1.18724 -0.71595 -0.193968 -1.71312 0.0850613 1.68773 -0.613117 -0.958846 0.275425 -0.0215083 2.23241 1.96222 1.32375 0.784107 0.974699 1.94021 2.49319 0.768251 2.07473 1.24118 2.10304 0.321238 1.48844 0.836406 -0.0227916 1.71429 3.89203 1.08727 0.735168 0.214153 1.38828 1.43622 1.8856 -0.162172 -1.26979 -1.48272 -1.74433 -1.99816 0.162547 -0.700149 -0.980211 0.0747486 -0.326738 -1.22174 -1.235 -0.245913 -0.340449 -1.22126 -1.34114 -0.991475 -2.11703 -1.89138 
0.237401 -1.52608 -1.28958 -1.18724 -0.773566 0.875809 0.701102 1.54959 1.27489 -1.30714 0.186705 0.161993 -0.475622 -1.16339 -0.259973 -0.838831 1.52162 3.08154 2.16829 0.313808 0.413354 -8.27057e-05 1.9953 1.2973 1.59317 1.21502 2.31073 1.39889 2.42447 1.96068 1.62536 1.47836 0.0274267 0.712298 1.83766 1.99699 1.25337 0.421542 1.44266 -0.218675 -0.263086 -0.900818 1.37333 -0.314228 -0.258095 1.20894 -1.38796 0.295056 0.111736 -0.360239 0.689495 0.883535 1.15295 -1.44683 -1.70901 -0.636253 -1.97758 -1.70048 -0.16625 -1.01178 -1.46737 -0.318578 -1.55708 -1.51536 
0.00934543 -3.49748 -2.55421 -1.05947 -1.27026 -0.192372 -0.506561 0.188548 2.6278 -0.0314258 1.80493 -2.01202 -1.36711 -2.35703 -1.45668 -0.686801 0.631919 1.80487 0.263501 0.0101472 2.01287 2.33184 0.62827 1.17688 -0.765661 2.09359 0.502023 1.32221 2.38555 3.4865 2.23705 1.7339 1.63946 1.54802 1.93576 2.18052 2.31194 1.31141 0.978496 -0.192907 0.00393649 0.103373 -0.755955 1.17934 -1.04211 0.736003 0.428799 -0.314298 -1.57798 -0.485106 -2.16568 -1.10512 0.462935 -0.208888 -0.645976 -1.62958 -2.00123 -2.25536 -1.46569 -3.24672 -1.46733 1.07433 1.30964 0.293392 
0.0393687 -2.88513 -2.22092 0.961817 -0.917099 -0.623329 1.52637 1.16427 1.77249 -0.100652 -3.49909 -3.15119 -1.43551 -1.63749 0.267411 0.00467498 0.108337 1.12696 -0.174817 -2.07388 0.589412 -0.187397 1.25008 3.05517 -0.292568 0.990083 1.81402 0.384314 0.996063 2.31385 1.93526 2.97238 1.80791 2.3731 1.13749 1.26967 2.51018 3.42958 2.32053 1.46172 -0.991729 -0.410589 -1.02334 1.62629 0.877272 -0.631471 -1.42006 0.643194 -0.106415 -1.38187 -1.25441 -1.35532 -1.53185 -2.39553 -2.21538 -2.27212 -2.66567 -2.20818 -2.93082 -0.559453 0.127875 -0.0437414 1.52426 1.55453 
-2.15156 -2.73511 -1.74232 -0.0558411 -0.750946 0.338774 -0.429989 0.991699 1.37641 -0.293429 -1.54672 -1.4363 -0.513058 0.225484 -1.31679 -1.62311 0.44728 -0.929801 1.18188 0.612011 -0.46617 1.31287 1.34043 1.53292 1.17705 2.44523 -0.0529919 1.01067 1.77714 3.01229 1.76071 2.69064 1.7374 1.67747 1.28416 -0.172881 1.38508 1.6892 1.31863 1.2454 0.777363 2.94265 -0.355273 0.429689 -0.105344 0.213375 -1.40689 0.688456 -0.609458 -2.51911 1.11872 0.25258 -0.260671 -3.2482 -1.83602 -2.13617 -3.3603 -1.91862 -2.34639 -1.82826 -2.021 -1.06128 -0.577155 -2.10857 
-0.809266 -1.74661 -1.96179 -1.94036 -0.385292 -0.949953 -0.0608206 -0.135732 -0.315311 -2.16096 -2.15545 -1.49919 -1.13379 0.271006 -0.185944 -1.6777 0.870787 -0.10212 0.630844 -0.466929 0.303131 1.67442 1.78103 1.46126 1.79045 1.3889 -1.04091 0.728825 1.12546 -0.160178 1.24282 1.3393 0.434576 0.320459 1.40978 1.47358 1.92969 1.97073 0.512806 -1.17964 -0.717835 0.164275 -0.255788 0.479427 -0.112465 -1.02143 -1.94114 -0.368564 -1.49862 -3.17426 -0.632078 -2.53062 -1.05587 -2.09182 -1.9461 -1.06236 -1.9179 -1.70146 -1.78557 -0.669388 -0.591815 -0.0129714 -0.7003 -1.26039 
-0.179839 -1.46899 -1.22635 -1.73925 -1.26891 -3.56406 -0.179747 -0.607533 0.615589 -1.80093 -2.00621 -1.50374 -2.26062 -0.600878 0.177005 -2.24602 -0.827891 -0.431455 1.51946 1.05538 0.788398 1.8837 1.90273 1.7014 0.294024 -0.0569225 0.682783 0.44051 0.925241 0.0281927 0.265478 -0.34835 1.63152 1.54642 1.16468 3.1317 2.26503 1.5878 -0.645779 -0.227041 1.16784 1.22387 0.221622 0.73374 -0.678565 -1.34801 -2.95357 -0.536289 -1.61251 -3.36895 -1.23146 -2.65822 -2.8797 -1.57651 -1.91029 -1.27321 -1.87709 -2.00833 -2.36956 -1.786 -2.20004 -1.02802 -0.663021 0.66191 
-0.80394 -2.32544 -2.6875 -1.39322 -1.94941 -2.21113 -0.80757 1.06911 -0.955132 -1.37029 -0.96273 -0.257982 -0.40744 -0.0372217 0.229375 -0.955225 -0.664294 -1.02215 0.675522 1.92066 1.39568 1.36134 -0.0816162 -0.149349 -0.22008 0.284739 0.0934071 -0.309905 0.997627 0.587847 1.35971 1.55785 1.89834 0.924197 1.33571 2.15313 0.274899 2.13503 0.243381 -0.284714 -0.681325 -0.593519 1.48292 2.30533 0.510351 -2.14169 -0.916657 -0.746551 -2.06658 -3.68199 -1.35357 -2.73706 -2.04676 -1.48376 -1.22769 0.302125 0.279475 -1.93397 -2.76791 -1.18499 -0.377785 -0.831009 1.34195 -1.9172 
-0.636646 -1.11023 -1.43382 -0.23609 -1.55657 -1.93055 -0.2202 0.270412 -3.09594 -2.81847 -1.90409 -1.77845 -1.85275 -1.57683 -1.24687 -1.25008 -2.18437 -1.42267 0.218152 1.9428 1.20776 1.66248 2.16437 -0.105987 0.360377 2.0089 0.13789 -0.736513 0.80366 0.646852 -0.870382 0.0471815 3.33851 0.898324 2.1361 1.67005 1.98471 2.10247 -0.398079 -0.294549 -1.88499 0.892253 0.538136 -0.055308 -0.349555 0.656522 -0.492105 -1.99328 -2.04225 -0.93847 -1.44038 -2.72428 -2.48229 -0.237252 -1.10284 -1.31762 -0.993052 -0.734775 -1.39522 -2.17815 -1.41557 -0.411585 -0.851263 0.380999 
-1.45239 -2.94129 -2.06671 -2.68207 -2.05463 -0.865061 -0.142204 -0.00662541 -2.0949 -2.31476 -0.853741 -0.93585 -0.622246 -0.488395 -0.639836 -1.0695 -0.858019 -1.55261 -0.0545818 1.17106 -0.0619869 0.109972 0.500706 1.64967 0.78508 2.05983 0.184703 -1.71043 0.552095 -2.00855 0.268769 -0.103118 2.76031 1.79969 0.972354 -0.310809 1.41718 1.91309 -1.44125 -2.3571 1.05165 0.987402 1.02025 1.36719 1.21725 0.0497399 0.169938 -1.17642 -2.97365 -0.644691 0.897355 -0.264482 -0.732296 -0.353862 -0.556691 -1.03157 0.223703 -2.22384 -2.06744 -1.51025 -0.822331 -1.60899 -1.62349 -1.76101 
-1.92198 -2.55845 -2.86046 -2.77203 -3.03251 -0.98921 -0.336691 -1.56068 -2.26132 -2.3028 -0.883469 0.190727 -1.23512 -1.3328 -0.518476 -0.61281 -0.775412 -0.650398 1.10694 0.971875 -0.17889 1.4599 1.17539 1.62402 2.55185 -0.630759 -0.585813 0.94496 0.338714 0.58556 -0.417509 1.17172 1.03956 0.835607 -0.461003 1.16841 0.191368 0.378833 -0.602959 0.944271 1.9671 1.33651 0.71956 0.650269 1.17952 -0.211046 -0.62253 -1.17479 -2.1554 -1.01392 -0.766347 -0.715649 -2.30954 -0.486213 -0.762424 -0.602428 0.265424 -1.94229 -0.813346 -1.33231 -1.11421 -0.951627 -1.32698 -2.87165 
-0.0586037 -0.264227 -3.17131 -2.3119 -1.72694 0.490803 -0.0372989 -1.0767 -1.89967 -1.98458 -1.24565 -0.205526 -0.752533 -1.58867 -1.20562 -1.15987 -1.19629 -0.513192 1.21385 0.924985 -0.846792 -0.418027 1.64542 1.20127 1.92691 -0.909291 1.27561 1.12848 0.56148 -0.308064 1.36241 1.66468 0.245536 1.60725 0.729611 0.539862 0.188145 1.97214 0.701857 0.52701 0.417427 1.4953 1.82669 -1.14335 0.961104 0.443285 -0.77537 -0.897039 -0.969644 -0.835868 -0.919526 -0.784311 -1.28991 -2.05789 -0.47516 -0.537957 -1.06193 -0.948776 1.49299 0.566611 -0.459814 -0.865576 -0.661441 -1.84999 
-0.112864 0.307914 -0.452031 -2.23306 -2.30813 -1.39211 -1.96021 -2.46227 0.0487839 -1.69247 -1.36178 -2.62775 -2.55315 -2.91069 -0.925128 -1.93748 -0.830307 -1.53952 -0.357774 1.25818 -0.951269 0.986756 -1.30519 -0.474551 1.6272 -0.543659 -0.612112 1.66609 1.19311 0.669195 1.34746 0.779818 1.68138 0.426637 -0.512403 1.31018 0.43316 1.62827 1.38182 0.536207 1.36831 2.40842 -0.221368 -0.197084 0.0577535 -0.656416 0.0223742 -0.947213 -0.021605 0.14727 -1.30274 -0.498181 -0.404097 -1.04698 -1.92203 -0.261719 -1.51966 -0.275253 2.14497 1.2659 -1.60237 -0.195257 1.08327 0.536474 
-0.549666 -1.76655 -0.189238 -2.28348 -3.22166 -2.35777 -1.95279 -0.556631 -1.38639 0.349344 -1.56532 -1.81474 0.173311 -2.78403 -1.73776 -2.87258 -1.76597 0.199733 1.81037 2.46749 2.17753 1.25887 0.600104 0.655626 1.66789 0.0191234 0.487675 1.60622 2.12875 0.671726 -0.461262 0.707205 -1.46491 -0.423692 -0.891289 -0.257267 0.288859 -0.0997994 2.12069 1.96311 2.0808 3.4477 2.09906 2.07893 0.343288 2.17637 -0.0562498 -1.21485 -2.62062 0.351055 -0.456528 0.643792 -0.595785 -1.57694 -1.80668 -1.8377 -0.196939 2.2923 0.231779 -0.42879 -0.211866 -1.3963 -0.618055 0.375969 
1.21981 -0.0771802 -1.16577 -2.53568 -2.88041 -2.05899 -2.51417 -1.08584 -1.62462 -2.09302 -1.92451 -0.631091 -2.22727 -1.85889 -2.32538 -2.43565 -3.22809 -1.57019 1.0118 1.40897 2.50225 2.8862 1.53296 1.45456 1.26995 0.915819 0.137294 0.867444 1.62386 2.26679 1.0922 1.17498 1.0635 1.33087 -0.532078 -0.0180007 -0.315514 0.00465953 0.053513 2.37581 2.62767 1.1322 1.01192 -0.777782 2.00435 2.00114 -0.307406 -1.869 -2.03004 -0.585954 -0.678468 -0.0316247 0.316009 -1.02329 -1.982 -0.831679 0.926681 2.44239 1.75836 -0.0962019 -1.74761 -2.28194 -0.615186 1.33965 
0.70995 0.568435 1.02052 -1.37044 -2.45126 -1.20408 -1.15085 -0.718807 -1.59431 -2.66117 -2.26797 -1.52332 -2.17864 -1.14426 -2.69398 -2.38139 -1.68891 -0.891499 0.053127 1.91796 3.05638 0.378477 0.572457 1.92117 2.08542 0.329225 1.95641 0.806979 1.55693 1.61272 -0.0503406 1.13914 0.697199 0.77177 0.503002 0.32656 -0.30853 0.208799 0.710426 1.62676 0.912243 1.16063 0.687031 -1.07836 -1.40327 1.94528 -1.63708 -0.294617 0.919016 -0.233166 0.693735 -0.601332 -0.230531 -0.127497 -1.32078 -1.53784 1.81562 0.894364 0.537409 1.33706 -0.357155 -1.38454 -1.781 0.425991 
0.691335 0.370485 0.635157 -2.03643 -2.23927 -1.42268 -1.58542 -0.951939 -2.66146 -2.38457 -1.96397 -0.744129 -1.56082 -1.25267 -0.313988 -1.55377 -1.01752 -2.44209 0.444053 -0.459821 1.59178 0.460036 1.38928 0.611003 1.0806 1.41647 2.5835 2.0747 2.69754 1.77883 -1.32205 -0.409698 0.595447 -0.490454 0.0697278 0.78096 0.783785 -0.627061 0.427282 1.46871 -0.44809 -0.360745 -1.17963 -1.72643 -2.98642 -0.784627 -1.76628 -3.05686 -1.20235 -1.73281 -1.19089 -1.80229 -1.8108 -0.0677578 -2.06653 -0.00557325 0.165456 -0.142152 1.58868 0.744278 -0.386426 1.75898 -0.444613 0.794678 
-2.0793 0.332956 1.68844 0.49647 -1.47165 -2.54963 -1.97745 -2.64814 -2.98454 -2.00098 -2.71857 -0.0520934 -0.817717 -3.13271 -1.80199 -1.77417 -0.473048 -1.5561 -0.847635 0.46512 2.26511 0.461141 0.684561 3.10605 2.08938 2.14863 1.95488 2.24119 3.01526 2.87571 -0.444836 1.79855 0.948688 1.39432 0.210497 -0.442359 -1.15967 -0.71641 -0.0143404 -1.93438 1.0852 -0.607308 -1.38697 -1.2568 -1.88858 -0.563545 -1.53587 -2.35594 -2.78606 -3.25304 -1.70154 -1.60123 -0.0231824 -1.9299 -0.389746 0.738038 -0.550658 -2.04345 1.17603 -1.30595 -1.37599 -1.42959 -0.0378813 -0.483696 
-1.35965 0.416145 1.23338 0.346835 -1.49749 -1.69212 -1.95748 -2.91626 -1.79742 -3.31573 -2.65492 -1.5526 -2.16125 -2.5653 -1.87514 -1.52305 -2.86056 -1.77372 -0.204731 0.223291 1.62096 2.00397 1.85384 2.31112 2.58416 0.569257 0.208817 -0.631937 1.74196 2.80885 1.0492 2.04711 -0.169064 0.020775 -1.19868 -1.52054 -0.589429 -1.49388 -2.17313 -1.95604 0.829074 -1.22159 -2.21914 -1.03502 -1.93165 -1.20648 -0.868657 -2.46586 -2.07304 -2.8375 -3.17333 -1.65862 -1.6251 -2.74078 -1.69658 -0.840824 -1.37377 -1.06282 0.862124 -2.25244 -2.33845 -1.21649 -2.14038 -0.539844 
-0.781796 -0.997834 1.0269 -0.754361 -1.7254 -3.29762 -1.43407 -2.27496 -1.02238 -2.09277 -1.76201 -1.07087 -0.505023 -2.00956 -2.63563 -0.452335 -0.0209915 0.372944 0.0161441 -1.08751 -0.0898243 0.111245 0.119045 2.25118 1.47808 -0.553887 0.4569 -0.260311 0.0523683 0.919754 1.84497 -0.0234705 -1.09056 -0.485036 -1.72689 -2.11736 -2.07525 -2.64042 -2.29355 -2.63852 -3.66382 -2.48844 -1.51731 -2.717 -1.1696 -1.09718 -0.774619 -1.47656 -2.26375 -1.51312 -1.26046 -0.380316 -2.26276 -2.38283 -0.371263 0.48801 1.10889 1.18349 -0.776588 -0.457197 0.893198 -0.933613 -0.877644 -1.42263 
-1.84456 -1.91369 -0.133122 -1.13077 -1.51083 -2.25111 -1.05755 0.476166 0.887877 -2.28565 -1.94447 -0.917536 -1.42676 -1.76025 -1.75798 -0.541414 0.0260076 -0.770531 -1.58852 -1.76996 -1.48498 -1.70742 -1.52303 -0.145341 -0.441569 -1.01416 -1.96593 -1.77036 0.289546 0.639496 -0.711764 0.628493 0.835424 1.03994 -1.98268 -1.63815 -2.58155 -2.18568 -1.54727 -2.35454 -1.29904 -0.682836 -0.823835 -1.23018 -0.719428 -0.193087 -0.300726 -0.430872 -2.45123 -1.96576 -2.6798 -0.433385 -1.24645 -1.66218 -0.855364 0.176493 1.9486 0.36735 0.898668 1.36065 0.658219 -0.723968 -1.74005 -1.92674 
-2.48659 -0.944434 -0.157195 1.07033 0.67351 0.798101 1.70746 -0.203546 0.0289255 -2.79391 -1.13796 0.667533 -0.549669 -0.913091 -2.12279 -1.33749 -1.34375 -2.59033 -1.25865 -1.06352 -1.58025 -2.83742 -1.76717 0.506304 -2.11647 -1.8991 -1.71037 -0.325574 0.41398 0.34451 -0.595733 0.231417 0.532962 -2.0281 -1.64102 -1.14161 -1.17803 -1.41133 0.684532 -1.09334 -0.866851 -0.994664 -2.31207 -1.02298 0.147137 -0.654213 -1.62648 -0.85611 -0.737464 -0.263706 -1.79272 -1.55199 -1.94019 -2.21423 -0.701117 1.61871 3.29654 1.53071 -1.80128 0.618292 -0.143186 -1.83087 -3.09556 -0.968495 
0.550679 -0.970992 -0.103522 0.492448 1.55713 1.49111 1.63262 2.04394 0.177777 -1.40108 0.0974964 -1.26198 -0.473119 0.392405 -0.367177 -1.22631 -0.837571 -2.19526 -1.64011 -1.49438 -2.84836 -2.42127 -0.991803 0.977658 -1.91727 -0.793686 0.0181195 -1.11796 -0.533977 1.34304 0.428386 -0.954111 -0.0607495 -2.51961 -2.25524 -1.81199 -0.694498 -2.6549 -0.721369 -2.48641 -0.332118 -1.46506 -1.591 -0.77754 0.176505 -1.15916 -0.207669 -0.522849 -0.960902 -0.495911 -0.213512 0.197028 -1.56654 -0.857736 -0.705341 1.86669 0.286349 0.428141 0.84553 -0.052173 1.66719 -2.44419 -0.958351 -1.4546 
0.903163 -0.756129 -0.766605 0.860716 1.51808 1.42011 2.51326 2.46068 0.526729 -0.851285 -1.90547 -1.98847 0.436238 -0.313497 -1.9133 -2.11475 -1.10711 -1.1722 0.105077 -0.801358 -2.04923 -2.51502 -0.456497 -1.05599 -1.67348 -0.834471 -0.298911 -2.59769 -2.87873 -0.985146 -1.86022 -0.744383 -0.00966092 -1.10789 -1.82109 -1.7005 -0.697906 0.261591 2.73196 -1.51064 -1.21019 -1.24192 -2.36783 -0.655182 0.459531 -2.71872 -1.42216 -0.600622 -2.57575 -0.857629 0.206081 0.176979 -0.451204 -0.330188 0.196576 0.368559 -0.355558 2.26568 0.649988 1.00861 0.952701 -1.72134 -0.501035 -0.63775 
0.00725152 0.870724 0.283441 2.01564 1.66751 0.861682 1.27397 1.03021 1.23071 -2.53959 -2.88512 -1.93177 0.513698 -0.150032 -1.90253 -1.03367 -1.99247 -1.54627 -0.69049 -0.781835 -2.30509 -2.24196 -2.42176 -1.9246 -2.63513 -1.92939 -0.794489 -1.8218 -0.957065 -2.52085 -3.05502 0.083633 -0.594284 -0.229385 -1.82747 -0.236713 -1.38045 0.552767 0.95284 -0.339346 1.37386 -1.31428 -3.19455 -1.75893 0.0627961 -2.06785 0.0530198 -0.322719 -1.77628 -1.07982 -0.789112 -1.4484 -0.258823 -0.412973 -0.620225 -0.288466 -0.326166 -3.09123 0.627611 0.586576 -0.235382 -0.463063 -2.51768 0.457224 
-0.272631 2.53253 -0.0891248 2.76097 1.59387 0.903608 1.28595 0.526064 -1.08689 -2.29706 -1.84389 -2.43196 -1.79409 -1.92614 -1.50456 -0.707315 -0.317757 -0.519147 -1.3805 -1.875 -2.01037 -1.47 -1.55194 -1.34159 -1.40562 -2.29873 -2.76458 -1.96898 -2.06471 -1.17651 -0.683228 -0.44915 -0.00748802 1.31247 -0.774503 -0.104694 0.0735472 0.691238 -0.96434 -2.59678 -0.795695 -0.771261 -0.312721 -0.924598 -0.246815 -1.41064 0.336769 -1.74461 -2.8932 -2.71594 -2.12938 -1.37441 -0.850211 -1.59559 -0.502717 0.885506 -1.5943 -0.995737 0.6506 0.762968 -0.778016 0.0227146 -1.74565 -2.10736 
-0.805521 0.950614 -0.680315 0.261067 1.13621 0.811265 0.256208 -0.380681 -1.60489 -1.89607 -2.12007 -0.167124 -1.17666 -1.71545 -0.752256 -0.188581 0.0962714 -0.168126 -0.913758 -0.929664 -3.471 -1.45811 -2.5564 -0.628693 -0.661256 -1.80026 -1.88031 -2.4427 -3.39095 -1.90607 -0.198578 -0.520748 0.457292 0.958012 -0.477977 3.00002 1.2076 -0.725749 -0.574725 0.873547 1.21293 0.0294169 -0.861469 0.131 -0.975329 -1.38703 -0.0564429 -1.16589 -1.47283 -1.28882 0.445819 -0.149506 -2.0316 -1.96017 0.0890634 0.251668 1.03799 -1.78871 1.55709 1.3926 0.436181 -0.322597 -0.886845 -0.787392 
-2.14302 0.151811 -1.66134 -1.76117 0.154545 0.0600497 1.33934 0.294375 -2.43218 -1.56305 -2.64414 -2.11926 -1.61865 -0.724455 -0.0267515 -0.441767 0.648399 1.36592 -2.2958 -0.679912 -2.71302 -2.03156 -2.32102 -1.38525 -3.06074 -1.13246 -0.525012 0.314423 -1.1806 -1.08192 -0.156424 -0.147463 -0.536342 0.861344 -0.703849 1.56604 0.154887 -0.551778 -0.511793 1.26148 2.78812 1.9043 1.12705 -0.730594 -0.525873 -0.32446 -0.890889 -0.0202341 -2.41823 -2.01192 -1.57018 -0.659115 -1.75501 -2.63656 -0.611774 -1.29513 2.16249 -0.611773 -0.332276 -2.49163 0.489262 0.427555 -1.07401 -1.30374 
-2.66278 -3.27229 -2.51391 -2.12091 -0.859609 -1.80875 0.333327 -0.909107 -1.05135 -2.24374 -1.66257 -1.68931 -1.65582 -2.76855 -0.146341 -1.11646 -0.783179 -0.887572 -2.11998 -1.35633 -1.42254 -1.88805 -1.32084 -2.15792 -1.77807 -0.299842 -1.8598 -0.583282 -1.05922 1.57647 -0.424311 -0.265728 1.10288 0.796909 0.377472 -0.464375 -0.374085 -0.358179 0.713997 1.06561 3.12181 2.95794 1.54352 -0.676957 -1.56929 0.13439 -0.8636 -1.61909 -1.7867 -2.24384 -2.07955 -0.146978 0.147084 -1.76146 -2.02672 -2.20861 -0.445713 -0.0062179 -0.194015 -1.73272 0.25798 -0.770833 -2.2285 -1.86883 
-0.152367 -1.74966 -2.83056 -2.0673 -1.48219 -1.94091 -1.334 -0.624226 0.142083 1.01554 -1.02541 -0.107269 0.114014 0.00430704 -0.716123 0.143639 0.0454152 -0.571059 -2.34922 -2.85056 -2.27021 -1.79925 -1.51944 -1.76784 -2.59755 -1.13588 -4.02797 -1.3654 -0.0224815 -1.86282 -0.977453 -1.29038 0.874221 2.07719 1.04318 -0.475871 -1.24579 1.62999 1.43025 0.658441 2.41079 2.05341 0.973628 -1.34845 -0.867302 -0.873346 0.490696 -2.01252 -2.01484 -1.15404 -2.50299 -0.135325 -1.42349 -0.738426 -1.31183 -2.3849 -0.939642 -0.712271 -1.41871 -1.56351 -2.00484 -0.852814 -0.971418 -0.931593 
-0.880605 -1.2845 -2.5678 -2.13063 -3.36739 -0.698806 -0.174461 -2.27056 -0.730775 2.35684 -1.40275 -2.64051 -1.08137 -0.623705 -0.121989 -0.237025 0.79993 -1.43291 -1.01557 -2.2096 -2.437 -1.03383 -1.13255 -2.64872 -0.911214 -0.894307 -2.84258 -3.18195 -1.66844 -1.70081 -2.43471 -1.03036 -0.340786 2.10579 0.99659 0.529302 -0.0843884 1.16656 0.903342 0.875581 3.91499 2.52214 0.0632025 0.724663 -1.68604 -2.18068 0.294677 -2.04542 -2.68798 -3.88052 -2.87924 -3.13555 -2.6827 1.1424 0.0730678 -1.12906 1.86719 -2.04105 -2.52512 -1.27024 0.220164 -0.999346 0.359771 -1.64445 
-0.15304 -1.32062 -0.333247 -1.19151 -2.21441 -0.652719 -1.65618 -0.791259 -1.27544 -1.12809 -0.387936 -0.181219 -2.30034 -0.342649 -1.72515 1.68673 2.57761 -1.24883 -1.3246 -1.95756 -1.52171 -0.763786 -1.42292 -2.24089 -1.26114 -0.0694081 -0.797039 -1.74686 -2.47978 -1.56159 -0.907335 -1.50758 -0.0824537 1.13866 -1.15844 -1.42467 -0.285998 0.485248 2.52157 0.861399 2.06532 2.87713 1.98031 -0.562993 -0.370114 0.310993 -0.529586 -1.42294 -1.55157 -1.93875 -1.22492 -2.48599 -2.41457 -1.25878 -0.254045 -0.327211 2.08215 1.16995 -2.02232 -1.19087 0.395345 0.861745 -0.718571 -1.43669 
-0.122418 -1.29448 -1.01626 -0.949785 -1.47481 -1.30513 1.28831 -0.515069 -0.166933 -1.40214 0.00282379 -0.825439 -2.36517 -2.69238 -0.569892 -2.16001 -2.23703 -2.23256 -2.22957 -2.8694 -1.2891 -0.972549 -0.110421 0.465213 -0.800232 -1.93639 -2.19499 -1.61115 -1.85263 -2.66777 0.716256 0.435846 3.01501 3.76854 -0.235112 0.198564 0.782654 0.750881 0.582969 0.481778 0.69723 0.707366 -0.923168 -0.260906 -2.57052 -1.36707 0.951711 -1.566 -0.922458 -1.59274 -2.92938 -1.48193 -2.09543 -1.31774 -1.38732 0.219893 0.869924 0.363668 -1.45079 -0.919129 0.103033 -0.443523 0.180188 -1.87984 
-1.46388 -0.035944 1.13494 -0.459049 -0.713949 0.219627 -0.152685 1.27871 0.27999 0.0691656 -2.11876 -0.750615 -0.772653 0.258532 -1.7814 -3.09994 -3.01236 -0.921691 -0.9242 -0.47738 -2.05 -0.867468 -0.246073 -0.908851 -0.170793 -1.96451 -1.86621 -1.37679 -1.00669 -2.14258 -0.563436 1.12114 0.785805 2.1616 0.737834 1.89845 -0.592482 -1.38799 -0.454171 1.12588 2.09388 1.73732 1.84304 -0.525952 -1.86111 0.574646 -1.38052 -0.333169 -1.16972 -0.927331 -0.0830173 -1.3174 -1.45678 -2.68188 -0.580921 -2.37137 -2.32774 -0.573794 -1.34697 -1.13607 -0.439109 -1.14205 -1.0857 -1.88603 
0.456267 1.46713 0.646902 -1.36702 -1.3501 -2.45299 -0.795093 0.171041 -1.21344 -1.08962 -1.28237 -2.69709 -1.17628 -0.866714 -0.762793 -1.16676 -1.27885 -0.689369 0.810455 0.0928991 -1.30617 -2.31833 -1.44371 0.443671 -0.103177 -1.32587 -1.86085 -0.531403 -2.18961 -1.31547 -0.985869 2.08723 0.289182 0.755287 0.700306 0.336638 -1.65145 0.340695 0.274281 -0.907821 -0.675413 -0.132745 0.680838 0.287904 0.550414 -1.01585 -0.573114 -1.7271 -2.52863 0.00770844 -0.88083 -0.948819 -2.27764 -0.440578 -0.851678 -0.622725 -1.56012 0.416935 -1.29211 -2.17807 2.03149 0.765886 -0.329773 -0.336971 
0.0818309 -0.392642 -1.93357 -1.02264 -2.23052 0.0104164 0.577427 -0.0944846 -0.114263 -1.13596 0.377731 -0.830792 -2.16722 -2.07115 0.191354 1.11545 2.06846 1.22418 1.40329 1.0633 1.67607 0.646345 -1.3397 -1.39958 1.59265 -3.13432 -1.77166 -0.845527 -1.57513 -1.67828 -1.45434 -1.77495 -0.528827 -0.994552 -1.77768 -2.01819 -1.38876 -1.82629 -0.299743 0.0310603 -0.724889 -1.06705 0.796931 -0.146391 0.533255 0.0235811 -0.729977 0.046061 -1.44341 -0.528349 -0.677329 -0.638668 -1.22669 -0.571522 -1.17892 -0.224063 -1.08733 0.383914 -0.626869 -0.969003 0.400469 0.0150006 0.712915 -0.147743 
-0.513182 1.60296 -1.18569 -0.484129 -2.021 -1.1071 -1.49423 0.524756 1.05952 -0.543615 -0.614151 0.670872 0.619329 -1.47607 -0.93532 1.44236 3.04947 2.2156 2.17365 0.817162 1.10375 1.04342 -0.284811 -0.192578 0.955548 -2.78936 -2.94465 -1.99429 -0.566198 -1.38531 -1.83724 -1.29518 -0.0856553 -0.550402 -0.399335 -0.0943762 -1.36156 -1.79049 -1.21828 -2.27879 -1.40225 -0.703893 0.393101 0.514943 -1.32341 -0.701035 -1.98588 -1.21482 -1.42869 -0.787913 -2.38983 -1.59696 -1.85546 0.706106 -0.729682 -2.20555 -1.28599 -0.358419 -0.335875 0.0563693 1.05163 0.849871 0.306933 0.425573 
-0.784856 -3.30149 -0.655106 -0.534612 -0.937973 -0.308868 -2.30922 0.671371 -1.22284 -2.27755 -0.831033 1.16324 1.67836 1.06811 1.20428 0.424775 1.82872 0.967472 1.59777 1.09775 1.60678 0.911322 -1.82614 -1.40215 0.366001 -1.44469 -3.12619 -1.9005 -1.01091 -0.476623 -2.13421 -0.979009 -2.65956 0.633319 1.29651 -0.982993 0.0761761 -1.44651 1.34854 -1.23699 -2.01401 -1.75684 -1.16755 -0.72764 -0.852405 -2.08058 -1.22589 -1.14244 -1.33596 -0.324908 -1.06674 0.231584 -1.08601 -2.94454 -2.17037 1.2816 -0.296108 1.68729 0.906488 0.23914 1.46041 0.324437 0.561796 0.807907 
-2.24178 -2.05176 -1.90173 -1.46819 0.0521624 1.22023 -0.276818 -1.50812 -1.7666 -2.64944 -0.740318 0.324717 2.31103 1.1916 0.428815 0.455655 -0.0852807 0.630698 -0.421255 1.77285 0.636211 -0.843049 -2.41868 -1.68622 0.0150076 -1.64916 -3.33304 -5.03653 -2.79784 -2.55164 -2.67353 -1.532 -1.90128 -0.983338 1.00586 -0.151856 -0.518344 -1.95179 -0.823951 -0.548672 -0.859658 -0.0992808 0.300742 -0.785439 -1.66607 -2.2254 -1.12812 -2.42777 -2.00264 -0.909478 0.326745 0.671078 -1.85472 -1.42866 -0.42753 1.48906 -1.23722 1.99417 -0.88842 -2.26897 -0.242973 -0.387832 0.0286098 0.500246 
-1.18934 -0.243981 -2.86891 -3.17143 -0.440989 -0.205884 -1.18098 -1.71851 -0.403275 -1.81175 -0.926898 0.441394 1.65146 1.08111 2.31349 2.24673 0.474275 1.08709 1.80402 0.87353 0.769531 0.488817 -2.52652 -0.371915 -0.501667 -0.468041 -2.30972 -1.99264 -3.51998 -2.58236 -2.42559 -1.6694 -2.51492 -0.867149 0.768233 -0.63466 0.164204 -1.70656 -2.56649 -1.81226 -3.38465 -2.85831 -2.77294 -1.91039 -2.33914 -0.843957 -1.90547 -0.389164 -1.05776 -0.233609 -0.36797 1.37485 1.28116 -1.79938 -0.145814 0.320029 -1.09749 0.320443 -0.216775 -2.72174 -2.83087 -1.70023 -0.675778 -0.887207 
-1.53514 -1.28627 -1.63891 -1.03401 -0.419108 -0.3409 -1.61991 -0.372775 0.264247 -0.492884 -1.8331 -0.266512 -0.627323 -0.471184 1.27676 -1.51461 0.128909 1.10387 0.520321 0.356061 -0.0938573 -1.61381 -2.28737 -1.81883 -0.918318 -1.00932 -0.574441 -1.61943 -1.27792 -2.40395 -1.31874 -1.85467 -0.875354 -0.472809 0.757132 1.549 2.38016 -1.7893 -1.25651 -2.12987 -3.00445 -0.667145 -0.985967 -1.95079 -1.27586 -2.75397 -1.00377 0.363038 -0.819026 -0.681261 0.348538 0.828155 2.01469 -0.438319 -0.890988 -0.889053 -0.269215 0.635373 1.27804 0.758515 -0.761127 -2.50417 -1.11725 -0.723906 
-2.00919 -1.30825 -0.255987 -1.09967 -2.25994 -2.30621 -2.79738 -1.31682 -0.851609 -0.993232 -0.468107 -1.24563 -0.670115 0.936579 1.81113 -0.880217 -1.00906 1.1508 1.59812 1.16959 0.760828 -0.975532 -0.35406 1.03643 -2.7228 -2.32902 -0.899578 -1.2935 -2.1222 -2.81722 -0.437117 -1.84524 -0.861273 -1.62207 0.0481234 0.941031 0.754682 -1.34121 -1.54552 -1.24892 -2.542 -3.43508 -2.94993 -1.60923 -0.584226 -0.318696 0.994358 -0.4648 -0.449767 0.549602 -0.0945091 0.595158 1.8337 0.466287 -0.988507 -1.82637 -0.251634 -0.38945 -0.259038 -1.24891 -1.01974 -1.44879 -0.390838 -1.47812 
-0.233006 -2.47568 0.44016 0.501125 -0.660886 -0.485872 -1.86932 -1.87622 -0.385809 1.18383 1.13774 -0.361339 0.00571029 1.72123 1.48349 0.919132 1.69585 0.678634 0.317418 0.299684 -0.796164 2.20792 0.949504 1.28958 -1.75429 -2.38052 -1.49939 -1.18991 -2.83947 -0.546061 -0.160911 -1.80269 -1.09024 -1.87933 0.127113 -0.252138 0.985376 1.30556 1.01085 -2.06122 -2.69263 -1.22869 -2.29304 -2.35519 -0.786447 0.219443 0.0997125 -1.92164 0.482942 0.376973 0.389016 2.16416 0.948576 1.08965 -1.82625 -1.49942 -0.197859 -0.528845 -0.45377 -1.90242 -1.08893 0.681309 -0.610979 -1.75891 
-3.16243 -2.81384 -2.40095 -1.19213 -1.23194 -1.23871 -3.20148 -2.11024 0.784444 -0.0985867 -0.183964 -0.0822995 1.8757 0.963413 1.4357 -0.0745427 -0.577088 -0.191535 -0.854746 -1.2333 1.05177 2.05734 1.35871 1.59771 -1.09801 -2.92969 -1.42102 -1.25902 -0.411356 -1.05225 -1.86913 -2.44074 -2.85197 -2.95082 -1.18555 -1.8381 -0.664989 -0.965163 -0.380669 -0.103908 -0.446264 -1.22517 0.0249228 -2.29891 -0.802533 0.630373 -1.01957 -1.0266 -0.871685 -0.883761 0.666427 2.39179 1.04835 0.596995 -0.341964 -0.980151 1.46627 0.54394 -2.02677 -2.03833 -1.37149 -3.37159 -3.47559 -1.69813 
-2.48967 -3.51898 -1.54968 -1.13365 -1.14948 -0.275694 -0.159091 -1.1949 -0.235356 0.470445 0.719368 0.717298 2.73506 0.549941 2.11556 1.65931 0.539422 0.962061 0.0579303 0.482149 -0.239597 -0.855063 -0.750059 0.950348 0.458354 -1.67093 -3.81069 -0.887903 -1.00892 0.722333 -2.62123 -0.905165 -2.27781 -2.06976 -0.321685 -1.16994 -0.697265 -0.646255 0.467401 0.63973 -1.70408 -0.871531 0.196871 -0.473607 0.217166 1.09808 -0.430056 -0.147184 -1.65587 0.0173983 0.287949 1.67285 1.86449 0.951502 1.25769 0.296116 0.100011 1.32413 0.109896 -1.953 -0.463241 -0.827323 -1.08373 -1.94602 
1.28242 0.00396749
