dim = 2, LX = 48, LT = 48
g = 0.01, kappa = 0.295
number of blocks: 1000 number of steps in each block: 10000
1.36149 -1.90738 -0.863781 -1.32256 0.213026 0.747433 0.795523 1.12775 0.658233 1.57728 0.641498 1.53728 0.423464 0.857965 1.5382 2.35869 1.09996 1.32582 -0.244862 -0.770585 -0.507386 -0.0595894 -2.07167 0.149701 -0.476555 -1.76181 -0.853467 -0.75135 -0.151137 0.0245431 -1.35631 0.316271 0.683318 1.64135 0.148769 -1.9271 -0.116172 0.8686 -0.189802 0.9062 0.962305 2.09879 1.56852 1.73586 2.63387 2.00596 1.41326 0.727731 
0.237306 -1.98703 -0.588515 -2.25546 0.469641 0.996586 -0.0896225 1.77055 2.58996 2.54749 -1.66765 0.631155 -0.21871 -1.99647 -1.3154 2.92825 1.30268 1.36253 0.238263 -2.2546 -1.53709 -1.59831 -0.272476 0.978153 1.14556 -0.575184 0.197215 -0.0883316 -2.28991 -2.23096 -2.47362 -0.762301 0.234696 1.37885 1.28103 0.0434786 1.50529 1.26148 -0.0311077 1.09561 0.216072 1.5583 -0.669355 1.21904 1.04159 1.67163 -0.105137 -1.42247 
1.27752 -1.55489 -0.380448 -0.466955 -0.118618 -0.844126 0.345325 0.869356 2.11013 1.02188 0.106839 0.896092 1.5145 0.627003 1.14966 0.789021 0.202415 -0.0734779 -0.821663 -0.928573 -1.31116 -1.47531 -1.32667 0.642186 -0.184464 0.329229 0.939037 0.87016 -0.981077 -0.54851 0.7208 -1.59187 0.270887 0.402675 1.3931 0.710881 0.695392 0.371699 0.812018 0.977644 0.782242 0.581645 1.15578 0.0576255 -0.0255462 0.0527299 0.755131 -0.962566 
-1.14982 -0.734691 -0.0763036 0.983023 0.858664 0.303077 1.49168 1.91216 3.23785 1.49768 1.47136 -0.389015 0.267782 1.84545 1.03179 0.353854 2.19309 -0.748692 -1.11483 -0.228527 -1.44964 -1.47233 -1.0935 2.14624 1.78316 1.35563 -0.548425 -0.375056 -0.584636 -0.890941 -2.2643 -0.729683 0.886574 0.685249 -0.28003 0.306109 1.83714 0.372869 1.4375 1.843 1.69672 1.42909 0.614649 0.616651 -0.917364 0.944604 0.864774 0.827589 
0.163764 0.692095 -0.598091 1.55661 0.992817 3.95797 3.07255 1.6763 0.0868512 2.0438 -0.170957 -1.14598 -0.410054 -0.271294 -0.572002 -1.30482 0.278788 -0.232882 -0.79252 -0.0921995 -2.0564 -1.36996 0.607737 0.943075 2.20613 1.61225 0.0100463 1.3692 -0.202249 0.378197 -2.57683 -1.7698 -1.51126 0.368647 0.759063 0.348864 0.366644 0.583999 0.690396 0.850437 3.49588 1.51729 1.41001 1.33917 0.0848902 1.67577 1.10313 -0.570602 
-0.23567 0.934621 0.872263 0.649122 1.84831 2.97955 1.60135 2.44735 1.2307 2.02842 1.55269 -0.0689268 1.46189 -1.35636 -1.31808 -0.477653 -0.984429 -1.40365 0.377963 -1.76595 0.346223 0.607544 0.117656 1.30499 1.82372 1.05469 0.81373 1.41431 1.38826 -0.885787 -0.832812 -1.63027 0.479069 -0.0317533 0.475097 0.571861 1.27374 1.6767 1.31565 2.92232 1.69955 2.66053 2.1289 0.386086 -1.19407 0.466067 0.606544 1.63905 
0.285914 1.39854 2.84918 2.38403 2.10101 1.64757 1.71042 1.92465 1.19021 1.20987 1.4277 2.24873 1.63579 -0.743666 -1.14779 -0.568975 -0.358687 0.0164722 2.21073 2.72169 1.74921 -0.916768 2.02057 0.232111 2.12559 1.31066 0.0440544 1.42192 -0.577944 -2.12536 -3.20244 -2.8572 0.738108 -0.851863 -0.890983 -0.468025 0.558628 -0.387839 0.790284 2.40268 1.82565 2.45466 3.29525 1.73017 0.379394 -0.271661 0.183579 0.86177 
1.98851 2.74918 1.78225 1.12051 2.29045 1.85573 0.000858172 -0.467276 1.01382 1.35215 0.264799 2.74239 -0.0598955 -0.270711 0.0841312 -1.17668 0.852839 1.06047 0.894463 0.39557 1.59082 1.1142 1.7133 1.59691 0.710422 -0.897151 -0.586859 1.40548 -0.327017 -1.40524 -2.11918 -2.32279 -0.517744 -1.16606 -2.55451 0.542454 0.00490478 0.385923 1.44401 2.37683 2.81197 1.83313 2.52321 1.09986 0.0752911 0.560324 2.37797 2.00609 
2.43596 1.48391 2.61979 2.31904 0.36071 1.17869 0.609824 0.623717 1.93518 1.26459 1.60877 2.29219 1.20799 -1.10261 2.50533 0.919919 -0.41587 0.0478066 1.393 0.941495 0.924049 0.413632 1.8171 1.88415 2.00219 1.19217 0.299549 0.464655 -0.224468 -1.43472 -2.16348 0.847014 -0.178816 -1.67592 -1.00807 0.0118905 -0.878832 1.89556 1.52965 2.39565 2.49565 0.904281 0.558935 -0.299443 1.3382 0.0943259 0.910681 2.18346 
2.75844 1.09459 0.776612 3.10813 1.20604 1.84415 1.11401 2.14022 0.921909 0.669504 0.400979 2.03831 1.97508 -0.802471 1.69761 0.537674 0.373179 0.683884 -1.36892 -0.68383 -0.765594 0.698381 1.37357 3.3132 0.557231 -0.287977 0.560567 0.84515 -0.57909 -1.56867 0.558667 0.763186 0.444073 -0.348446 -1.74347 -2.28912 0.311865 1.35482 0.222847 -0.334977 2.62749 1.33642 1.5431 1.32759 0.77733 -1.03765 0.0366713 2.01415 
1.47322 2.29464 1.60453 2.37193 1.84488 0.806369 0.759296 1.59466 0.950258 0.344333 -0.256409 -0.709958 -0.573173 -0.853519 0.218748 1.03371 -0.983068 -0.61864 -0.336312 -2.24954 0.951747 0.800392 3.0181 1.81542 0.761852 1.61014 0.530085 -0.382231 -0.704134 -1.72446 -0.425296 1.30557 1.54421 1.91303 -1.6564 -1.51682 0.806924 1.03381 2.21958 0.818236 1.32569 2.64272 1.37655 2.67048 2.25202 0.0327921 0.411388 0.64387 
2.26751 1.71874 2.17551 4.15032 1.65891 1.86989 0.922999 1.78671 1.663 -0.000224006 -1.32111 -0.00294245 -0.395411 -0.591278 -1.12008 0.288764 -2.40608 -0.240006 -0.604286 -0.157334 -2.138 1.76224 1.90127 0.730544 2.59025 0.342605 -1.88777 -1.53994 -1.28956 -0.585919 0.366855 1.59115 2.04493 1.66422 -0.900443 -0.893661 2.54457 1.85725 0.462246 1.02339 1.57795 1.48249 1.92519 1.04408 0.329446 -0.0389244 1.20087 2.53732 
2.90085 2.70803 1.67181 3.6431 0.203228 0.661865 1.56827 1.67438 0.982346 -0.623785 0.941713 0.547004 -0.580986 -1.89359 -3.40656 -1.51799 -2.24747 -1.07288 -1.14036 0.101268 -2.25682 -0.158403 1.7943 0.324157 1.67089 -0.133623 -1.09357 -1.11948 -0.915495 -2.29726 -1.83371 0.590989 0.155898 0.092204 1.93113 2.80084 1.78651 1.57475 0.336889 1.02362 0.556384 1.33259 1.52277 0.337775 0.976488 1.27735 3.21609 2.12492 
2.1701 1.12956 1.15785 0.860249 -0.464466 1.31452 1.16827 2.62872 0.736844 -0.00733901 -0.0342828 -0.353831 -3.14296 -0.920826 -2.52529 -0.924772 -0.752438 -1.54997 -1.4926 -1.07385 -1.18194 -0.364105 0.471539 1.38215 0.206415 -1.13668 -2.08674 -1.56224 -0.878839 -2.93144 -2.28597 0.0943375 2.1832 1.88125 2.61093 2.12483 1.70848 0.391017 2.44037 -0.158393 1.28312 1.60431 0.1194 -0.889536 -1.70214 -0.957899 2.69382 2.13393 
-0.558158 -0.172017 -0.0697206 2.12712 0.768902 2.75051 -0.54707 -0.533886 -1.45467 -0.296361 -1.95989 0.469511 0.39609 -0.7773 -0.831257 -1.99249 -1.14051 -1.17394 -0.798318 0.200163 1.02126 2.76123 -0.442138 -0.604855 -1.0484 0.936009 0.610813 -0.171585 -1.87253 -1.53312 -2.21235 -0.231232 1.90971 1.59144 1.36327 1.44267 2.0352 2.46027 1.72133 2.53093 -0.533084 1.21543 0.554291 -0.610044 -0.236615 -0.636141 2.72919 1.16875 
-0.247319 0.0317161 1.06042 0.82546 1.61479 0.478243 0.00638082 -0.439421 -3.12218 -1.39119 -0.616183 -1.11408 0.617737 -0.122079 -1.05254 -1.02113 -0.943139 0.820355 1.48856 0.623024 -0.534973 2.21602 1.779 0.804811 1.27515 1.8094 1.41034 1.00695 -0.899292 -2.17569 -0.113757 1.13238 0.874622 -0.782054 1.59617 2.81222 2.09515 1.87503 2.40412 0.473177 2.69461 0.702295 -0.668383 -1.12812 -1.96915 0.06888 1.72879 0.842133 
0.931021 1.89326 0.484336 0.796613 1.64763 0.94119 0.739627 0.127907 -1.07525 -1.03438 -0.118255 -1.50531 0.905871 2.30229 2.15102 0.49333 0.732335 0.172707 2.17084 1.82349 0.68594 0.685531 0.22004 1.66919 1.63968 1.15296 0.352195 0.369323 0.507735 0.0258136 0.997344 0.530646 -0.957177 1.2543 3.16795 3.03532 0.173593 1.2276 2.22075 1.26746 2.20648 1.06026 -1.31487 -1.7987 -1.54663 -0.68305 0.259017 1.82226 
-1.93416 0.625395 2.80648 0.639374 1.85175 -0.67651 -0.859373 0.486463 -0.915272 0.283195 -0.362447 1.96207 0.519153 -0.170512 0.698732 0.470549 -1.3332 -0.447066 0.254362 -0.143073 -1.65504 -0.701227 -0.734348 1.8087 1.97811 1.21561 -0.0966732 1.84826 0.365262 -1.03505 -1.09755 1.26638 -0.233962 2.10562 1.66357 1.50983 1.36784 0.854204 0.849253 -1.37883 1.20458 -1.44492 -2.06946 -2.40219 -1.43069 -1.05474 0.866117 1.09939 
-0.42511 1.6417 0.796747 1.27729 0.485041 -0.0711 -0.634856 -1.38726 -1.97545 -0.0833048 1.28012 -0.337177 0.0261197 -1.06462 -0.114647 1.02235 -0.0167737 -1.08746 1.29203 -0.79804 -0.415876 2.11544 0.587964 0.585556 0.616204 1.86978 0.645392 -0.336009 -0.630519 -1.33603 0.0487639 -0.673031 0.612597 0.364322 0.504777 -0.52122 0.909337 0.0688201 -0.00974199 1.03146 -0.571487 -2.34023 -2.36189 -2.15214 -1.43688 0.651937 -1.64317 -1.05858 
-1.34155 -1.0304 1.81068 0.806608 0.425852 0.207916 0.530537 0.453696 0.115262 0.917897 0.365764 0.265604 0.880887 -0.794937 0.190156 -0.221929 0.552194 -1.02388 0.816106 1.02149 0.401252 1.89988 1.6564 1.5355 -0.320023 0.572154 1.60799 1.07346 0.762021 0.132204 -1.03217 -1.1923 1.70964 1.64727 1.37719 0.535366 0.57843 -1.97293 0.0442544 0.138164 -0.202458 -0.564246 -2.10022 -3.3056 -1.89347 -2.22303 -1.48828 -0.512315 
-1.62931 -0.725302 -0.652037 0.246086 -1.30463 -0.851603 1.26336 -0.192082 -0.0597383 -0.0714703 0.269011 2.30345 2.05235 0.88197 -0.548131 1.74869 -0.0343714 1.07953 1.23232 1.62999 0.220819 -0.980628 0.88613 -0.555129 0.0552056 1.76425 2.86681 0.878647 0.0739146 1.03642 -0.361475 -1.25035 1.72396 0.935754 0.311707 0.121437 -0.443541 -2.49253 -1.33935 0.328664 1.20374 0.320484 -0.602577 -1.90718 -1.35225 -1.53751 -0.968356 -1.65964 
-0.0633569 1.04267 1.74004 1.36735 0.589713 -1.55452 -0.24937 0.363365 -1.15756 1.31554 0.18418 0.928214 3.13558 1.75753 2.02866 0.0155529 1.86511 1.96325 1.84672 2.28559 1.10518 1.45643 0.0295389 0.0893139 -0.27057 0.878546 1.46359 1.72749 -0.154486 0.0246788 0.413813 -0.207313 0.265582 2.03306 1.28207 0.909554 0.343351 -0.870339 -0.21729 0.818104 -0.479048 -0.581926 -0.458271 -2.15715 -1.38177 -1.56258 -0.808023 -0.319471 
0.737992 0.7803 2.14483 0.354045 0.988937 -0.645672 -0.0977061 1.05295 0.434977 1.40435 1.32666 2.35505 2.64139 0.757899 2.62944 1.51966 2.75132 2.722 0.910968 2.14471 2.53429 1.95194 1.02786 0.396941 0.409637 0.932955 -0.81963 0.598178 0.941744 0.957983 -1.51189 -0.491353 0.613879 1.89541 1.60481 0.0128543 1.15233 -0.521413 1.56874 -0.0731459 -1.41043 -2.55824 -1.88609 -1.3797 -1.73613 -1.16893 -0.727544 -0.803734 
1.89839 0.574239 2.23653 -0.691353 -0.862707 -0.792125 -0.563676 0.867286 0.819819 -0.722579 -0.0258224 0.643318 1.58211 0.298648 0.0828824 1.43556 2.78586 2.76595 1.70257 1.91072 1.40901 -0.143117 -0.362601 0.547516 -0.315439 -0.154846 -0.870555 1.37986 1.99632 1.82621 -0.216672 -1.16549 1.09887 0.494262 0.877761 -0.0140533 1.09634 -0.616494 0.697659 -1.03444 -1.04412 -1.76743 -3.08238 -2.67596 -1.84549 -0.816807 -0.247894 -0.96348 
1.2225 2.47929 1.16828 0.623079 -1.35429 -1.05892 1.35098 1.01586 0.303828 -0.737664 0.869953 0.795422 1.71351 0.701443 1.60362 1.15532 0.36466 1.56808 1.80289 1.27623 0.325779 1.96685 -0.178684 -0.324318 -1.46865 0.769904 -1.08351 -0.410931 1.77031 1.4525 1.97889 1.4135 -0.181986 0.164871 0.51931 1.67444 0.871499 -0.221297 -1.95559 -1.98872 -1.53784 -1.16958 -2.20821 -2.73742 -0.74652 0.864223 1.42005 0.807065 
0.874263 0.520984 1.98047 0.111771 -1.90611 -1.174 -0.0411175 2.18868 0.547618 0.257027 1.10585 1.52775 1.56635 -0.589956 1.53832 -0.0860007 -0.01129 -0.922795 -0.885837 -0.722049 -0.0777971 1.53804 1.2909 0.515003 -0.672138 -0.356021 -1.44979 -0.784681 0.296874 2.11495 2.412 1.52308 1.46619 1.39894 2.33822 1.60298 1.80284 -0.587228 -1.39646 -0.99819 -1.85631 -0.766367 -0.193571 -0.59244 -0.276644 0.723022 -0.143137 0.77215 
0.639091 1.79109 1.75987 0.485785 -1.47373 -1.1654 -0.700351 1.97415 0.971536 1.01763 1.3112 0.361784 1.55855 0.400075 -0.393654 -1.15881 -1.15292 -1.66103 -0.481881 -0.723828 0.176162 0.048138 -1.63374 -1.94934 -1.94576 -0.859742 -1.05662 -1.37805 0.794151 0.379192 1.36283 1.46885 -0.406834 1.60058 2.43164 2.09015 2.68085 0.244568 -0.222788 1.20538 0.399914 0.0922954 -0.410085 -0.989481 -0.802991 0.162527 0.145267 0.367902 
0.96344 0.905087 0.704482 0.511578 -1.39076 -1.08086 -1.91747 1.15083 0.0331819 -1.84703 0.139139 0.0791965 1.84842 -0.0154304 -1.53964 -1.56829 -1.17192 -0.571389 0.347701 1.01098 3.0279 0.874293 -0.284015 -2.34249 -1.93185 1.11878 -0.113307 0.432758 1.09349 0.642085 -0.0683746 -0.445969 -0.562708 1.43811 1.70729 3.53084 1.83094 2.4259 2.35056 1.95348 0.542295 -0.443153 -0.487774 -0.394703 -0.294459 -0.651075 1.13404 1.32785 
-0.997873 -1.10194 -0.924167 1.37351 0.767639 -1.68332 -1.48746 -2.47596 -1.32708 -2.44686 -0.531576 -0.0724256 -1.67325 -2.50479 -2.69578 -0.582829 -2.09416 -1.94396 -0.55577 0.789531 1.1898 0.270663 1.6064 0.103003 0.160665 -0.0547185 0.364696 0.924142 -0.143404 1.48589 1.25139 -0.0105578 -2.43504 -0.0264 1.12008 0.803545 3.14238 1.91939 1.41916 0.932089 0.0192751 -0.882614 0.854679 -0.00730463 -0.36573 2.38135 0.603602 0.266934 
1.62398 -0.340282 -0.323287 0.087976 1.89851 1.00507 -1.17854 -1.48224 -0.423333 -0.780754 -0.922275 1.09861 -0.331557 -1.73765 -1.62186 -1.54438 -1.86354 -0.651515 -2.03324 -0.898471 -0.0419936 -0.184227 -1.84941 -0.384194 0.494828 2.40029 0.743399 0.00311566 -0.46872 -0.677112 -1.18755 -0.955652 -1.73336 1.47798 2.12473 0.180954 2.80715 2.24086 1.91982 2.42608 0.456848 0.898413 1.02157 -2.01952 -1.62574 -0.163362 -0.673255 0.289915 
-0.0654698 0.683264 0.309483 1.24942 -1.2081 -0.225226 -1.35063 -1.41918 0.106958 0.497277 -1.57138 -1.45796 -1.58446 -2.91899 -1.95213 -1.03401 -2.51463 -0.685475 -1.07767 1.35728 -0.226778 -0.0513684 -1.6578 -0.764979 -1.25998 -2.10485 -2.9142 -0.234663 -1.87078 0.419798 -0.835088 -1.11952 -2.07259 0.592438 1.34477 1.53677 1.01356 2.88122 3.5293 2.5419 2.00264 0.101713 -1.56376 -0.895172 1.01821 0.904916 -0.521017 0.0944279 
-1.64095 1.75729 0.824564 -0.64792 -1.45928 -1.98645 -1.89908 -1.13283 -0.074312 -2.16851 -1.5654 -2.86351 -1.07393 -1.06505 -0.629193 -0.417585 0.720298 1.16355 -0.799859 0.752383 -0.548797 -0.880855 -1.27423 -0.537464 -0.707918 -3.00768 -2.34133 0.534326 -1.11052 0.560581 1.1149 1.11626 0.351633 0.471086 -1.92205 0.672866 2.04118 1.61244 2.61651 1.04364 1.81525 0.704985 0.345127 -0.285112 0.242592 1.29818 0.976128 -0.166963 
-0.337565 -0.24284 -0.901632 -0.35311 -2.34326 -1.82171 -2.28382 -1.60666 -0.413818 -0.918525 0.0482392 -2.62315 -1.77321 -0.020331 0.310999 0.934301 1.43839 0.310187 -0.807892 -0.553895 -0.839374 -1.55425 -1.02719 0.83028 0.213957 -0.815046 -1.52233 0.721181 1.85865 2.92257 2.7092 2.34843 0.0104765 -0.652357 -0.771413 0.854759 1.99692 0.608405 1.22473 3.08312 2.44508 1.9903 2.89412 0.335794 1.90049 -0.626734 -0.17746 0.0139742 
0.393273 -0.51239 1.19117 -0.528603 -0.44947 -2.49378 -2.27292 -1.90106 -0.921469 0.684771 -1.39624 -2.12648 0.649617 -0.857697 0.0907278 1.14111 0.686973 -0.827279 -0.874458 -0.762832 -2.90671 -1.41035 -1.71122 -0.461037 2.37851 -1.12628 1.72312 0.989054 1.71084 1.16338 2.52342 0.968814 -1.54101 -0.839585 0.0416674 1.52611 2.21328 1.95372 1.30862 1.56495 1.66215 2.07476 2.2698 1.01701 2.05239 1.213 -1.77082 -1.75612 
0.468463 -1.38404 0.553585 -1.45485 0.474835 -1.48645 0.366685 -1.84994 -1.40682 0.979473 -0.616199 0.692482 -0.372758 -2.21175 0.746626 0.781239 1.25212 2.47875 1.28975 -1.45182 -2.97923 -1.57988 -3.27843 -1.13448 2.61558 0.982543 1.31901 1.34715 1.32501 1.97096 1.525 2.03473 1.46103 2.75101 0.345656 0.336615 1.55276 2.90122 1.82362 1.41654 1.74555 1.49714 2.03775 1.89878 -0.479007 -0.42773 -0.334079 -0.515188 
0.513459 0.138755 -2.02329 -1.2796 -2.19056 -0.464975 -2.10452 -0.580136 -1.12119 -0.0698943 -1.18992 -1.01993 -1.04485 -1.09535 1.21531 -0.272195 1.59295 1.0784 0.0725262 -2.06636 -1.96018 -0.724857 -1.97122 -1.1628 -0.0118555 -0.532864 2.32338 0.485153 -1.52198 -1.07103 0.0658466 0.874784 2.23492 2.59129 -0.942808 0.769843 1.71354 2.62279 3.92115 2.72837 2.00128 2.02344 2.09564 1.88176 0.856379 0.0363532 -1.60153 -0.525512 
0.489254 -0.394965 -1.43416 -1.96402 -1.59781 -1.2971 -2.53112 -1.48551 0.16066 -1.26505 -0.507461 -2.84324 -2.12111 -0.73052 1.06876 0.748242 1.48751 0.96375 1.016 0.160414 -2.53026 -1.51639 -2.10662 -2.0396 -0.39534 -0.2174 -0.86512 1.00444 -0.600637 -0.82017 -2.20796 0.871457 1.8602 1.12287 2.91469 2.23453 0.797804 3.04726 2.12229 2.03149 1.35965 2.15464 -0.376566 -1.66914 0.657731 -1.29603 -0.342378 0.0211041 
1.58274 -1.57782 -2.50972 -0.942236 -0.770035 -2.4705 -2.11021 -0.481815 -0.0298778 -1.25504 -1.8007 -1.37901 -1.20098 0.83091 1.48032 1.04411 4.07022 2.62485 -0.38552 -0.586372 -0.52274 0.272026 -0.630243 -1.40088 0.312053 -2.43824 -1.61387 0.151484 -2.41062 -2.19375 -0.761912 1.68762 0.0727037 2.1137 3.35623 1.76475 1.60494 2.01271 2.63943 0.259807 0.947998 1.99777 0.866343 -1.65864 -1.76316 -0.599956 -0.991889 -0.522311 
-0.343739 -0.105851 -1.4691 -2.72062 -1.12734 -2.91937 0.453871 -0.488778 0.0230738 -0.0912342 0.715231 1.24472 -1.60349 -0.266271 1.71446 2.74542 3.2109 3.01739 0.575339 -1.1566 -0.0491212 -1.51966 -0.890949 -0.73382 -1.75943 -3.06093 -1.84026 -1.0002 -2.5066 -0.857198 1.11199 1.40628 -0.486232 1.40766 2.04169 0.868952 0.606749 -0.351722 0.861834 0.754069 2.94305 0.766371 0.520926 -0.875827 0.82428 -0.850143 -1.03027 -0.5353 
0.105778 -0.809707 -1.39905 -2.03291 -1.82497 0.328636 1.51193 -1.37911 -0.840835 -0.334376 1.2897 0.37597 0.996894 1.63901 2.12806 2.93084 2.55163 2.2823 1.91368 0.626236 -0.568218 -1.25406 -2.64404 -1.77104 -0.0874827 -0.659366 -3.03476 -0.790764 -0.434792 0.637333 2.08657 1.71414 1.31135 0.395685 2.52382 2.16897 -0.23471 0.808145 -1.3732 1.50955 2.99168 0.906276 1.56362 2.2381 0.929222 -1.85511 -1.21055 0.97625 
-1.83184 -1.15344 0.310371 -1.42188 -2.48591 0.086045 2.14557 0.993823 1.32884 -1.44055 0.0743376 -0.11751 1.95668 1.10224 0.563741 2.55245 2.52147 1.63732 0.981276 0.812994 -0.55866 -0.763817 -2.4363 -0.263641 -0.625988 1.30512 -0.154192 -0.161048 -1.51466 0.290539 0.845645 1.9069 2.31962 2.32625 1.68872 2.09708 0.182305 -0.400786 -0.229681 -0.399587 0.169375 -0.164822 -0.556374 -0.0953627 1.42426 -0.428949 -0.677555 -0.722208 
-2.06617 0.0276999 0.565806 0.272017 1.26724 -0.347546 2.50169 1.25927 -0.378507 -1.46096 -0.585107 2.27424 0.740122 2.91246 0.200215 1.62815 1.61398 2.82494 1.88499 0.716725 1.51983 0.054403 -0.299426 0.260468 -1.86168 -0.416586 -1.30297 -0.827098 -0.0739963 0.920125 1.85892 2.22175 0.170245 1.54914 1.35649 2.69286 0.476047 1.49754 1.76176 0.275024 -0.256361 -0.788067 -0.620436 0.128927 0.0749666 0.821235 0.820088 -1.4942 
-0.0763597 -0.0152968 -1.36916 0.11873 0.111489 -0.810041 0.395551 0.146829 0.512448 -0.314351 2.43953 1.99825 1.8808 1.39739 1.7633 2.21738 1.48597 1.4195 2.44515 1.17776 -0.0892286 -0.540642 -1.44511 -0.881267 -0.991151 -1.8147 -1.6712 -0.609527 0.45116 0.264193 0.699779 1.55117 1.81025 2.14777 1.44906 2.35081 3.34259 0.596088 0.326606 -1.0228 -1.65593 -0.275315 -1.53719 -1.13876 -0.918638 -0.316951 -1.80746 0.617994 
2.20989 1.3008 -0.130081 -1.8805 -1.67563 1.16255 0.18873 -0.259624 -0.466175 0.125559 2.50109 2.07127 1.12135 1.03021 1.94498 2.27107 1.81842 1.04707 1.36623 2.42142 0.0672137 -0.781591 -1.16411 -1.10635 -1.90502 -2.40645 -2.69862 -1.68994 -0.654716 -0.0890025 0.95873 0.29154 -0.17214 1.99369 1.79232 3.31712 0.896904 1.88784 1.25964 0.0577629 -0.337282 0.443598 -0.755143 -3.15612 -2.18831 -2.06831 -1.37481 -0.143531 
0.895799 1.39877 0.468376 -0.677518 0.225845 0.552719 0.26607 0.638274 1.29053 0.487121 0.278345 1.59126 2.3247 1.39419 2.30019 0.914729 2.06818 0.592264 -0.638168 -1.51229 -0.982387 -0.570687 -0.604267 -0.290308 -1.25403 -1.30297 -2.15768 -1.45666 -1.36417 -0.767135 -0.537802 -1.54459 -0.327039 0.0360982 0.864133 1.20769 -0.173833 0.287832 -1.88159 -0.0965499 0.968243 -0.10315 -2.19036 -1.04162 -1.06946 -1.34482 -2.7937 -1.64881 
2.20819 0.951796 0.425724 1.13752 1.20786 1.26465 0.285437 0.513556 -1.37781 0.368474 0.321331 3.00037 0.204328 1.63029 1.34242 0.844144 1.05942 0.744038 -1.44451 -1.14452 -0.935286 -1.7108 0.0778999 -2.39972 -2.38048 -2.77833 -1.83068 -1.94348 -2.59873 -0.306037 0.976898 -1.95618 0.960704 1.74017 2.79264 2.76215 1.21537 0.30206 -0.292855 0.248935 -0.357871 -0.611305 -0.975403 0.9721 0.888493 -0.568846 -1.77857 0.124815 
1.90782 0.796958 0.017052 1.93074 1.5643 2.73748 1.02365 1.46236 -0.132886 -0.975715 -0.428216 1.38191 0.772555 1.37223 2.46817 1.39003 1.82274 -0.703137 -0.992619 -2.02002 -0.0540822 -1.58011 -0.430458 -1.81389 -3.36592 -0.688459 -0.0431655 -0.532572 -1.0741 1.0836 -1.38105 -2.00238 0.406704 0.928157 2.43266 1.77994 2.01276 2.42368 0.669329 0.0315851 1.24642 2.15433 1.62288 2.2065 1.15661 1.3425 1.35674 -0.152264 
1.45598 -0.691973 -0.474825 -0.224446 -0.794186 1.11173 0.795707 -0.00173898 1.02415 0.934862 -0.17799 0.705195 0.582283 2.47372 1.40321 -0.596155 0.965789 -0.475915 -1.15823 -0.17525 -1.8536 -0.283198 -0.47396 -2.06033 -1.87212 -0.608734 -0.423402 -0.839372 0.95743 -1.15655 -1.26381 0.512668 0.818365 -0.323063 0.169263 -0.611391 0.322239 2.04649 1.24441 1.23155 -0.354303 1.1776 1.11403 2.64828 1.11262 2.14812 0.540902 0.373376 
2.79468 0.00743932
