dim = 2, LX = 24, LT = 24
g = 0.01, kappa = 0.295
number of blocks: 500 number of steps in each block: 10000
1.45035 1.28361 2.72481 2.48429 1.4666 2.88896 3.09366 2.87105 0.619932 -1.32832 1.65975 0.866818 0.386307 0.0900586 2.06864 0.914317 2.47789 2.71972 -2.05769 2.43677 0.76535 0.413732 1.56171 0.27241 
0.209706 0.157904 0.251376 -0.77679 2.7345 1.93357 1.91223 1.67172 0.904873 1.59899 0.0354184 0.743258 -0.0559666 0.823583 2.15099 1.83214 -0.108613 0.231991 -0.474048 2.84523 2.63097 1.13875 0.890911 -1.3134 
-1.52924 -1.84259 -1.04939 0.598769 0.588029 -0.35536 0.281782 1.26767 1.16468 1.43198 1.02597 -0.823097 -2.07271 -0.307582 1.75222 -0.0747345 -0.0790222 2.24439 0.294937 0.316061 1.41655 1.22789 -0.666911 0.27124 
-2.71974 -2.07118 -1.47534 1.44916 0.213206 0.353794 0.2891 1.38993 0.689468 2.58977 -0.661405 -0.730491 -0.314701 1.04309 0.77725 1.3208 2.22226 1.38822 1.77017 2.1612 0.0799302 -1.52662 -0.106922 -0.171048 
-0.921707 -0.36201 1.24204 1.13266 -0.0190461 1.32762 1.30318 1.2243 2.72334 2.21622 1.65253 1.43387 -0.942046 -1.16408 -0.147816 -1.08737 0.15714 1.20311 1.60053 0.542947 -0.889143 1.13082 0.392798 1.42375 
1.03891 1.51615 1.20699 0.800529 -0.466139 0.820773 1.11724 1.94629 3.25024 1.10051 2.06922 0.432955 -1.84617 -1.13846 1.28337 0.231159 2.75758 1.76044 -0.255121 1.7906 0.905688 2.04128 1.34529 1.49258 
-0.335485 0.993667 2.01811 3.71281 0.862428 0.256878 2.5327 2.84496 2.43239 1.63352 1.26557 1.49329 0.0947504 1.61709 -0.927604 0.141237 0.185922 0.45128 1.59937 0.0727096 -1.47728 -0.340816 -0.926943 0.233285 
-0.244172 1.78851 0.912544 1.54399 -0.185481 1.62205 1.7624 0.938211 2.74512 1.62199 -0.676294 1.128 0.786928 1.13225 -1.0546 -0.307293 1.26464 0.624769 1.44265 1.1459 0.288379 1.29391 0.949506 0.868619 
-1.91327 0.828042 -0.0694706 1.26039 1.3983 0.0671361 0.67544 0.382572 2.93578 2.61142 1.03606 1.19486 1.68898 1.03366 1.04402 1.95454 2.20744 2.75821 1.10769 1.22426 1.13133 0.330521 0.829985 1.62089 
-0.470304 -0.785101 -0.451672 1.64476 -0.055675 -0.368721 2.47302 1.74104 0.943511 1.6032 1.15927 0.696172 0.424706 2.40333 2.87816 1.93003 0.971275 2.1695 2.14573 2.21848 0.567797 2.39546 1.20774 1.62841 
0.899753 -0.332085 -0.0989299 -1.34902 1.50277 0.597718 -0.180391 1.61905 1.21979 1.53817 0.967149 0.709163 1.26013 0.838116 1.02728 -0.601725 1.61362 0.748811 2.26681 4.45081 2.57971 2.16147 1.94328 1.28722 
-1.21722 -0.10487 -0.453564 -0.975569 -1.22144 0.77946 0.342023 0.277213 -0.402424 0.855839 2.42474 2.05228 -0.546696 -0.00745919 0.697886 1.27495 0.970797 0.751922 1.03382 0.744002 2.58754 2.28152 1.81852 -0.065554 
0.860202 -0.372467 -0.213176 0.445769 1.7559 -0.63648 0.774365 1.62092 0.794227 0.365219 2.85101 2.35665 2.02226 0.000326637 0.932633 0.884207 -1.07796 -0.660895 0.122503 0.534103 0.294006 3.00233 2.33084 1.1642 
1.16318 1.36707 1.41779 0.877515 1.86948 0.183179 1.45815 2.11152 1.47524 0.50276 1.22147 1.8827 2.82047 1.67078 2.72712 2.04421 2.6607 1.32454 0.490962 -0.135899 -0.167906 1.44356 2.40198 2.42551 
1.62866 2.6104 1.70898 -1.43698 -1.00717 0.49699 2.36573 2.20704 1.35848 1.44865 1.5274 1.84032 1.91242 2.36665 2.94202 -0.00308945 3.52665 2.63752 -0.466627 -0.870972 0.416983 0.733525 0.42897 0.192439 
0.417214 1.81699 0.46209 -0.954997 -2.09233 1.19194 2.07984 2.40298 2.93048 1.99349 0.803798 1.91085 1.05347 1.5579 1.10913 1.99699 2.75384 2.15669 2.24637 1.93597 2.55586 1.28546 0.337903 -0.631648 
0.291427 0.276973 1.58248 -0.4683 -0.695489 0.0583333 0.503058 2.02999 2.11156 1.0057 -0.560567 1.17741 0.806888 2.4484 1.18553 0.169908 1.45715 1.21961 2.84285 3.27231 1.19072 0.528326 0.6682 -1.61857 
1.42479 1.56798 0.944087 0.694019 -0.981518 0.652116 1.10812 1.50816 1.24409 0.915942 -0.705822 0.890146 1.81134 0.672643 -0.292254 -0.129888 0.856647 1.42819 1.79916 0.832657 1.48764 0.733368 -1.84864 -1.43433 
0.133214 -0.828865 1.00449 -0.268661 0.722646 2.73318 1.81823 1.21948 1.23962 0.798567 1.55165 0.901864 0.19803 -0.861892 -1.12651 -1.13358 0.373988 3.81589 4.04554 2.65039 1.4765 0.16398 -0.2997 -1.45451 
2.64624 0.323746 1.20838 1.00592 2.40496 1.66266 1.64749 1.27457 -0.0520867 0.200196 1.10975 0.928851 0.408929 0.0610872 0.0752404 -1.71484 0.591808 1.92226 2.72973 2.66857 1.92424 0.639458 0.770054 1.40742 
2.18894 0.372947 -0.00874043 0.776564 -0.295226 2.77178 0.835479 -0.296233 -0.672298 -0.325901 -0.549857 0.855852 -0.294864 0.616137 0.606457 -1.43892 -0.603606 2.3348 2.28872 1.76031 0.861363 0.505074 2.60323 1.74457 
1.74627 -1.4441 1.15198 0.134895 -0.77129 0.714689 1.82442 2.1226 1.02013 -1.37652 -0.828821 -0.851497 -1.03681 -1.18966 -1.29893 -0.128156 2.54454 1.13323 2.69734 1.96415 -2.14795 0.701009 1.4509 1.70398 
1.42296 2.2602 1.66237 2.47189 1.15952 1.99006 3.30741 2.34014 -1.42737 1.48407 -1.83989 -1.17448 -1.00995 1.15432 -0.87498 -1.20283 0.411203 0.812308 0.224572 0.854565 -0.394518 -0.351932 0.905246 0.788446 
2.85933 2.74434 1.95184 3.22774 2.61743 2.45478 2.26944 2.41571 0.330062 -0.659561 -1.40456 -1.18355 -0.8715 0.568969 -0.259215 -2.01998 -0.451232 2.45757 2.16391 3.06013 2.17875 0.257047 -0.143678 2.23498 
7.74346 0.0212175
