dim = 2, LX = 32, LT = 32
g = 0.01, kappa = 0.295
number of blocks: 500 number of steps in each block: 10000
0.369358 0.328789 -2.026 -0.70592 -0.724548 1.49298 0.918128 2.89421 1.67871 1.57214 1.93956 1.85601 0.0471508 1.80781 1.30985 0.368175 2.46029 2.14861 -0.59615 0.949148 1.51621 0.670589 -0.782624 -0.147875 1.46746 1.15289 2.06057 3.0041 0.421821 0.172042 0.465411 -1.84628 
0.39474 -0.451212 -0.481956 -0.173555 0.300774 -0.997409 -1.21894 1.02726 3.73132 0.540825 1.90988 1.85165 1.15379 0.565103 1.68863 -0.124733 2.59845 1.62414 -0.92519 -1.68399 -0.296487 -0.0914913 -1.27294 0.312842 1.4045 2.14257 1.22554 -0.626681 -0.302319 0.147485 -1.63559 -1.6617 
1.23029 1.4833 0.584712 -1.44362 -0.773937 -2.13061 -1.10257 0.904927 1.95641 1.23536 1.52189 2.01571 2.35119 2.25221 -0.847577 -0.325561 0.419138 0.978065 -1.05551 -0.429014 -0.545486 -0.381183 1.10021 -0.678912 -0.0249348 -0.304341 0.529353 0.413675 0.400081 0.841539 -0.836872 1.52064 
2.57294 1.4946 0.776109 -0.334045 -0.472454 0.696827 0.348945 2.34607 1.01847 2.51343 1.2015 0.439433 1.71374 2.20431 0.763627 -0.814544 -0.0247652 0.817347 -0.648051 -1.8629 -0.696323 -1.79809 0.222576 0.0695536 -0.0339117 -0.632596 0.647229 2.27486 0.395356 1.75904 1.2178 2.1767 
-0.653432 0.117376 2.96889 0.992866 -0.187926 1.57659 2.22561 1.47385 0.954442 2.92338 1.6222 -0.909097 0.33643 1.81805 1.44676 0.791643 1.00986 -0.388375 -0.0586578 -0.646171 -0.293307 -0.122777 2.00628 1.49904 1.32954 -0.456138 -2.62773 -1.15929 2.36807 1.02416 -0.26471 0.284803 
-0.360165 0.673327 2.02412 2.95018 2.32799 1.40426 0.464079 -0.0905711 1.12083 -0.142114 -1.3084 -1.79385 0.423857 0.513216 0.564523 -0.929308 -0.614556 -0.955461 0.0381757 -0.68884 -1.70438 -1.48412 0.975541 0.357462 1.71752 0.0359405 0.179075 -1.98761 0.484582 2.23774 0.99164 -1.01712 
1.03398 0.584574 2.89776 2.46004 2.11745 3.29922 2.9505 3.05358 2.34268 0.333834 -1.15677 -0.152064 0.463263 0.331575 0.975511 0.702597 0.329153 -1.05678 1.14229 -0.639874 -0.789932 0.0824275 -0.10481 -1.20657 -0.545529 -1.26513 2.69466 1.72375 1.40629 1.79195 2.91389 2.54624 
0.511509 1.63972 2.41326 0.593118 0.5529 2.16473 1.25753 2.38715 0.963079 0.108397 0.75247 0.658295 0.11558 2.61006 0.884759 0.904552 -1.3198 0.973369 1.79744 2.11396 -0.235779 1.42757 -0.487273 -0.824166 -2.44407 1.92746 1.93155 0.75902 0.630871 1.52308 0.888368 1.05854 
1.41443 -0.283338 1.25854 -0.110993 -0.436333 1.84257 0.051789 1.86363 1.27675 1.07646 2.52098 2.71091 2.10261 2.12717 1.851 1.39072 1.24394 2.67258 2.32467 2.36599 0.955251 0.145094 -0.046717 -1.77993 -2.44816 -0.830725 0.39373 -0.710554 -0.256218 -0.727646 -0.138814 1.28069 
0.0312973 1.47211 0.357091 1.0444 0.783734 0.6281 1.6631 3.15373 1.99769 0.581859 2.30622 2.80883 2.38841 2.63919 0.156819 0.661724 1.32474 3.18281 1.08781 1.33169 0.691182 1.25331 1.14121 0.0899075 -1.36187 -0.410648 0.824573 -0.199578 -1.24431 -0.713002 -1.78202 0.838633 
-1.35404 -0.442518 -0.400262 -0.634322 1.67037 -0.420004 2.20515 1.0935 1.59493 -0.364316 -0.742579 1.48811 0.449993 1.14552 2.45358 0.28524 0.458626 1.26816 1.60731 0.582225 3.09623 0.869411 -0.0139285 0.479411 1.84204 2.16576 2.10264 0.386333 0.246533 -0.286274 0.373391 1.08112 
-0.83317 -1.4965 -0.105479 0.679046 -0.688131 1.09186 1.20768 0.517286 1.47519 0.720246 0.702928 2.0234 1.35769 2.82953 1.73183 0.106642 1.35744 -0.324164 1.40775 -1.55479 0.574368 -1.54251 0.491349 -0.950985 -0.671423 -0.033021 0.183489 1.36934 -0.423394 -0.011677 0.477852 0.526851 
1.28983 -0.633348 -0.214263 -1.3094 -1.84729 0.574022 1.06025 1.78207 1.13723 1.82192 2.39327 2.21883 2.24488 3.31803 0.254243 0.400744 -1.11909 -1.22014 -1.98387 -0.93157 -1.18885 -1.9783 0.242756 -0.8874 -2.57251 -1.34716 0.485665 -0.0648698 -1.48182 -2.26909 -0.308911 -0.333486 
-0.504794 -2.36993 -0.720993 -0.668697 0.690605 -0.258746 1.70703 2.95104 2.04245 1.51038 1.16584 1.10038 3.83423 1.86106 0.640182 0.639099 0.98364 0.0140174 -1.01316 -1.57061 -1.07378 -0.356939 0.170936 -2.2588 -1.96623 -2.38028 -0.123615 -2.03765 -1.01802 -1.74897 -1.31741 -0.355647 
0.76774 -0.370117 0.0083983 -0.345801 -0.995626 0.0888966 1.37486 2.44741 1.5974 0.553787 0.220885 0.904892 1.38846 1.47708 0.319649 -0.428069 0.84994 0.534706 -0.0358037 -2.09103 -0.287882 0.414301 -0.0703449 -0.959649 -1.60248 -1.70562 -1.13141 -1.59032 -1.58633 -2.66535 -0.911635 0.642234 
-0.985058 0.44439 0.346054 -1.08753 0.813342 1.43281 1.88231 -0.438549 2.85436 1.92926 1.28531 1.14876 2.12046 2.18587 0.702872 0.227523 0.815905 2.06909 -3.04852e-05 -0.0702616 0.0382889 -0.128882 0.444072 -2.64249 -0.283139 -1.14427 0.128564 -0.185481 -1.66762 -1.38519 -1.16999 -1.35799 
-0.800077 0.474614 0.488316 0.369895 0.719509 -0.167771 0.703103 1.49483 2.47589 2.77213 0.854419 0.727723 1.63305 2.14871 -1.17694 1.10031 1.49788 0.459024 0.409005 0.473884 0.468671 -0.43227 -1.3307 -1.75098 0.973634 0.861059 -0.577541 -0.145444 -0.0189889 -1.29837 -1.69913 -0.362504 
1.45616 0.576792 2.39556 1.23949 1.25203 0.720799 0.642903 1.47165 2.56357 0.874715 1.30789 1.89681 0.812877 0.305176 -1.57138 -0.783357 2.35367 1.71021 1.04439 0.00630735 -0.805977 -2.03158 -2.40015 0.159308 1.45093 0.872889 -0.986896 -0.594131 -0.458803 -0.860617 0.802579 -0.00290264 
0.807532 0.417074 2.1373 0.736469 0.254503 0.664976 0.946105 1.37544 1.98994 1.19006 -0.107393 0.331585 1.41622 0.530285 -2.77086 -2.79593 -1.90488 2.65286 1.68249 1.78623 -0.089336 0.639207 0.36031 1.55696 0.721566 -0.0240048 -1.63865 -1.78496 -2.25348 0.056283 -0.831534 0.354953 
0.865228 -0.245752 2.02844 0.150402 1.38976 1.21381 3.06451 1.33448 -0.936919 0.54262 1.89881 1.11762 -0.222379 -0.34416 -2.03728 -0.568904 1.05843 1.4105 2.36459 0.392888 -0.951111 -1.67625 -0.0919209 -0.267638 0.761458 -0.323224 -2.17453 -3.33738 -0.558326 -0.184176 -1.09918 -1.20421 
1.95093 1.55127 2.92956 -1.4315 2.70682 0.331805 1.58659 1.18376 0.851688 2.71051 3.0364 0.527811 -0.900914 0.0422776 -0.755749 0.219882 1.47757 0.200753 1.28799 1.31227 -2.84235 -2.22731 -2.35834 -1.01259 -0.330539 -0.54531 -0.687372 -0.300975 1.50211 -0.557699 0.30395 2.29829 
1.25504 0.888107 1.94677 0.869756 1.42486 -0.050306 1.94394 -0.496826 1.88488 2.07247 1.97436 1.56064 0.656712 0.983331 0.855842 -1.09092 0.164596 -2.1502 0.194906 1.16934 1.26974 -1.96948 -0.239369 -0.602428 -0.707516 -1.50736 -0.0407161 -2.03933 0.755994 0.563692 0.0060631 0.690529 
1.44996 -0.218617 1.02044 3.4223 1.99096 1.14881 1.13179 3.1524 2.47762 2.06677 2.20505 0.688297 -1.21599 -0.31081 0.747337 -0.420667 -1.55009 -1.58834 -1.18534 0.976293 -0.701886 -0.582409 0.151087 1.1657 0.38998 1.47891 0.0842719 -0.666144 2.10903 1.75032 1.76599 1.18236 
2.31808 -0.807513 1.54057 1.41184 2.55683 0.679185 1.40527 1.83731 -0.510108 1.28435 1.59646 -0.185013 -2.15128 0.66898 2.02271 1.32533 -1.03332 -0.592231 0.211868 1.08357 -0.206664 -0.0647937 -0.650732 -2.20769 -0.628149 -1.08644 0.1794 -0.749529 0.0738795 1.66934 2.02354 2.46838 
0.128995 1.22844 1.4021 1.67964 1.62057 0.407985 0.730914 1.41999 1.19653 2.97718 0.996214 1.40345 0.426952 0.650118 2.01093 -1.16896 0.64038 -0.361844 -0.424859 0.819105 0.420966 1.33638 1.71197 -1.66233 -1.72876 -1.6026 -1.69119 0.108653 0.928572 2.54933 1.48379 0.752394 
3.41199 2.52333 0.549548 1.75583 2.64234 1.20381 0.21423 0.236112 -0.812347 1.38203 1.74505 1.52712 0.680333 -1.18955 -2.26864 -1.25259 -1.38711 -0.794395 0.610663 -0.518485 1.28167 0.568024 2.06745 0.376794 -0.695968 0.437456 1.07876 -0.442588 0.526996 0.396815 -0.00193296 2.48831 
3.04146 3.21381 1.45766 2.26553 2.02098 0.685735 -0.119342 1.28428 -0.373926 -0.416882 -0.356043 0.971484 0.23028 -1.4488 -0.0577222 -0.907199 0.0387887 1.34338 -0.579725 0.423786 2.92931 2.52191 2.21189 1.75675 0.762307 1.19347 0.0745674 1.07424 -0.576568 -0.129296 -0.243719 0.871758 
2.18349 1.50235 2.48688 2.93114 2.91679 1.36628 1.53952 -0.63304 0.157624 -0.688727 -0.815135 0.450453 -1.08223 -0.314047 0.781461 2.80964 0.0564602 -0.18406 1.15159 0.31225 1.70062 1.4259 2.1181 1.40904 1.23446 0.148409 1.45721 0.969351 1.64386 2.63979 0.639306 2.16353 
2.04459 3.01777 1.80848 1.39243 1.67201 0.0984754 0.530307 0.522313 0.523305 0.170705 0.193953 -0.367792 0.157647 0.332782 0.611991 0.68545 1.08853 -0.81021 0.200718 0.465429 -0.361069 0.783244 2.51797 2.23596 0.817745 1.82863 1.80151 1.33558 2.74728 3.0476 0.91736 2.01708 
1.42726 1.54086 -2.31527 -1.86181 0.826099 0.783876 0.433491 0.462516 0.0734441 0.0158736 -0.831745 0.926889 0.0817722 0.743874 0.718655 0.0600578 -0.222697 -1.2116 0.502821 2.3941 1.7476 -0.336586 2.48203 0.265933 -1.3297 1.01903 2.51901 2.39936 1.68106 0.666053 1.54159 -0.195023 
0.0212381 1.46774 -1.5688 -0.763848 -0.217777 0.432295 0.46613 1.89972 1.87299 2.23532 1.34237 0.262909 -0.0104901 -0.602166 0.776772 -1.1526 1.6075 0.199827 -0.024435 1.90105 0.155114 0.83834 1.36358 0.808306 -1.13228 -0.177871 -0.0270985 1.77966 1.63604 0.941308 0.1369 0.00777889 
0.0625745 -1.46352 -1.34583 -1.71123 -0.844603 1.06809 0.467591 1.74959 2.43544 1.43643 0.101656 1.18528 1.19171 1.40085 -0.801749 -1.3778 1.49604 0.178011 -0.297384 -0.12237 1.15845 2.07068 -0.581334 -1.50124 -0.322986 -0.254711 -0.659959 1.31493 -0.594308 -0.0456591 -0.879015 -0.497465 
5.73873 0.0166283
