dim = 2, LX = 64, LT = 64
g = 0.01, kappa = 0.3
number of blocks: 1000 number of steps in each block: 10000
2.18316 3.14889 1.31178 0.658155 -0.0501326 0.420175 0.671076 2.10606 2.31878 2.00956 1.65985 1.90952 1.61141 -0.179496 1.04591 1.62611 0.627049 0.630578 -0.880897 -0.414429 0.717801 -0.737971 0.186619 0.470893 2.11436 0.276692 -0.939008 2.05956 1.75061 2.76888 2.12643 1.05968 1.07485 0.684791 2.28474 2.34815 2.07752 2.47982 1.78081 0.733192 3.4431 0.992304 2.35301 2.44063 2.13627 2.18457 3.10982 2.10491 1.17929 1.2468 3.20301 3.00924 1.98338 2.11759 2.30012 1.73282 1.55964 -0.180391 -0.363641 2.11825 1.1658 2.23644 2.0149 1.83362 
0.798171 2.58304 -0.0395175 1.86065 1.86975 2.04226 0.387653 0.792537 0.216029 2.57261 2.27451 2.28697 1.49355 1.77462 0.0836274 0.134482 1.78605 2.5114 1.33708 -0.589465 1.85608 1.9568 0.362819 -0.0154897 0.739098 0.526588 -1.9111 0.0324858 2.37986 1.90691 2.8046 0.383274 1.18314 1.62866 2.24294 3.3167 2.29493 1.95596 2.36592 2.21259 1.5201 1.27075 0.834685 3.00197 2.75274 3.98864 3.43478 1.76682 1.59674 1.75753 2.33184 1.61206 2.2484 2.76888 3.02254 0.985007 1.38035 1.96113 0.887766 -0.853751 0.263882 1.13395 0.43353 0.992166 
1.01366 2.00289 0.457693 1.43651 1.62391 1.28123 1.59042 1.51707 0.579328 2.80826 1.04368 2.95537 1.75415 1.48074 0.198676 0.890072 1.64688 2.19083 0.497648 -0.338964 -0.58028 0.204279 2.82506 1.78062 1.94477 2.28545 1.79378 0.678342 1.07165 2.50947 2.87879 1.33502 1.16583 1.38852 1.58543 0.969175 2.30974 2.40227 2.95674 0.485875 1.92925 1.43958 -0.363153 1.63729 3.73478 1.90325 0.576436 0.310948 1.01078 3.0089 1.53712 2.81234 1.71807 3.18586 2.37438 0.816502 0.815608 1.09129 0.0555163 -0.522697 1.13125 2.04387 1.65871 2.14232 
2.17409 1.27182 1.12338 0.490403 -0.555193 0.906113 3.05057 2.64635 3.55596 2.49821 2.15893 3.82458 1.37836 1.83856 1.78926 0.771405 0.8367 1.16271 1.2757 1.69004 -0.504899 0.607167 1.39772 2.04172 2.34259 1.49989 1.12408 1.2271 2.13816 2.12681 0.406065 0.541805 0.203494 -0.456142 2.12507 1.86078 1.55931 2.12113 1.00643 1.60266 1.92141 0.993861 0.594688 1.66135 2.71309 2.15809 3.42865 0.951113 0.139688 1.40954 1.81428 1.58625 1.01079 2.45418 2.34619 -0.738031 -0.873277 1.10333 -1.35602 1.25345 1.51281 0.640281 0.755868 3.81495 
3.31563 2.27277 1.35213 0.166625 -0.222082 0.994953 1.54892 2.7123 2.4786 1.59627 2.11589 2.16933 2.31145 2.03297 3.05085 0.223913 1.57505 1.59237 1.49079 0.103364 -0.276856 0.968512 2.36546 2.69581 0.896609 1.63309 -0.0267953 2.10026 1.50119 0.601447 0.618207 -0.955762 -1.22534 0.568048 1.55447 1.37757 1.10322 0.619638 1.49196 1.81266 2.13572 0.826875 3.69002 2.96185 2.06155 2.93208 2.55757 0.639727 -0.27577 1.67512 1.30516 -0.275792 -0.436884 0.380234 2.35411 -1.08845 -1.19917 1.16456 0.531214 1.62432 1.15137 0.436655 1.79719 4.0255 
0.379274 3.15705 3.04171 1.77016 0.884348 1.71131 1.23026 -0.368623 0.522256 0.805515 2.15597 1.00917 0.738025 1.08154 2.5516 2.61669 1.47179 -0.133616 0.392354 1.43282 0.893416 2.55926 2.35054 0.898521 1.04817 0.269423 -0.212791 0.834207 0.902112 3.45516 -0.281197 0.31261 -0.916159 -1.35553 2.31011 0.618263 0.62711 0.946427 0.342088 1.94921 3.63907 1.06712 2.51688 1.30546 1.14663 1.15973 1.95774 1.44437 0.500602 1.75878 1.72934 -1.03005 -0.0964987 -0.405549 1.42492 -0.498285 1.42645 2.3217 2.17853 1.46799 1.07694 1.47823 1.58954 2.51954 
2.98527 2.0218 1.37838 0.246331 1.02001 1.12142 1.47214 2.37071 3.15644 2.12139 1.78865 0.442546 1.82588 0.0258895 2.15249 2.07958 -0.368874 1.56455 1.36751 2.01702 1.34538 1.37083 2.63165 0.248263 1.32257 0.626155 -1.78436 0.434412 1.36521 0.957899 0.961974 0.168163 -0.659847 -0.362446 2.49994 1.40626 -0.665232 0.166406 -0.92742 1.57521 1.15367 2.73146 1.81687 0.854049 1.03889 0.852526 0.0899089 2.19122 1.07272 -0.169732 0.281267 0.643813 -0.567139 -0.834924 0.331025 -0.523388 1.15077 1.81186 -0.173847 1.73378 -0.274625 0.562979 1.01494 2.05935 
2.1901 2.38926 1.86768 2.30511 2.74593 1.11223 1.36284 0.23138 0.667801 0.151611 1.55914 2.67292 2.41283 0.282175 3.02238 2.59515 1.87151 2.48427 1.82719 0.391042 2.53751 2.38765 2.36116 1.35512 2.66388 0.789016 1.01142 0.551669 0.19432 -0.165245 0.671469 1.28468 0.105433 0.724824 1.60101 0.100305 2.70078 -0.102384 0.769167 1.7185 0.468237 -0.005502 2.16384 0.545382 0.111293 -0.980653 -0.0409513 -0.480229 1.6688 1.71224 0.376115 1.12072 -1.04335 1.02701 -0.359849 1.86573 1.41543 1.11779 1.91125 1.44265 0.731992 0.635705 0.553001 2.28627 
1.68531 1.11909 0.940416 0.884523 2.40527 0.542929 0.05718 -1.9326 -0.547067 0.706618 0.551901 2.50125 2.07212 1.17551 1.57407 2.46842 3.53374 2.38217 1.6662 0.116146 0.415535 1.90479 2.39184 2.88815 2.11564 0.0631946 -0.63128 -0.89232 -0.566989 1.17852 0.829546 0.68867 -0.190044 -0.0432628 0.746872 0.929395 1.23552 0.128312 0.444893 1.33783 0.52705 -0.966349 2.31348 1.3564 1.12476 0.623785 3.65765 2.70487 1.06901 -0.614498 0.389413 1.19117 2.32046 1.43083 0.430953 1.80841 1.22982 2.16105 2.84141 2.04201 1.52422 0.529425 0.833295 0.445565 
2.32898 1.88604 0.843579 -0.274637 0.557206 -0.840525 -1.64305 -0.405289 -1.38277 0.433997 0.701005 0.908594 -0.0379035 0.164191 1.4524 2.48118 1.92039 3.5966 1.08112 1.56942 0.371002 0.990636 0.349924 1.73872 2.42242 2.54128 1.56427 -0.386906 -0.305717 -0.543102 0.180487 1.10856 1.14374 1.55898 1.57445 1.83228 1.89811 -0.82121 3.04258 2.67651 -0.0799483 -0.13931 0.483546 1.69886 -0.793921 0.686358 3.10858 2.98029 1.40927 1.75545 0.10601 2.78453 2.83958 2.59167 1.56698 2.09925 -0.300555 2.10511 2.33839 1.80992 1.92107 2.5186 1.06547 0.701625 
-0.249793 -0.87613 -1.35326 -2.4401 -0.751001 -0.947227 -1.01826 -1.94119 -0.755497 1.72642 0.0428127 1.07701 0.210249 0.850654 1.37034 1.13007 1.23353 1.74349 1.54116 1.01886 0.199696 0.216562 2.37219 1.07078 1.0366 0.995369 1.87285 -1.56506 -0.45366 1.17301 1.82629 1.67319 0.392563 2.21411 -0.3222 -2.1456 1.10176 0.126621 2.33505 0.776394 1.08352 0.6325 -0.326374 0.69394 -1.65412 -1.07908 1.19647 1.43184 2.02102 1.19583 0.156052 2.01988 1.53836 2.45473 1.22661 1.95863 1.32127 1.70107 0.454503 0.322596 -1.16178 -0.464728 0.211479 1.06858 
-0.753985 1.60069 -2.34734 -0.40452 2.1252 0.93597 -1.58375 0.102029 -0.94436 0.269773 -0.310244 0.77344 1.36385 1.96371 2.52798 1.60541 0.780962 3.2718 1.66372 0.135154 -0.0470328 -0.070989 1.82551 2.41163 1.6475 2.76993 1.49636 -0.0361755 0.451649 0.263872 1.04726 0.632593 1.16473 0.603444 0.310185 -0.637811 -0.0371183 -0.578021 1.95306 2.18106 1.1829 -0.289752 0.310882 0.270422 -0.585807 -0.216136 1.88508 0.408621 1.43451 1.35658 1.97017 3.64466 1.38992 1.34203 2.31188 1.69601 1.42896 1.9312 2.04807 0.877309 1.51525 -0.255611 -0.472951 0.0347319 
1.5181 0.213169 -1.93737 -2.24454 0.430119 0.825251 -1.34344 1.13705 0.0277698 1.58737 0.896388 1.93503 0.795681 1.49391 0.92465 0.43772 1.97115 2.85265 1.03901 2.18771 -0.274288 -0.0344876 2.34157 1.18569 2.43227 2.33386 2.2822 0.900325 -0.559796 -0.187161 0.15395 0.027387 1.02735 0.0242625 0.88685 -1.06884 -0.0539977 -0.0330738 0.917201 -0.118157 -0.134144 0.000248428 -0.0932347 0.981318 0.801688 0.394154 2.60703 1.33757 2.14243 1.10513 1.99055 2.51053 2.87235 1.83471 0.466723 -0.814621 1.72022 1.68272 0.202544 0.221033 -0.858679 1.45262 0.349197 -1.10297 
-0.82876 -2.55857 -1.05406 -1.09472 -0.164925 -0.533576 -1.03689 -0.507868 1.47274 0.300012 2.14471 0.196992 1.47193 2.34625 2.16316 2.13529 0.696284 0.973131 1.16788 0.294195 0.393753 0.982958 0.599514 0.757956 0.452814 1.34128 1.89779 1.02996 0.433678 0.643645 1.88723 0.975557 0.856748 1.17601 1.70013 1.46642 1.76856 0.49633 1.88966 1.10891 1.28171 2.76286 1.84304 2.12701 1.90674 0.848153 3.05329 2.2365 1.54453 0.209749 2.70537 1.09802 -0.0842228 0.313999 1.14139 1.58027 0.971096 1.34833 -1.4825 -0.999938 -3.28136 -0.619406 1.0257 -0.487322 
-2.407 -0.507983 -0.393068 -2.31723 -1.08349 -0.236073 0.640987 2.18256 2.3664 0.95963 3.43205 1.3383 1.86901 2.4184 2.90967 2.2036 2.35647 2.33887 1.03762 1.42218 1.32222 1.47317 1.00398 0.182457 0.435491 0.100955 0.579231 1.28964 1.08685 0.981076 0.0164709 1.52988 -0.0830682 2.09774 1.52712 1.80279 1.47177 0.791012 0.749895 1.24355 0.61648 3.27355 2.60182 0.505277 1.31642 0.419836 2.91591 1.56399 1.8806 1.93765 1.09583 1.87208 1.00283 -1.02 0.143606 0.163564 -0.0314456 0.250089 -0.0953752 -2.11293 -2.14621 -0.592137 -0.53348 -0.335586 
-1.71205 1.06352 0.699532 -1.15689 -1.75378 -0.258412 1.50846 2.55986 0.380418 1.18879 0.419673 0.763183 1.34199 1.24064 2.30637 2.31715 3.41711 1.41816 0.663908 -2.1764 -0.915993 -0.300277 0.619909 0.510655 2.32892 0.592852 -0.394857 -1.57816 0.917399 0.905652 -0.271197 0.480271 1.94725 2.31092 2.17724 2.20807 1.59673 -0.702549 1.218 2.12371 1.53108 2.06409 2.05049 1.13228 2.26822 0.277958 1.85722 1.61057 0.733257 1.91274 2.47759 2.91956 2.19951 1.53691 -0.0901805 -0.244916 -1.551 -1.38558 -1.74331 -2.37321 -2.30013 0.54088 0.284974 -1.40648 
0.952562 0.852091 -0.884339 -2.4746 -0.412349 0.382814 -0.60381 2.23601 -0.875406 0.18086 1.83084 1.40786 1.77841 1.79371 2.35788 2.6773 2.28395 1.15469 2.13332 -0.51441 -0.0867825 1.92563 2.329 2.13479 0.699726 2.80195 0.149027 -0.730687 1.7494 1.79232 2.21564 0.981886 2.6049 2.00946 0.571495 3.10844 1.22845 1.70361 3.54852 1.94383 0.874215 1.34139 1.22742 0.755152 1.56585 2.42823 -0.483685 -0.140315 1.59302 0.987949 -0.275809 -0.0129936 1.92808 0.413051 -1.43343 -1.27065 -0.910269 -1.74847 -0.474643 0.376637 0.0790839 -0.304 -1.07195 -1.01508 
0.52502 -0.30177 -0.796501 -0.441564 0.510614 1.49706 1.43588 2.28797 2.15225 0.887959 -0.313779 0.705722 1.6104 1.11084 1.5848 1.85644 2.74299 2.18942 2.59106 1.40767 2.21642 3.32785 2.6326 1.6126 2.01292 1.92029 1.72897 0.547184 2.70226 2.6045 2.63799 0.619073 0.846651 1.40185 1.08329 0.825957 0.889599 1.23248 2.7449 0.997634 -0.46834 0.957346 1.26185 0.122753 -0.602515 -0.950907 -0.480882 -0.424952 2.19216 2.45959 -0.0452475 -0.432145 1.82675 0.481059 1.34758 -0.0531571 -0.824128 -0.439126 -0.810065 -2.03633 -0.205655 0.332518 -0.439351 -0.305662 
1.7425 0.45085 -1.29682 0.0483844 0.628003 0.875273 0.6485 0.888934 0.293268 0.919433 1.22574 2.0596 3.27644 2.06425 2.1128 1.49574 1.25272 1.45257 0.56389 2.28166 1.07163 2.51814 1.79586 2.21421 2.30831 2.17436 1.65069 2.58306 1.32716 0.495156 0.432387 1.39955 2.19579 0.497398 3.19195 2.27971 2.84971 1.76512 3.3247 3.01836 1.57948 1.29516 1.31418 1.69685 -0.454576 -1.18709 -2.19181 -0.0193905 1.11612 0.66307 0.834128 2.18213 1.09662 0.54123 -0.54969 -0.163475 -0.776258 1.11197 1.44837 -2.12314 -1.54041 0.0420196 -1.2646 -1.08253 
0.744027 -0.318198 -1.97927 -0.335116 0.135188 -0.534072 -0.55599 1.29496 -1.06146 -0.557324 0.0175348 2.40816 3.61493 0.363151 0.588786 1.92685 1.02342 -0.291572 -0.0297797 3.16279 2.09989 2.16112 2.48594 3.15472 0.405974 1.79107 3.01735 1.8362 1.98877 3.60114 0.0396359 2.71144 2.52493 1.13826 2.48129 1.55173 1.93416 2.44423 0.932952 1.67029 1.01429 1.13856 0.205788 -0.107657 1.12665 -0.464122 -1.42296 -0.755116 -0.324386 -0.176911 1.22438 -0.54989 -2.29361 -1.22514 1.17729 -1.64758 -0.263532 0.0703484 -0.369598 1.46471 1.72233 -0.250902 -1.71974 -1.96729 
0.129019 -1.70558 -1.46236 -1.90572 -1.27844 0.765389 -0.0306886 1.50416 1.12427 -1.27355 1.45044 2.61545 2.42354 1.75342 0.965317 1.5624 0.675876 0.780591 0.469028 3.34241 3.21771 3.04649 2.84995 2.88049 0.62635 2.97417 2.67893 3.43791 1.81638 2.16927 2.12835 1.90552 2.66524 3.23855 2.21051 1.79861 2.21054 1.70952 1.46019 3.16504 1.54548 1.83732 -0.133315 -1.68484 -1.37426 0.855848 -1.76494 0.7141 1.51144 1.35958 1.71556 1.04559 0.0889717 2.57036 1.66579 -0.0217867 -0.770707 -1.09167 0.0104315 0.60368 1.44039 -0.137106 -1.20809 -1.29737 
0.96565 -2.1987 -1.43053 -0.469669 -0.649298 0.0508594 -0.882926 0.309004 2.41794 0.388874 0.362254 3.13227 2.74824 2.33101 2.22313 1.82117 1.40714 -0.40141 2.7673 3.68708 1.76769 2.06547 0.0736149 1.34303 2.8332 1.95547 3.72506 1.70949 1.43617 1.73426 2.23905 0.971108 2.11008 1.95646 1.52194 2.28806 2.30813 2.164 2.68212 1.60296 2.06872 2.73564 2.11765 1.2541 1.21896 0.73013 -0.865775 -0.227203 -1.24583 -0.244993 1.14182 0.595967 0.178238 2.95765 2.026 1.62382 -0.859757 1.86835 1.27596 3.90801 2.30783 0.432741 1.11327 0.86085 
2.37441 -0.285904 -0.173135 1.71397 -1.25401 -1.11193 -0.0850231 -0.00332155 0.282752 1.51986 2.38879 3.22743 2.87892 2.86331 2.07664 2.36259 1.43593 0.1455 1.67208 2.88417 3.05256 1.11496 -1.3894 1.00353 4.02775 2.62536 2.54295 1.54591 0.681088 1.60838 2.23638 0.410999 1.21566 1.02616 0.882015 2.61439 1.18003 1.30162 1.63917 0.727675 1.22972 2.71513 3.76372 1.66687 1.31409 2.40694 2.14698 0.846632 0.940664 0.585811 1.5681 0.803062 1.535 2.44247 3.12616 2.17419 2.86326 3.12731 2.1928 3.65024 1.89047 1.6453 1.17972 2.86462 
0.979636 -0.0890328 -0.0138563 0.54399 -0.377525 -1.14017 -1.44536 -0.765212 -0.63075 1.32718 1.87597 1.15054 1.13377 1.02354 2.40334 1.11092 0.574591 2.92567 0.989133 1.60765 2.69098 1.78324 -0.0629222 1.93749 1.8526 2.58855 2.72501 1.68011 1.9245 0.549339 0.17884 0.539908 1.20012 1.30259 1.03009 3.2066 2.16458 2.23376 0.14073 1.2847 -0.377222 0.421428 2.94123 1.74962 2.32688 1.30266 1.92433 2.05745 1.86976 2.00163 1.66379 0.927124 0.0554881 2.34386 2.11159 2.21596 3.61226 2.43324 3.28251 2.26626 3.57156 2.31389 0.348482 -0.55076 
1.40794 1.37477 0.847905 -0.796399 -0.517932 -2.85783 -0.764864 0.324418 -0.140854 0.69332 0.95783 -0.423397 -0.991163 -0.123608 0.918086 2.34763 0.724274 2.3056 1.47158 -0.387706 2.83343 2.19737 1.51248 1.10901 1.39443 1.86856 1.78687 2.46551 2.26054 0.829054 0.288596 0.273663 0.373699 0.777519 0.782618 2.81231 2.72399 1.44634 2.72708 3.00401 -1.4776 -1.92395 1.79956 2.19788 2.0738 1.54974 2.0843 1.78656 2.06709 1.51969 1.09703 -1.04469 -0.329986 3.03323 1.88474 1.25091 2.43329 0.868617 2.15801 1.25885 1.76348 -0.713041 -0.437866 -0.409746 
2.23017 1.9058 0.0732516 0.0371413 -0.143991 0.0164694 1.24852 0.291183 0.961991 -0.449581 1.94991 0.68582 -2.20264 -1.71601 0.659196 3.26245 2.20084 2.85236 1.32171 1.32462 2.68578 2.81681 1.94704 1.54611 1.79173 1.15472 -0.634813 1.10114 2.3202 1.81115 0.612668 -0.328762 0.238821 0.586277 1.19183 2.21288 2.80918 0.533632 4.1111 1.57271 0.390734 1.02857 0.515751 1.20092 0.849013 1.49272 3.15941 0.317515 0.329082 1.8924 1.13927 1.09944 1.84641 1.76606 2.20322 1.79238 2.85583 2.61109 3.1652 1.8958 2.77995 1.14329 -0.280614 1.96591 
1.24481 0.773683 -1.16776 -1.09762 -1.08796 -0.340312 -0.410677 0.718275 -0.734692 -0.133475 -0.021553 0.915761 0.917372 -0.116479 2.01211 0.76749 2.23643 1.93669 1.65367 1.37327 1.85636 2.86383 2.19644 3.18235 1.75286 0.85609 1.50296 2.39388 1.71081 2.53982 -0.314299 -0.521305 0.347882 1.05705 2.97285 3.02528 2.46435 2.39063 3.59112 2.21292 2.9163 3.337 1.41903 0.572018 2.2774 3.29311 1.23926 0.0225533 -0.836487 -2.37108 0.896902 -0.293806 2.34283 1.85779 1.89035 0.629316 1.14409 3.60737 4.12866 2.2452 1.42964 0.941384 1.61267 -1.30147 
0.144249 0.420129 -1.59827 -1.14139 -1.24949 -2.41785 -1.60355 -0.359194 -2.12733 -1.71427 -0.792092 -0.367909 0.567261 1.91284 2.5502 1.84321 3.33267 2.8387 1.91879 1.63434 0.891775 2.05277 1.53885 3.78107 0.179417 0.364865 0.80715 2.1639 2.08625 0.836385 -1.91571 -1.33806 0.399541 1.23128 1.24004 3.40736 1.60743 0.662552 3.35427 2.11176 1.86335 2.2332 3.28308 2.41344 -0.620016 1.93717 0.835195 -1.54349 -0.984268 0.464084 1.09041 -0.462654 1.64015 0.375183 2.06956 1.75247 2.96848 3.07794 3.76899 4.18362 2.34884 1.05435 -0.405139 0.709637 
1.05948 2.02587 1.43295 1.95904 -1.01184 -1.41215 -1.5719 -0.344893 -1.5685 -1.80675 0.0864044 -0.455235 1.18852 1.33147 2.14062 2.85909 2.2197 0.74167 2.08144 2.9675 1.80668 2.89866 1.04407 2.26083 2.77411 0.0932485 0.561143 0.771163 0.423423 2.07353 0.120709 -1.26408 -0.0676944 1.0466 1.19165 1.60422 -1.49861 0.495537 1.8455 1.30299 1.09184 3.21984 2.70775 1.26956 0.297827 0.520746 -0.378951 -1.94151 -2.04949 0.593803 0.270567 0.580566 0.229818 -0.566391 1.32723 2.58144 2.44033 3.81728 1.65629 3.68513 1.62038 2.72602 1.1793 1.57964 
1.74724 0.956816 1.55971 0.745485 -1.37555 -1.66913 -2.4957 -2.21849 -1.51704 -1.54351 -0.0699414 -0.229304 1.85015 2.5259 2.97193 2.77612 2.4158 0.992049 1.09019 2.08152 2.62562 1.7487 1.41269 1.69665 0.580911 2.84661 1.75245 0.328409 -0.26956 1.12392 -0.930948 -0.972212 1.34977 0.0618962 1.36635 0.42764 -0.801648 1.4238 2.21618 1.9829 2.41844 1.91695 2.60924 0.918225 0.419656 -0.665888 -1.00741 -1.31529 -1.99464 -2.01321 -1.04007 -0.531994 1.75088 0.00388937 1.80456 2.02004 2.01505 2.28231 1.95993 2.81252 2.63376 2.45165 1.73715 3.02055 
0.236177 0.365519 -1.83355 -0.187252 -0.447578 0.175979 -0.212749 -0.880506 -0.267231 -0.444222 -0.242777 0.776468 0.293255 2.37833 1.24997 2.25164 2.16995 2.05603 1.06697 1.46543 0.201984 1.81106 -0.0630892 0.946487 1.48536 0.695214 1.52445 0.796022 0.0223506 0.286585 0.532734 0.623217 0.459033 0.361587 0.706056 -0.964989 -1.28724 0.94931 1.52107 1.78854 3.85502 2.86794 2.34658 2.5405 0.318824 0.375817 -0.740508 -1.24304 -1.38918 -1.21383 -0.873943 1.99117 1.03399 2.30109 1.36111 1.84356 2.7965 1.76969 -0.211677 1.43796 2.47293 2.02711 1.24924 2.16306 
-0.287926 0.456143 0.485119 -0.364622 -0.348526 0.386061 -0.909358 -1.1055 1.78269 -0.0989456 0.0165719 -1.04682 2.06185 1.40983 0.319508 2.20739 1.72392 2.95794 1.95451 1.39257 2.73105 0.588293 0.15138 2.98772 2.24738 2.00206 3.18849 0.886398 -0.170566 0.256245 0.987154 -0.227822 0.302989 2.27436 1.92846 0.072579 1.49077 0.828186 0.542339 2.12221 2.12283 2.26993 2.21772 2.80634 2.05467 1.37354 0.887793 -0.922567 -0.180174 0.548655 -0.454791 -0.366531 0.0671842 0.926069 2.45749 1.25079 2.73819 0.258105 0.402569 0.173328 2.97186 0.905669 0.459523 0.399763 
-0.130623 -2.05532 0.450044 -0.444093 -1.53217 -1.19353 -1.32733 -0.61917 0.535299 0.0780887 0.840512 1.25093 0.86406 1.62698 0.291025 1.47063 2.42419 0.947416 1.20922 1.5509 0.648408 0.760374 1.09585 2.36828 1.85808 2.78051 3.16198 1.62598 0.388852 -0.74121 -0.969505 0.0573401 2.83157 2.96937 1.5245 2.12 2.67413 0.401097 0.33477 1.85851 2.43773 1.67752 1.94764 0.174643 -0.278141 0.641978 -0.481598 -0.718642 -1.79843 0.642656 -0.0673797 0.531809 0.261723 0.985454 1.75367 1.14531 0.634216 1.41358 1.69027 2.04978 1.14163 1.05349 -1.35067 -0.284776 
0.172591 -1.21072 -1.5267 -1.60881 -1.49139 -0.599457 -2.20785 -0.874084 0.852497 2.18256 2.65005 2.83772 2.48646 0.61507 1.51602 -0.574667 2.35521 1.60875 1.94162 2.3381 1.46132 0.382164 0.368083 1.11173 1.57676 1.13969 2.91834 3.22768 2.00102 0.48991 0.475129 0.331044 -0.363527 1.9624 2.01228 2.41008 3.01085 1.29839 1.78851 1.25794 1.41655 1.93044 1.06196 2.04719 0.108986 1.29175 0.362843 -0.769901 -2.37057 -0.366984 -1.28628 -0.199109 -0.493048 -0.523073 -1.48886 1.31697 0.732427 1.55248 0.113251 1.24287 2.38126 2.33869 -1.07121 0.54671 
1.1795 -0.526912 0.407644 -0.855693 -1.82675 -1.09008 -1.5058 -0.103929 1.73141 2.63438 2.37674 1.76 1.62176 1.08757 2.70972 -0.348201 0.348814 0.878284 1.10783 1.64753 -0.051133 -1.18276 1.07333 0.75772 2.12343 3.38536 1.8292 2.31572 2.22177 1.90926 2.24699 0.57846 1.94596 2.72405 3.19246 3.15417 1.43307 1.42233 1.93892 0.162386 0.518693 1.04825 1.42838 2.68877 2.40632 1.03158 1.52362 -0.0473995 1.54296 0.533958 -0.129292 2.73541 0.51248 0.0659808 1.86258 1.64525 1.85194 0.124889 -0.436754 0.564889 0.841429 0.613136 -1.6078 0.348587 
0.256131 -0.43016 0.352344 -1.36699 -1.02675 -1.00087 -0.664547 0.0939378 2.15185 2.56104 1.87436 2.9291 1.68776 1.72659 2.2994 0.778029 0.562624 -1.25657 0.0660774 2.12943 0.289751 1.30949 -0.711066 1.11772 2.21605 1.95099 0.298417 1.0733 1.17288 1.8974 3.58145 2.5099 1.69722 1.99591 3.40922 2.69612 1.95751 1.99459 0.797808 0.897095 1.51565 2.63345 1.42022 2.40609 1.45486 0.78879 1.04741 1.60979 1.27309 0.517768 2.26953 2.31878 2.56733 0.0279805 2.16527 0.16053 -0.0414424 -0.89937 0.400484 -0.433969 -0.440136 2.28752 -0.095446 0.850569 
-1.88703 0.519442 1.10944 0.95694 0.414949 1.37879 0.991546 1.71141 2.6988 1.68454 2.34836 0.258456 -0.397147 2.91251 2.13607 -1.06888 -1.12927 -0.473568 -0.724258 0.334111 1.98886 -0.6948 -2.58596 0.102568 0.100298 0.460646 2.41111 1.74697 2.39075 -0.306163 2.63144 0.746319 1.50085 -0.421364 1.95712 1.09836 2.72076 2.15428 1.44417 1.95862 0.877833 1.75762 1.67171 0.868618 1.35438 0.0235807 -0.120892 0.55838 0.179499 1.56618 1.24779 2.12347 0.165047 1.77562 -0.1588 0.756591 -0.995957 -3.177 -0.256533 -3.06059 -2.46689 -1.04399 0.53757 0.0710114 
-1.84834 0.0256847 0.928659 0.339674 0.699614 0.900143 1.957 2.58566 3.06291 0.882057 2.91422 1.88234 2.25666 2.19706 1.67844 -0.748674 -2.18005 -0.958125 0.672392 0.808281 1.62129 0.508502 -1.30288 0.238838 1.02426 -0.323894 3.10646 2.689 2.05424 0.359911 1.64288 0.397531 0.704466 -0.190311 1.46352 1.99048 1.1532 1.82822 2.72048 1.92832 0.836753 1.46395 1.18476 0.699336 -1.50131 -0.105744 1.24726 0.842333 0.259247 1.32204 3.12765 2.84168 1.1361 2.83019 1.65413 -0.959133 -0.982401 -1.42908 -0.423164 -1.65401 -2.33044 -0.673993 -1.17684 -0.306022 
-0.118898 -0.528333 1.19448 -0.370175 0.964295 2.66527 1.39993 2.07605 1.24506 1.67318 1.73676 0.446138 2.29716 1.30537 1.40198 0.408451 1.09347 -1.04231 0.288832 -0.34352 0.0329979 -0.47963 -1.80815 -0.180067 -0.569824 1.85858 0.275347 1.50702 1.8324 0.946898 0.478546 -0.694521 -0.50743 -0.920798 1.31815 2.16068 1.41688 2.66717 1.0095 3.24324 4.49292 1.4971 0.836651 1.99886 0.60982 0.726726 0.252558 1.06626 1.16976 1.21475 0.610638 0.591989 2.48815 2.72834 2.3805 -0.513017 0.908595 0.636883 -2.34383 -1.71052 0.441393 -0.42628 0.204281 -0.515668 
-0.44861 -0.843518 0.598773 -0.460223 0.78298 2.00625 1.1504 0.35859 0.378014 2.36642 2.22069 1.5108 2.84589 1.57567 1.31991 0.276822 1.19633 -0.197963 -0.688714 -0.473165 -0.697099 -0.858015 -0.367075 -0.480237 -1.52965 0.944218 1.52399 1.96299 0.831155 -1.03104 -1.60185 0.613821 0.287789 -0.0450133 2.85413 1.46708 1.41821 1.56451 0.889387 3.15854 2.70513 -0.139089 0.76788 1.1899 1.09584 0.913266 0.686172 1.30232 3.0908 2.66061 3.00564 1.34122 2.10426 1.5154 2.16252 1.47386 0.549301 -1.05425 -1.02619 -0.0870182 0.559895 0.1705 -0.236078 -0.382749 
-0.855451 0.469146 0.897192 1.93656 1.30137 0.939474 1.40976 -0.755319 -0.850794 0.347933 0.915228 0.392166 2.29886 1.83322 1.06323 0.66742 0.0901187 1.22447 0.312094 0.275824 0.357538 -0.78202 0.678885 -0.475568 2.2992 0.99714 0.0436945 0.314693 0.12519 -0.0449155 -0.858312 -0.31784 1.05324 1.26236 2.29978 1.4179 1.52595 2.62204 -0.287322 2.16496 0.74201 1.01678 1.83806 -0.191439 0.464368 1.27237 1.78643 2.02952 3.03028 1.70716 2.56969 2.16114 1.86443 2.78428 2.43926 0.612027 1.13354 0.685477 0.11453 0.164793 0.0126083 -0.65038 -1.54239 0.792352 
0.582364 0.162649 0.948259 1.36556 2.09168 1.59653 1.4051 0.921606 0.904171 1.54261 0.478297 2.6959 2.27536 1.01308 2.83505 1.17989 2.39821 1.51072 -0.0108288 0.785005 -0.300679 0.216271 1.30229 0.545761 2.30073 1.01301 0.390835 0.10608 0.931828 0.272037 -0.269931 2.69418 1.92302 1.85588 2.03451 2.68767 2.25245 3.38894 1.83989 0.240415 1.1246 -0.123547 1.1379 0.0679055 0.317856 1.20772 0.246735 1.48364 2.55083 1.31754 0.735629 0.400542 2.03082 2.10568 2.75257 0.968734 2.46199 2.30613 0.348324 -0.513719 1.80324 -1.39359 -0.559118 -1.41572 
0.511831 -0.242365 -0.142326 -1.71544 0.911928 1.22876 2.05247 1.2025 1.1432 1.82934 2.52927 2.85232 0.607594 -0.630891 1.41172 1.7317 1.42017 0.659807 1.72067 1.42806 0.146627 1.47307 2.70044 2.38088 2.81621 1.71714 1.51439 0.335446 3.55172 1.64539 1.50783 2.65713 2.21385 2.46186 2.40032 2.65975 2.40021 1.50749 0.633893 -1.58384 -0.259583 1.02983 2.07572 2.32976 1.65979 2.24802 1.01618 1.67387 1.61264 1.11687 -0.44541 -0.380861 0.953913 1.38118 1.96198 2.61451 3.82857 0.118566 -0.506076 0.356329 1.2639 -0.766307 -0.377973 -0.82486 
-0.32864 0.596654 0.405496 0.762052 0.658944 0.206164 0.334856 -0.648772 0.0557867 0.807812 2.23372 1.58058 1.17207 -0.0142088 1.66679 1.27361 2.43403 1.38949 0.380604 1.14551 0.432182 1.2887 1.54966 2.95421 2.8121 1.90661 0.889711 1.23219 3.19354 2.34923 2.09652 1.05939 3.2274 1.43461 1.29889 0.933394 0.815489 -0.902725 -0.53847 -2.23555 0.609493 1.65523 2.60081 2.0207 0.454059 2.29618 0.61874 0.601451 2.6808 1.64241 0.755802 -1.44899 -0.0975623 0.791764 2.40755 2.4757 2.6332 1.71955 0.0927692 0.16745 0.0275367 0.595953 1.80951 0.484314 
1.09282 0.751351 -0.316506 1.7234 2.28192 -0.0360945 -0.557579 1.40049 1.89189 1.94881 0.902736 1.74033 1.37879 1.91936 2.10533 1.55285 1.24547 0.811153 1.61634 -1.33421 0.980482 0.877623 0.930742 1.95291 2.34713 1.55768 1.39992 1.41203 2.96211 1.94703 0.880894 1.41077 2.20448 -0.214869 2.52582 1.74032 1.42556 -0.254288 -0.97415 0.976304 1.39852 2.42502 0.67211 0.955484 1.06982 1.84454 0.127695 3.32075 2.51979 2.48447 1.49317 0.605742 -0.00065386 1.39722 2.47989 1.5899 3.30343 2.17793 -0.356924 2.31748 0.337339 1.45902 1.03905 2.48996 
1.67559 2.63306 3.28424 2.63873 1.24438 1.4898 2.93856 2.48919 1.43795 2.18617 2.66679 0.288159 1.60999 2.60744 1.82551 1.6417 1.16359 0.706852 0.588136 0.0104114 1.90835 0.327198 0.887424 1.15695 1.13048 2.17716 2.15274 1.79123 1.32775 2.75972 2.14286 3.30083 1.55813 1.7681 2.75235 0.491675 0.588317 0.989158 0.982685 0.653548 0.755724 1.88343 1.95813 1.5645 1.89815 1.09137 1.87368 1.58581 1.29128 -0.286616 1.19335 1.12749 -0.619531 0.479138 -0.376624 1.2088 0.564353 1.93842 1.10809 2.18723 1.62757 1.30333 0.817338 1.81408 
1.43208 2.69495 2.96064 3.13389 1.33395 0.238294 1.09395 1.8061 3.14007 2.20499 2.28744 1.86628 2.18275 1.97288 1.52437 2.11939 -0.690619 1.28852 1.20374 1.1376 1.58814 0.188925 0.792384 0.742947 3.30268 2.28866 0.864906 0.211106 2.70224 2.52217 2.90924 2.96753 1.74616 2.17906 1.65124 0.5784 1.38938 2.44417 2.5504 0.817538 0.137112 1.36295 1.26692 1.81889 1.74191 2.21457 2.09365 0.6395 2.07204 1.67341 -0.0794121 1.46348 -2.15507e-05 -0.799231 0.615796 -1.3302 1.85594 -0.472477 0.155807 -1.33819 1.68397 0.945251 1.01771 0.446215 
-0.510448 1.10141 3.20258 3.67492 2.47456 0.856993 0.395356 2.4516 2.69981 1.5446 1.98086 2.04308 3.09105 0.877281 0.884726 1.318 -1.48545 0.585605 2.18891 0.331198 -0.201435 -0.337344 -0.0452533 1.31073 1.51883 1.8088 2.56848 2.90928 2.88638 1.4799 2.39902 2.73894 0.835875 -1.77013 1.82271 3.05174 2.00055 1.92607 1.35964 1.45943 0.390094 0.445638 1.06556 1.66428 1.42009 0.564558 1.12872 2.30798 2.56448 1.68887 1.08687 1.08959 1.76141 -0.000274686 -0.465244 -0.888072 0.804744 1.51157 1.18123 0.252673 1.83331 -0.792731 1.50446 -0.307111 
2.63734 2.01274 2.75776 2.92814 0.604938 0.660066 0.512518 1.89858 1.99679 -0.0976288 2.15109 1.16037 0.714319 0.66738 1.96664 0.796685 -0.488233 -0.92119 1.6515 1.83599 1.32937 -0.838915 1.57535 2.44727 1.88046 2.07733 1.41329 2.57874 2.43591 3.27406 1.69397 1.30137 0.38985 -0.0377815 1.92998 2.15605 1.32556 1.2089 -0.556652 2.81582 2.02406 2.82746 2.35299 2.37493 1.80514 2.12948 1.31615 3.3523 2.83951 2.47088 1.70622 1.14457 -0.365228 -1.26954 -1.17995 -1.35099 -0.500091 0.657193 0.104263 0.572735 -0.437847 -0.368176 0.641693 0.74957 
0.365996 1.88185 1.85448 2.79189 0.504565 2.14953 2.37234 1.88193 1.92169 0.694731 2.89185 3.47795 1.22628 1.60712 1.293 0.75948 0.234677 1.81266 0.698585 1.30914 1.57613 0.10622 -0.386623 1.36116 1.03671 2.36998 2.94971 2.73966 3.17608 2.91727 2.43061 0.58848 -1.34607 0.324276 2.28429 1.99557 0.0699078 0.748029 0.908424 2.58278 1.39552 2.33029 2.93003 0.402498 2.19646 1.74789 -0.133087 1.1365 1.80961 3.3206 1.44344 1.47432 1.11351 0.860576 -0.0842195 -1.50723 0.685468 -1.08974 -2.31794 -0.254077 0.711058 -0.242322 -0.387201 0.233861 
0.73293 0.998883 1.00613 1.85667 -0.174414 1.53192 -0.10164 0.25595 1.71592 2.36618 1.27662 1.53967 3.13711 1.20828 0.174859 2.32392 2.67877 1.31294 1.31863 1.38435 2.38623 0.0212937 -0.115307 -0.88471 -1.03029 1.43998 1.13567 1.42921 2.80837 1.84169 1.31456 2.10261 1.46859 1.84317 2.05149 1.82165 0.300584 0.308467 -0.0264272 0.89426 2.69482 1.7934 0.523508 0.821053 0.644225 -0.352558 -1.66162 2.00131 2.51236 2.05399 -0.04557 1.66316 0.919699 -0.298841 1.00767 -1.06833 -0.291528 -1.14598 -3.05666 -1.41607 0.892231 0.759633 -0.0706594 0.858893 
-0.572829 0.680447 1.64507 1.59557 -0.432644 0.709207 0.573099 0.529441 0.940577 3.03886 1.39334 1.97458 1.37755 3.54514 0.477485 1.70967 2.00662 2.21139 2.15712 2.59568 3.20203 2.31579 0.515002 0.22167 -0.799392 2.24631 2.14301 0.756778 1.79766 3.39355 0.526669 0.277361 1.32418 0.677071 2.4297 1.32766 0.185565 0.406283 0.496948 0.0709148 2.00832 2.28404 2.3732 0.947959 -1.26151 2.18919 0.153093 1.62459 2.94089 2.74068 2.71879 2.51961 0.169339 0.916082 0.229022 0.367578 0.133871 -0.779719 -1.76629 -0.652846 0.747743 -0.489884 0.168865 1.63882 
0.198065 2.99994 2.90768 1.61835 -1.09615 0.0270039 -0.854029 0.514964 0.600314 1.10954 3.41398 2.23308 1.69821 0.526975 1.88386 2.97259 2.81449 1.36557 1.48904 1.50578 3.27856 1.7204 -0.0481063 0.0895566 0.836444 1.74747 1.30256 0.408808 1.19083 2.53709 0.945955 0.590223 0.0367268 0.884554 1.74236 -0.16129 1.81249 2.09805 2.78986 1.89662 1.17622 1.0714 0.3458 1.47042 1.79473 2.8801 2.47687 1.99607 3.15666 2.11878 0.595222 1.26512 1.56295 1.36503 0.662659 -2.59219 -1.96063 -1.16059 -1.79548 -0.319688 0.0591104 -0.317939 0.195954 2.00232 
0.229547 2.06836 1.54613 0.416705 -1.24874 -2.6027 -0.649578 1.10247 1.3084 1.71837 1.93216 2.25133 1.60879 0.786406 0.622966 1.34593 1.9397 1.90875 0.558518 1.33279 2.8701 1.06866 0.602984 2.07144 0.865091 1.58537 2.5305 0.337217 2.52565 1.50052 0.725453 0.478607 -0.892894 -0.207952 0.886937 1.4096 2.10423 0.956766 1.86203 2.77375 2.38451 0.253047 -0.866352 0.0270769 0.275296 -1.7066 1.33022 2.15745 1.13037 -0.9842 -1.28147 -1.11975 0.993929 0.533158 -1.33161 -2.94293 -2.76352 -0.739455 -1.70443 -2.90899 -0.560396 2.36678 1.65124 0.70597 
0.129152 1.60835 2.11155 0.159836 -1.18745 -1.58085 -2.92761 -0.278763 1.22119 1.45365 -0.216578 1.03419 1.49379 1.51948 0.22586 0.408746 0.669906 0.426163 -0.047505 -1.1365 0.0851256 0.456478 -0.660963 -1.0134 1.39897 3.47654 1.19844 -0.210039 2.62752 1.19587 -0.312687 1.28064 0.0722639 1.01797 2.69259 1.38151 2.6457 1.99147 0.128176 0.768872 1.18933 2.14178 -0.795298 -0.476414 0.340439 0.0625486 -0.17495 0.0183744 -0.758646 -1.49315 -1.51015 -0.0264757 0.636581 0.94329 -0.844232 -1.70682 -4.26322 -1.69601 -1.37848 -1.17915 0.876166 1.9308 1.96008 1.10485 
0.154552 1.77651 0.222286 1.79533 -2.47755 -2.00802 -2.68381 -1.95687 -1.07966 -0.889152 -0.851737 0.882174 1.13672 1.1921 1.29002 0.61486 1.796 1.17223 0.418561 -1.28144 -0.528663 0.49245 -0.0482873 -0.0696247 1.82643 1.09959 0.641093 -1.45452 -0.294883 0.144933 -0.545508 0.950088 -0.00549981 -0.337434 0.770499 0.913664 2.35156 1.37586 1.71638 1.13429 0.903598 1.05381 0.220487 0.80726 -0.288374 0.187373 -0.0682523 0.274303 -0.942506 -0.655612 -1.66152 -0.261887 1.92473 0.0891808 -0.577109 -2.19752 -2.54323 -1.66134 -0.260492 0.182544 1.55101 1.86119 2.14193 0.0555655 
2.13445 3.71945 0.116366 -0.409443 -0.320522 -0.815991 -1.54224 -1.47347 -1.38355 0.529553 0.375853 1.56452 2.01632 0.949706 0.918352 1.77423 0.569667 0.28296 -0.182551 0.355333 0.909886 0.900172 -1.46019 -0.853661 1.71508 1.53843 0.786221 -0.447641 0.867754 0.609068 2.46787 1.8804 1.37932 -0.0303147 0.421121 1.18424 -0.319893 1.41876 3.02403 1.86741 0.975083 1.11306 -1.05807 -0.712033 -0.092481 -2.1231 -0.0499388 0.157289 -0.604207 0.107246 -0.274433 0.538098 0.901427 1.93603 1.99856 -0.496093 -2.79094 -2.21736 0.0940237 0.399141 0.837376 1.73176 1.63491 0.202032 
1.12397 1.2895 1.73158 -0.462765 1.57617 1.41753 0.411461 -0.855818 -0.33553 0.464329 1.419 -0.17146 2.21298 0.299843 0.986474 1.56262 1.03453 1.40129 -0.290899 0.663669 -0.448162 0.268728 -0.309199 -0.31194 1.99274 2.41986 1.65938 -1.12075 -0.958315 1.85511 2.63915 1.94252 1.59637 2.52837 1.36433 1.79905 0.871365 2.43323 2.5803 1.15028 0.807039 1.27637 0.502119 -0.63976 -0.831191 -0.962649 0.0611872 1.13988 2.33178 1.58159 1.54166 2.97529 1.72454 1.1708 1.54791 -0.199718 -2.04818 1.16293 -0.193601 -1.04029 1.2596 2.02867 0.166821 -0.31676 
0.939037 0.192558 1.34485 -2.442 1.52413 0.571388 3.2209 0.00836779 -0.672432 0.14949 2.24846 0.230708 1.1032 0.360991 1.0525 -0.0895987 2.64607 2.28552 0.963817 -1.42741 -1.79422 -0.977298 -2.56024 -0.342608 1.95848 1.29938 -0.198848 0.97147 -1.08304 3.11792 2.31494 0.836279 2.38046 2.78199 1.41524 2.09655 1.70195 2.22826 1.26823 1.15664 1.07963 -0.453603 -1.43424 -0.683429 -0.568656 0.27905 0.960396 1.26425 2.10494 1.32527 1.89949 0.268232 0.091995 2.02975 1.52111 0.53242 -1.65095 0.495131 -0.580849 -2.42733 -0.629732 -0.0496631 1.12121 1.03663 
1.10732 -0.555605 1.1713 -0.334528 0.221789 1.29729 3.96134 2.41992 -0.0633996 0.854374 3.30299 0.244338 1.31861 1.88019 1.63878 2.35691 2.00713 2.17152 2.17102 1.70621 -1.0364 -1.08635 -2.83534 -1.64525 0.189686 1.32724 0.997321 0.624132 1.23552 1.1064 1.09843 2.04172 1.92225 1.6969 1.90199 1.30646 0.356079 2.60731 0.960991 1.28474 0.84698 -0.210851 0.278968 0.704844 0.130526 1.94661 1.63954 0.440382 1.90973 1.24591 0.486698 -0.810538 0.0813595 1.60328 2.17833 1.94689 0.713872 0.141853 -0.723015 0.635138 1.05625 -0.974778 -1.06217 0.616216 
2.85568 1.61581 1.12984 1.35268 -0.15354 2.87312 2.80369 2.77106 0.890053 1.72064 1.87168 -1.09819 0.209281 1.7816 1.74785 2.38857 0.320634 -0.59836 -0.215838 -1.59273 -1.27256 -1.89254 -2.45912 -0.30371 -1.82174 -0.48313 0.370585 0.26727 -0.243597 2.00068 1.33953 2.40495 1.26388 2.64595 2.16534 2.55152 0.979149 2.568 1.46015 2.6427 0.960684 1.85343 1.85604 1.53237 1.29824 1.4684 1.45813 2.97049 1.15779 -0.162816 0.936368 0.83817 1.65696 0.022707 1.19288 1.12057 0.23429 -2.02784 -1.30879 -1.09335 0.655857 -0.517278 -0.318882 1.26556 
-0.0538604 2.5858 1.37651 1.77158 1.43834 2.32005 2.59127 2.7222 1.33419 1.11753 0.566566 0.661569 -1.1428 1.22543 0.438549 1.49591 1.16058 0.264041 -0.190432 -1.22024 -3.5865 -0.858432 -0.371794 0.9613 -0.519073 -0.528851 -0.542481 0.396719 1.12667 1.07583 0.392983 1.87478 1.02254 1.57112 1.63485 2.65014 2.15744 0.639273 1.6612 1.33437 1.75264 0.436198 1.26087 1.91214 1.72647 2.42167 2.81951 3.1165 -0.244354 -0.462186 1.35956 0.649524 -0.131067 -0.215447 2.3026 1.92363 1.09368 0.20913 0.18088 1.11824 0.628759 0.88007 0.759522 -1.48227 
2.74683 1.52518 3.09455 2.42004 2.74801 2.41049 3.06937 0.956022 1.5183 0.915356 2.51195 1.38244 0.920667 2.26765 2.72221 2.64893 1.85438 0.259384 -0.717085 -3.46084 -1.36009 0.564877 0.720942 2.10599 0.683998 -1.15026 -1.42419 -0.419027 0.722581 1.66923 2.23319 2.52462 2.33654 2.51638 1.63162 1.56945 2.44963 1.58184 -0.100478 -0.881531 0.740027 0.900052 0.440164 1.79632 2.27526 2.31553 3.81816 2.75364 2.28035 2.57498 1.91684 0.811008 0.965649 1.71474 1.23382 2.50855 0.161942 -0.822606 2.70819 2.11447 1.87991 2.6711 2.65983 1.25868 
2.39578 1.77476 1.56869 2.30782 2.57224 0.476096 0.319717 2.62251 2.00375 1.52415 1.4629 2.47297 0.565292 2.31109 1.6969 2.1891 1.01162 0.91016 -0.563802 -0.525917 -1.19741 -1.40463 -0.744281 1.9908 1.95552 0.370012 -0.316688 0.147179 1.89672 0.249894 2.93083 0.802038 1.74382 1.77064 1.63726 2.04133 2.45911 1.88898 1.13928 0.971357 1.56747 1.61868 1.26865 1.98109 2.53341 2.24673 2.38709 2.25879 0.668792 1.2912 0.915764 1.08833 0.954699 1.0953 0.969891 2.29857 1.86487 0.727658 0.846813 2.6867 1.46491 1.08138 0.88434 1.89436 
82.2824 0.0740831
