2.8678
2.6801
2.47975
2.77771
2.55111
2.55685
2.74639
2.41153
2.72822
2.56404
2.5017
2.3732
2.50332
2.24853
2.37071
2.54092
2.80059
2.53802
2.36113
2.53929
2.55639
2.83984
2.57256
2.88677
2.4673
2.15994
2.54696
2.80095
2.47634
2.44365
2.5444
2.55948
2.4249
2.79844
2.54313
2.57047
2.37588
2.60275
2.4946
2.22408
2.44547
2.23846
2.64358
2.53544
2.53384
2.67201
2.92169
2.551
2.43623
2.75261
2.43643
2.55199
2.90985
2.51938
2.71287
2.67875
2.69495
2.50906
2.77976
2.30351
2.47923
2.58738
2.54744
2.794
2.64259
2.39196
2.51601
2.55722
2.2354
2.67714
2.53714
2.31645
2.58964
2.49264
2.30476
2.48515
2.63742
2.7192
2.5193
2.55164
2.49622
2.77507
2.36069
2.69599
2.80937
2.53828
2.71804
2.42969
2.54527
2.55756
2.5595
2.63306
2.57023
2.61198
2.39493
2.61514
2.39536
2.55348
2.51014
2.57154
2.64098
2.48642
2.46127
2.54336
2.5074
2.38047
2.90071
2.7395
2.40674
2.68326
2.48322
2.34059
2.59108
2.50513
2.97052
2.64734
2.5492
2.44803
2.63962
2.37838
2.57269
2.50259
2.72144
2.28958
2.78902
2.60622
2.50279
2.72699
2.71426
2.71185
2.53529
2.64372
2.68101
2.4423
2.46795
2.45865
2.47043
2.50303
2.60395
2.83488
2.61173
2.44188
2.52298
2.49601
2.72645
2.40024
2.43423
2.59154
2.51945
2.69881
2.58358
2.62368
2.55398
2.68928
2.53115
2.36808
2.59792
2.57991
2.50395
2.53775
2.61224
2.5666
2.44425
2.57589
2.41916
2.54202
2.76161
2.15675
2.20243
2.42628
2.74514
2.64223
2.59443
2.70428
2.57081
2.54456
2.74437
2.64754
2.47709
2.55247
3.00816
2.83179
2.46914
2.5387
2.54661
2.68175
2.63742
2.72754
2.72342
2.55747
2.65713
2.56696
2.35551
2.69134
2.60313
2.74538
2.74269
2.71061
2.61995
2.59846
2.59411
2.50113
2.53123
2.60912
2.6013
2.47106
2.59808
2.49188
2.53981
2.70449
2.61788
2.61315
2.64323
2.62257
2.52739
2.59707
2.60856
2.66124
2.46399
2.76853
2.60084
2.41332
2.8068
2.32837
2.40948
2.85746
2.72257
2.78964
2.42302
2.33828
2.55115
2.72398
2.83586
2.6141
2.62264
2.35935
2.48306
2.50098
2.47266
2.74803
2.72577
2.52813
2.44641
2.67357
2.33474
2.60403
2.34116
2.73025
2.81176
2.47592
2.72725
2.59258
2.35832
2.87181
2.58614
2.88382
2.66566
2.62425
2.31021
2.4308
2.48504
2.72936
2.3768
2.67039
2.3173
2.6752
2.5674
2.5724
2.51744
2.57146
2.34379
2.70857
2.50249
2.68641
2.72322
2.516
2.83346
2.48152
2.30162
2.68268
2.79709
2.81324
2.71499
2.80242
2.61729
2.69932
2.34514
2.37101
2.571
2.31322
2.90262
2.42678
2.41143
2.75595
2.65552
2.41687
2.42257
2.57891
2.46453
2.49814
2.46373
2.68777
2.73789
2.25337
2.59319
2.88722
2.64425
2.59133
2.51649
2.42481
2.54123
2.57424
2.70433
2.58754
2.39245
2.83625
2.67866
2.57245
2.71257
2.95425
2.37508
2.5503
2.44306
2.60335
2.57434
2.59414
2.50585
2.44946
2.46054
2.4629
2.52233
2.52373
2.5733
2.35999
2.27926
2.70313
2.50802
2.26946
2.73872
2.74684
2.66082
2.60821
2.74935
2.39583
2.68795
2.84556
2.51624
2.30628
2.70026
2.6382
2.24233
2.53385
2.44902
2.62152
2.40853
2.30012
2.70758
2.71461
2.82295
2.30666
2.46898
2.47594
2.56005
2.52664
2.70601
2.57045
2.5412
2.32922
2.41488
2.4979
2.70844
2.73352
2.52091
2.57189
2.33644
2.63021
2.36656
2.50237
2.60432
2.76134
2.58504
2.54336
2.49462
2.60787
2.67894
2.55024
2.64993
2.42761
2.66595
2.56595
2.44293
2.57737
2.29546
2.34401
2.61216
2.6236
2.23809
2.57778
2.53534
2.67512
2.40898
2.62247
2.80639
2.46449
2.58872
2.47315
2.59013
2.77693
2.70542
2.52671
3.03031
2.43174
2.70435
2.56004
2.21159
2.54306
2.60543
2.96133
2.30549
2.5649
2.60062
2.81761
2.45135
2.42271
2.84103
2.54954
2.5683
2.4644
2.44649
2.37751
2.56214
2.63129
2.66867
2.49636
2.89177
2.65263
2.54059
2.62401
2.56758
2.56021
2.65779
2.61192
2.60558
2.50454
2.73536
2.57856
2.58376
2.71027
2.5449
2.46654
2.56947
2.47421
2.60949
2.666
2.63966
2.58923
2.70735
2.79666
2.38269
2.47318
2.40709
2.61416
2.52122
2.70834
2.63684
2.50484
2.6972
2.26334
2.62873
2.42531
2.70787
2.66206
2.39904
2.53357
2.64755
2.4196
2.45953
2.58929
2.53182
2.85293
2.54825
2.86692
2.52111
2.4361
2.50774
2.60784
2.38448
2.53792
2.71108
2.72781
2.39345
2.65487
2.32986
2.51634
2.75816
2.33357
2.23455
2.49148
2.29306
2.61188
2.51629
2.60051
2.8298
2.41328
2.6307
2.55599
2.44132
2.62586
2.53629
2.58482
2.36488
2.29684
2.86926
2.80964
2.54232
2.72487
2.24152
2.49241
2.58507
2.91786
2.53719
2.42901
2.60211
2.58917
2.60985
2.43175
2.79451
2.79209
2.40977
2.73243
2.562
2.38636
2.59578
2.32445
2.63199
2.45322
2.85719
2.65837
2.33967
2.55452
2.43935
2.44512
2.39107
2.88951
2.38864
2.43414
2.3514
3.02004
2.73872
2.53014
2.43274
2.67959
2.5306
2.62913
2.91333
2.61023
2.67912
2.44648
2.6325
2.598
2.39845
2.45549
2.71986
2.49182
2.47187
2.71876
2.41468
2.53375
2.48905
2.65485
2.66691
2.48135
2.3618
2.52108
2.57473
2.73726
2.48918
2.72475
2.34845
2.77123
2.52225
2.74552
2.55697
2.40092
2.89392
2.61358
2.78955
2.30405
2.47357
2.69968
2.52986
2.56788
3.07104
2.37898
2.5958
2.8124
2.7328
2.47919
3.02316
2.43762
2.597
2.40367
2.60839
2.43246
2.49125
2.41712
2.68087
2.35477
2.62575
2.61719
2.76465
2.60568
2.39925
2.13748
2.54628
2.76736
2.50153
2.55554
2.44417
2.52243
2.88635
2.67254
2.65641
2.58712
2.49455
2.49179
2.60744
2.39012
2.67006
2.43698
2.71983
2.58342
2.55783
2.45588
2.48972
2.44967
2.65531
2.74031
2.46677
2.47808
2.58777
2.51272
2.49012
2.5874
2.74207
2.8018
2.61405
2.8221
2.5612
2.44561
2.60527
2.26672
2.63834
2.46566
2.9138
2.55265
2.53928
2.12896
2.5202
2.43193
2.40511
2.71382
2.54485
2.44107
2.29006
2.28844
2.54085
2.66022
2.48774
2.63011
2.5113
2.44846
2.36761
2.45642
2.5183
2.72162
2.66888
2.97912
2.73369
2.3687
2.38707
2.72395
2.84505
2.42584
2.67273
2.62395
2.60174
2.3741
2.53702
2.5845
2.61194
2.67047
2.72166
2.65966
2.66082
2.64648
2.46765
2.52783
2.61539
2.63272
2.63117
2.43788
2.49684
2.58318
2.39464
2.71068
2.74791
2.49911
2.47733
2.65923
2.52402
2.69936
2.62706
2.49843
2.53945
2.63163
2.58168
2.59469
2.76809
2.46495
2.50684
2.54555
2.44969
2.54432
2.5343
2.34023
2.45035
2.20289
2.40158
2.5628
2.61358
2.45472
2.66682
2.57455
2.84392
2.68677
2.68143
2.28862
2.78648
2.25407
2.27655
2.44796
2.47867
2.78221
2.58767
2.49229
2.62491
2.43127
2.22553
2.70512
2.74955
2.5403
2.38864
2.50318
2.69853
2.55424
2.27052
2.42922
2.55995
2.68111
2.59437
2.64021
2.53443
2.62809
2.73756
2.41274
2.68322
2.55742
2.64824
2.65916
2.59662
2.48956
2.63885
2.49928
2.49207
2.46471
2.47886
2.68626
2.73763
2.65704
2.36955
2.46733
2.79845
2.55558
2.62229
2.61525
2.63575
2.37684
2.65456
2.71136
2.62471
2.78464
2.83132
2.70173
2.68098
2.22596
2.8338
2.53497
2.49513
2.77649
2.31957
2.69053
2.73814
2.56528
2.29155
2.59317
2.66801
2.62715
2.40405
2.58731
2.57702
2.45183
2.3096
2.50283
2.54518
2.34914
2.59463
2.38279
2.66555
2.62316
2.31979
2.35043
2.76771
2.61574
2.52245
2.60656
2.5943
2.97412
2.61269
2.67193
2.60243
2.71229
2.64381
2.67947
2.45253
2.54668
2.61872
2.50852
2.75107
2.635
2.58517
2.71791
2.52382
2.61137
2.77117
2.41308
2.50578
2.61503
2.81001
2.37955
2.7844
2.52515
2.37229
2.60463
2.52542
2.68052
2.5335
2.53269
2.47029
2.69965
2.77457
2.66707
2.50434
2.53459
2.60027
2.65514
2.48846
2.645
2.93405
2.3215
2.4914
2.69339
2.29785
2.42694
2.86543
2.45368
2.54134
2.45439
2.64416
2.48161
2.5799
2.45887
2.3215
2.67715
2.39205
2.35904
2.5544
2.70428
2.71992
2.68802
2.80987
2.50047
2.19454
2.69363
2.60086
2.49466
2.42288
2.49236
2.80384
2.3986
2.40551
2.47692
2.45517
2.4338
2.807
2.45315
2.71662
2.47339
2.49593
2.46086
2.4256
2.60748
2.8262
2.59745
2.43823
2.68411
2.64728
2.57073
2.57029
2.629
2.7692
2.60959
2.73547
2.55357
2.47059
2.50482
2.66327
2.67936
2.46835
2.41433
2.82989
2.47609
2.64497
2.80824
2.55178
2.57568
2.69934
2.47873
2.74789
2.70269
2.69581
2.39833
2.48858
2.45276
2.47909
2.19758
2.52239
2.77152
2.79029
2.48829
2.55293
2.50175
2.53985
2.81906
2.44967
2.4015
2.80297
2.59819
2.83325
2.76307
2.50462
2.53554
2.68466
2.40841
2.72911
2.47697
2.75654
2.80202
2.55475
2.51817
2.49922
2.88323
2.35062
2.53828
2.60954
2.83082
2.68297
2.70116
2.4699
2.63648
2.62603
2.68864
2.54927
2.75091
2.71922
2.6666
2.55368
2.48732
2.72402
3.09344
2.46896
2.53852
2.51702
2.31556
2.64121
2.27803
2.49972
2.58161
2.31893
2.37141
2.8678
2.6801
2.47975
2.77771
2.55111
2.55685
2.74639
2.41153
2.72822
2.56404
2.5017
2.3732
2.50332
2.24853
2.37071
2.54092
2.80059
2.53802
2.36113
2.53929
2.55639
2.83984
2.57256
2.88677
2.4673
2.15994
2.54696
2.80095
2.47634
2.44365
2.5444
2.55948
2.4249
2.79844
2.54313
2.57047
2.37588
2.60275
2.4946
2.22408
2.44547
2.23846
2.64358
2.53544
2.53384
2.67201
2.92169
2.551
2.43623
2.75261
2.43643
2.55199
2.90985
2.51938
2.71287
2.67875
2.69495
2.50906
2.77976
2.30351
2.47923
2.58738
2.54744
2.794
2.64259
2.39196
2.51601
2.55722
2.2354
2.67714
2.53714
2.31645
2.58964
2.49264
2.30476
2.48515
2.63742
2.7192
2.5193
2.55164
2.49622
2.77507
2.36069
2.69599
2.80937
2.53828
2.71804
2.42969
2.54527
2.55756
2.5595
2.63306
2.57023
2.61198
2.39493
2.61514
2.39536
2.55348
2.51014
2.57154
2.64098
2.48642
2.46127
2.54336
2.5074
2.38047
2.90071
2.7395
2.40674
2.68326
2.48322
2.34059
2.59108
2.50513
2.97052
2.64734
2.5492
2.44803
2.63962
2.37838
2.57269
2.50259
2.72144
2.28958
2.78902
2.60622
2.50279
2.72699
2.71426
2.71185
2.53529
2.64372
2.68101
2.4423
2.46795
2.45865
2.47043
2.50303
2.60395
2.83488
2.61173
2.44188
2.52298
2.49601
2.72645
2.40024
2.43423
2.59154
2.51945
2.69881
2.58358
2.62368
2.55398
2.68928
2.53115
2.36808
2.59792
2.57991
2.50395
2.53775
2.61224
2.5666
2.44425
2.57589
2.41916
2.54202
2.76161
2.15675
2.20243
2.42628
2.74514
2.64223
2.59443
2.70428
2.57081
2.54456
2.74437
2.64754
2.47709
2.55247
3.00816
2.83179
2.46914
2.5387
2.54661
2.68175
2.63742
2.72754
2.72342
2.55747
2.65713
2.56696
2.35551
2.69134
2.60313
2.74538
2.74269
2.71061
2.61995
2.59846
2.59411
2.50113
2.53123
2.60912
2.6013
2.47106
2.59808
2.49188
2.53981
2.70449
2.61788
2.61315
2.64323
2.62257
2.52739
2.59707
2.60856
2.66124
2.46399
2.76853
2.60084
2.41332
2.8068
2.32837
2.40948
2.85746
2.72257
2.78964
2.42302
2.33828
2.55115
2.72398
2.83586
2.6141
2.62264
2.35935
2.48306
2.50098
2.47266
2.74803
2.72577
2.52813
2.44641
2.67357
2.33474
2.60403
2.34116
2.73025
2.81176
2.47592
2.72725
2.59258
2.35832
2.87181
2.58614
2.88382
2.66566
2.62425
2.31021
2.4308
2.48504
2.72936
2.3768
2.67039
2.3173
2.6752
2.5674
2.5724
2.51744
2.57146
2.34379
2.70857
2.50249
2.68641
2.72322
2.516
2.83346
2.48152
2.30162
2.68268
2.79709
2.81324
2.71499
2.80242
2.61729
2.69932
2.34514
2.37101
2.571
2.31322
2.90262
2.42678
2.41143
2.75595
2.65552
2.41687
2.42257
2.57891
2.46453
2.49814
2.46373
2.68777
2.73789
2.25337
2.59319
2.88722
2.64425
2.59133
2.51649
2.42481
2.54123
2.57424
2.70433
2.58754
2.39245
2.83625
2.67866
2.57245
2.71257
2.95425
2.37508
2.5503
2.44306
2.60335
2.57434
2.59414
2.50585
2.44946
2.46054
2.4629
2.52233
2.52373
2.5733
2.35999
2.27926
2.70313
2.50802
2.26946
2.73872
2.74684
2.66082
2.60821
2.74935
2.39583
2.68795
2.84556
2.51624
2.30628
2.70026
2.6382
2.24233
2.53385
2.44902
2.62152
2.40853
2.30012
2.70758
2.71461
2.82295
2.30666
2.46898
2.47594
2.56005
2.52664
2.70601
2.57045
2.5412
2.32922
2.41488
2.4979
2.70844
2.73352
2.52091
2.57189
2.33644
2.63021
2.36656
2.50237
2.60432
2.76134
2.58504
2.54336
2.49462
2.60787
2.67894
2.55024
2.64993
2.42761
2.66595
2.56595
2.44293
2.57737
2.29546
2.34401
2.61216
2.6236
2.23809
2.57778
2.53534
2.67512
2.40898
2.62247
2.80639
2.46449
2.58872
2.47315
2.59013
2.77693
2.70542
2.52671
3.03031
2.43174
2.70435
2.56004
2.21159
2.54306
2.60543
2.96133
2.30549
2.5649
2.60062
2.81761
2.45135
2.42271
2.84103
2.54954
2.5683
2.4644
2.44649
2.37751
2.56214
2.63129
2.66867
2.49636
2.89177
2.65263
2.54059
2.62401
2.56758
2.56021
2.65779
2.61192
2.60558
2.50454
2.73536
2.57856
2.58376
2.71027
2.5449
2.46654
2.56947
2.47421
2.60949
2.666
2.63966
2.58923
2.70735
2.79666
2.38269
2.47318
2.40709
2.61416
2.52122
2.70834
2.63684
2.50484
2.6972
2.26334
2.62873
2.42531
2.70787
2.66206
2.39904
2.53357
2.64755
2.4196
2.45953
2.58929
2.53182
2.85293
2.54825
2.86692
2.52111
2.4361
2.50774
2.60784
2.38448
2.53792
2.71108
2.72781
2.39345
2.65487
2.32986
2.51634
2.75816
2.33357
2.23455
2.49148
2.29306
2.61188
2.51629
2.60051
2.8298
2.41328
2.6307
2.55599
2.44132
2.62586
2.53629
2.58482
2.36488
2.29684
2.86926
2.80964
2.54232
2.72487
2.24152
2.49241
2.58507
2.91786
2.53719
2.42901
2.60211
2.58917
2.60985
2.43175
2.79451
2.79209
2.40977
2.73243
2.562
2.38636
2.59578
2.32445
2.63199
2.45322
2.85719
2.65837
2.33967
2.55452
2.43935
2.44512
2.39107
2.88951
2.38864
2.43414
2.3514
3.02004
2.73872
2.53014
2.43274
2.67959
2.5306
2.62913
2.91333
2.61023
2.67912
2.44648
2.6325
2.598
2.39845
2.45549
2.71986
2.49182
2.47187
2.71876
2.41468
2.53375
2.48905
2.65485
2.66691
2.48135
2.3618
2.52108
2.57473
2.73726
2.48918
2.72475
2.34845
2.77123
2.52225
2.74552
2.55697
2.40092
2.89392
2.61358
2.78955
2.30405
2.47357
2.69968
2.52986
2.56788
3.07104
2.37898
2.5958
2.8124
2.7328
2.47919
3.02316
2.43762
2.597
2.40367
2.60839
2.43246
2.49125
2.41712
2.68087
2.35477
2.62575
2.61719
2.76465
2.60568
2.39925
2.13748
2.54628
2.76736
2.50153
2.55554
2.44417
2.52243
2.88635
2.67254
2.65641
2.58712
2.49455
2.49179
2.60744
2.39012
2.67006
2.43698
2.71983
2.58342
2.55783
2.45588
2.48972
2.44967
2.65531
2.74031
2.46677
2.47808
2.58777
2.51272
2.49012
2.5874
2.74207
2.8018
2.61405
2.8221
2.5612
2.44561
2.60527
2.26672
2.63834
2.46566
2.9138
2.55265
2.53928
2.12896
2.5202
2.43193
2.40511
2.71382
2.54485
2.44107
2.29006
2.28844
2.54085
2.66022
2.48774
2.63011
2.5113
2.44846
2.36761
2.45642
2.5183
2.72162
2.66888
2.97912
2.73369
2.3687
2.38707
2.72395
2.84505
2.42584
2.67273
2.62395
2.60174
2.3741
2.53702
2.5845
2.61194
2.67047
2.72166
2.65966
2.66082
2.64648
2.46765
2.52783
2.61539
2.63272
2.63117
2.43788
2.49684
2.58318
2.39464
2.71068
2.74791
2.49911
2.47733
2.65923
2.52402
2.69936
2.62706
2.49843
2.53945
2.63163
2.58168
2.59469
2.76809
2.46495
2.50684
2.54555
2.44969
2.54432
2.5343
2.34023
2.45035
2.20289
2.40158
2.5628
2.61358
2.45472
2.66682
2.57455
2.84392
2.68677
2.68143
2.28862
2.78648
2.25407
2.27655
2.44796
2.47867
2.78221
2.58767
2.49229
2.62491
2.43127
2.22553
2.70512
2.74955
2.5403
2.38864
2.50318
2.69853
2.55424
2.27052
2.42922
2.55995
2.68111
2.59437
2.64021
2.53443
2.62809
2.73756
2.41274
2.68322
2.55742
2.64824
2.65916
2.59662
2.48956
2.63885
2.49928
2.49207
2.46471
2.47886
2.68626
2.73763
2.65704
2.36955
2.46733
2.79845
2.55558
2.62229
2.61525
2.63575
2.37684
2.65456
2.71136
2.62471
2.78464
2.83132
2.70173
2.68098
2.22596
2.8338
2.53497
2.49513
2.77649
2.31957
2.69053
2.73814
2.56528
2.29155
2.59317
2.66801
2.62715
2.40405
2.58731
2.57702
2.45183
2.3096
2.50283
2.54518
2.34914
2.59463
2.38279
2.66555
2.62316
2.31979
2.35043
2.76771
2.61574
2.52245
2.60656
2.5943
2.97412
2.61269
2.67193
2.60243
2.71229
2.64381
2.67947
2.45253
2.54668
2.61872
2.50852
2.75107
2.635
2.58517
2.71791
2.52382
2.61137
2.77117
2.41308
2.50578
2.61503
2.81001
2.37955
2.7844
2.52515
2.37229
2.60463
2.52542
2.68052
2.5335
2.53269
2.47029
2.69965
2.77457
2.66707
2.50434
2.53459
2.60027
2.65514
2.48846
2.645
2.93405
2.3215
2.4914
2.69339
2.29785
2.42694
2.86543
2.45368
2.54134
2.45439
2.64416
2.48161
2.5799
2.45887
2.3215
2.67715
2.39205
2.35904
2.5544
2.70428
2.71992
2.68802
2.80987
2.50047
2.19454
2.69363
2.60086
2.49466
2.42288
2.49236
2.80384
2.3986
2.40551
2.47692
2.45517
2.4338
2.807
2.45315
2.71662
2.47339
2.49593
2.46086
2.4256
2.60748
2.8262
2.59745
2.43823
2.68411
2.64728
2.57073
2.57029
2.629
2.7692
2.60959
2.73547
2.55357
2.47059
2.50482
2.66327
2.67936
2.46835
2.41433
2.82989
2.47609
2.64497
2.80824
2.55178
2.57568
2.69934
2.47873
2.74789
2.70269
2.69581
2.39833
2.48858
2.45276
2.47909
2.19758
2.52239
2.77152
2.79029
2.48829
2.55293
2.50175
2.53985
2.81906
2.44967
2.4015
2.80297
2.59819
2.83325
2.76307
2.50462
2.53554
2.68466
2.40841
2.72911
2.47697
2.75654
2.80202
2.55475
2.51817
2.49922
2.88323
2.35062
2.53828
2.60954
2.83082
2.68297
2.70116
2.4699
2.63648
2.62603
2.68864
2.54927
2.75091
2.71922
2.6666
2.55368
2.48732
2.72402
3.09344
2.46896
2.53852
2.51702
2.31556
2.64121
2.27803
2.49972
2.58161
2.31893
2.37141
