0.528773
0.535524
0.536142
0.453225
0.55926
0.451991
0.495668
0.526489
0.545612
0.474505
0.48209
0.503507
0.528572
0.483429
0.539234
0.488316
0.450836
0.489664
0.495188
0.519413
0.542965
0.496548
0.575531
0.524851
0.485188
0.54838
0.62992
0.46533
0.529707
0.51591
0.535021
0.53381
0.499603
0.556344
0.504111
0.477411
0.498338
0.497188
0.495357
0.469299
0.52054
0.498803
0.477472
0.507009
0.543167
0.547149
0.490988
0.590919
0.486358
0.469411
0.538767
0.459603
0.490352
0.52162
0.507808
0.492156
0.521469
0.550683
0.521564
0.450272
0.440339
0.472027
0.551713
0.541305
0.502504
0.482122
0.527154
0.543194
0.510759
0.51573
0.495119
0.47847
0.512406
0.582253
0.564101
0.511991
0.469766
0.535541
0.522774
0.519125
0.514423
0.471551
0.50714
0.563666
0.422482
0.490427
0.513911
0.476865
0.587407
0.527957
0.557691
0.500673
0.542874
0.524478
0.510037
0.530795
0.526759
0.514285
0.459311
0.47995
0.480875
0.564811
0.498133
0.461686
0.511969
0.518521
0.478954
0.516578
0.520992
0.503831
0.47745
0.509657
0.501835
0.524277
0.501803
0.473599
0.577722
0.560636
0.536428
0.495516
0.530769
0.481897
0.511597
0.48421
0.519053
0.524961
0.50161
0.516522
0.471386
0.517079
0.51862
0.507438
0.483784
0.512324
0.515819
0.511841
0.533357
0.467272
0.492929
0.493919
0.457596
0.480237
0.526371
0.504191
0.502296
0.496881
0.555228
0.513715
0.490938
0.536911
0.503163
0.510196
0.498971
0.532745
0.483946
0.505954
0.500438
0.511076
0.515303
0.571869
0.502885
0.553283
0.499465
0.492653
0.618433
0.541508
0.518658
0.572348
0.503662
0.509447
0.512579
0.50923
0.51487
0.466371
0.469777
0.532052
0.478623
0.55097
0.47945
0.501045
0.527012
0.458437
0.499637
0.512787
0.504818
0.544896
0.515459
0.473766
0.512081
0.487591
0.498118
0.557242
0.547297
0.525898
0.49165
0.478089
0.485444
0.566962
0.474658
0.50508
0.512368
0.485163
0.553429
0.527427
0.467318
0.526638
0.542165
0.542138
0.525751
0.57879
0.52584
0.457109
0.494306
0.450498
0.440532
0.523056
0.473528
0.55008
0.568727
0.483628
0.483095
0.557028
0.508436
0.526693
0.55242
0.462692
0.537899
0.488967
0.518189
0.496353
0.55927
0.405136
0.533079
0.540884
0.524966
0.501318
0.458259
0.434323
0.662632
0.601942
0.52176
0.494315
0.510239
0.424267
0.517186
0.46303
0.527156
0.50266
0.454233
0.514798
0.485184
0.481558
0.543707
0.479789
0.498612
0.511889
0.446741
0.451679
0.502271
0.513105
0.462103
0.481306
0.558198
0.534676
0.503946
0.500297
0.546142
0.53184
0.584553
0.514686
0.497076
0.529261
0.48841
0.505718
0.467979
0.5447
0.590926
0.531275
0.526357
0.49656
0.562679
0.432596
0.570828
0.472312
0.464982
0.570219
0.491893
0.463408
0.559792
0.522058
0.580078
0.564016
0.497836
0.619005
0.458678
0.513721
0.534372
0.553736
0.448196
0.515196
0.497149
0.525528
0.487822
0.521783
0.544989
0.51201
0.533076
0.506101
0.468111
0.586728
0.520866
0.563515
0.463303
0.52089
0.484689
0.509606
0.556096
0.481949
0.513659
0.515302
0.504108
0.521822
0.51483
0.474137
0.531976
0.516922
0.535846
0.488709
0.508933
0.484518
0.562901
0.489153
0.509131
0.493321
0.525986
0.445635
0.521651
0.452257
0.476401
0.454878
0.443646
0.500056
0.437427
0.508149
0.509776
0.550592
0.51805
0.508332
0.501569
0.487908
0.478173
0.491543
0.452249
0.552626
0.495314
0.479825
0.514163
0.493319
0.521228
0.522291
0.484492
0.452571
0.49014
0.518406
0.51922
0.537704
0.538554
0.542151
0.505417
0.504746
0.491641
0.469323
0.473822
0.526615
0.490774
0.514637
0.535784
0.515122
0.444841
0.546279
0.559931
0.523037
0.569844
0.564141
0.502607
0.478117
0.544838
0.450803
0.496039
0.505635
0.482009
0.539884
0.505458
0.541444
0.467628
0.5194
0.536857
0.482188
0.471947
0.55121
0.502353
0.492797
0.461823
0.469963
0.513003
0.528623
0.461611
0.563625
0.47637
0.550583
0.477932
0.481731
0.524548
0.502202
0.493613
0.531954
0.539783
0.45252
0.517747
0.522027
0.489286
0.55011
0.55939
0.495975
0.459186
0.479578
0.502723
0.513036
0.500168
0.4966
0.508421
0.471861
0.473475
0.521963
0.548701
0.508348
0.565219
0.44162
0.571445
0.448282
0.491758
0.525085
0.527398
0.455302
0.523987
0.47455
0.56819
0.52772
0.491931
0.466171
0.46144
0.503667
0.50173
0.488825
0.465984
0.497085
0.513218
0.473463
0.518207
0.4673
0.474323
0.539126
0.5267
0.550126
0.518671
0.499884
0.565307
0.515449
0.550292
0.560827
0.446
0.551889
0.481845
0.504796
0.514446
0.546832
0.531182
0.498828
0.505689
0.51633
0.467889
0.499235
0.505634
0.538752
0.542055
0.472131
0.500551
0.520619
0.492916
0.558734
0.549258
0.532603
0.490491
0.49578
0.489105
0.512407
0.503669
0.507125
0.563593
0.513462
0.528773
0.535524
0.536142
0.453225
0.55926
0.451991
0.495668
0.526489
0.545612
0.474505
0.48209
0.503507
0.528572
0.483429
0.539234
0.488316
0.450836
0.489664
0.495188
0.519413
0.542965
0.496548
0.575531
0.524851
0.485188
0.54838
0.62992
0.46533
0.529707
0.51591
0.535021
0.53381
0.499603
0.556344
0.504111
0.477411
0.498338
0.497188
0.495357
0.469299
0.52054
0.498803
0.477472
0.507009
0.543167
0.547149
0.490988
0.590919
0.486358
0.469411
0.538767
0.459603
0.490352
0.52162
0.507808
0.492156
0.521469
0.550683
0.521564
0.450272
0.440339
0.472027
0.551713
0.541305
0.502504
0.482122
0.527154
0.543194
0.510759
0.51573
0.495119
0.47847
0.512406
0.582253
0.564101
0.511991
0.469766
0.535541
0.522774
0.519125
0.514423
0.471551
0.50714
0.563666
0.422482
0.490427
0.513911
0.476865
0.587407
0.527957
0.557691
0.500673
0.542874
0.524478
0.510037
0.530795
0.526759
0.514285
0.459311
0.47995
0.480875
0.564811
0.498133
0.461686
0.511969
0.518521
0.478954
0.516578
0.520992
0.503831
0.47745
0.509657
0.501835
0.524277
0.501803
0.473599
0.577722
0.560636
0.536428
0.495516
0.530769
0.481897
0.511597
0.48421
0.519053
0.524961
0.50161
0.516522
0.471386
0.517079
0.51862
0.507438
0.483784
0.512324
0.515819
0.511841
0.533357
0.467272
0.492929
0.493919
0.457596
0.480237
0.526371
0.504191
0.502296
0.496881
0.555228
0.513715
0.490938
0.536911
0.503163
0.510196
0.498971
0.532745
0.483946
0.505954
0.500438
0.511076
0.515303
0.571869
0.502885
0.553283
0.499465
0.492653
0.618433
0.541508
0.518658
0.572348
0.503662
0.509447
0.512579
0.50923
0.51487
0.466371
0.469777
0.532052
0.478623
0.55097
0.47945
0.501045
0.527012
0.458437
0.499637
0.512787
0.504818
0.544896
0.515459
0.473766
0.512081
0.487591
0.498118
0.557242
0.547297
0.525898
0.49165
0.478089
0.485444
0.566962
0.474658
0.50508
0.512368
0.485163
0.553429
0.527427
0.467318
0.526638
0.542165
0.542138
0.525751
0.57879
0.52584
0.457109
0.494306
0.450498
0.440532
0.523056
0.473528
0.55008
0.568727
0.483628
0.483095
0.557028
0.508436
0.526693
0.55242
0.462692
0.537899
0.488967
0.518189
0.496353
0.55927
0.405136
0.533079
0.540884
0.524966
0.501318
0.458259
0.434323
0.662632
0.601942
0.52176
0.494315
0.510239
0.424267
0.517186
0.46303
0.527156
0.50266
0.454233
0.514798
0.485184
0.481558
0.543707
0.479789
0.498612
0.511889
0.446741
0.451679
0.502271
0.513105
0.462103
0.481306
0.558198
0.534676
0.503946
0.500297
0.546142
0.53184
0.584553
0.514686
0.497076
0.529261
0.48841
0.505718
0.467979
0.5447
0.590926
0.531275
0.526357
0.49656
0.562679
0.432596
0.570828
0.472312
0.464982
0.570219
0.491893
0.463408
0.559792
0.522058
0.580078
0.564016
0.497836
0.619005
0.458678
0.513721
0.534372
0.553736
0.448196
0.515196
0.497149
0.525528
0.487822
0.521783
0.544989
0.51201
0.533076
0.506101
0.468111
0.586728
0.520866
0.563515
0.463303
0.52089
0.484689
0.509606
0.556096
0.481949
0.513659
0.515302
0.504108
0.521822
0.51483
0.474137
0.531976
0.516922
0.535846
0.488709
0.508933
0.484518
0.562901
0.489153
0.509131
0.493321
0.525986
0.445635
0.521651
0.452257
0.476401
0.454878
0.443646
0.500056
0.437427
0.508149
0.509776
0.550592
0.51805
0.508332
0.501569
0.487908
0.478173
0.491543
0.452249
0.552626
0.495314
0.479825
0.514163
0.493319
0.521228
0.522291
0.484492
0.452571
0.49014
0.518406
0.51922
0.537704
0.538554
0.542151
0.505417
0.504746
0.491641
0.469323
0.473822
0.526615
0.490774
0.514637
0.535784
0.515122
0.444841
0.546279
0.559931
0.523037
0.569844
0.564141
0.502607
0.478117
0.544838
0.450803
0.496039
0.505635
0.482009
0.539884
0.505458
0.541444
0.467628
0.5194
0.536857
0.482188
0.471947
0.55121
0.502353
0.492797
0.461823
0.469963
0.513003
0.528623
0.461611
0.563625
0.47637
0.550583
0.477932
0.481731
0.524548
0.502202
0.493613
0.531954
0.539783
0.45252
0.517747
0.522027
0.489286
0.55011
0.55939
0.495975
0.459186
0.479578
0.502723
0.513036
0.500168
0.4966
0.508421
0.471861
0.473475
0.521963
0.548701
0.508348
0.565219
0.44162
0.571445
0.448282
0.491758
0.525085
0.527398
0.455302
0.523987
0.47455
0.56819
0.52772
0.491931
0.466171
0.46144
0.503667
0.50173
0.488825
0.465984
0.497085
0.513218
0.473463
0.518207
0.4673
0.474323
0.539126
0.5267
0.550126
0.518671
0.499884
0.565307
0.515449
0.550292
0.560827
0.446
0.551889
0.481845
0.504796
0.514446
0.546832
0.531182
0.498828
0.505689
0.51633
0.467889
0.499235
0.505634
0.538752
0.542055
0.472131
0.500551
0.520619
0.492916
0.558734
0.549258
0.532603
0.490491
0.49578
0.489105
0.512407
0.503669
0.507125
0.563593
0.513462
