0.437711
0.488065
0.491107
0.539179
0.3939
0.481754
0.458671
0.535053
0.476199
0.43493
0.494233
0.452966
0.448532
0.436613
0.486793
0.422176
0.437513
0.468619
0.474471
0.493884
0.417969
0.505038
0.442773
0.479374
0.44347
0.437961
0.469212
0.45283
0.43712
0.475334
0.459684
0.456871
0.471581
0.503868
0.450328
0.504566
0.480701
0.430392
0.483447
0.40199
0.473037
0.431186
0.453781
0.447594
0.455569
0.473837
0.520028
0.458869
0.43456
0.490725
0.517515
0.483502
0.446242
0.527906
0.50401
0.470273
0.455659
0.479656
0.47571
0.440186
0.550445
0.463956
0.475351
0.443367
0.517344
0.477141
0.447874
0.479262
0.477164
0.492481
0.440639
0.487005
0.480446
0.425499
0.438097
0.467646
0.478756
0.483978
0.457136
0.399421
0.507207
0.482076
0.509302
0.441965
0.463057
0.462827
0.46523
0.408007
0.517424
0.45547
0.45822
0.5086
0.484329
0.452147
0.391404
0.472904
0.478241
0.455863
0.420781
0.469612
0.446363
0.486961
0.481088
0.486059
0.447174
0.524157
0.485955
0.51141
0.427611
0.525757
0.454192
0.528199
0.457174
0.487187
0.457746
0.490778
0.442127
0.430701
0.424004
0.472616
0.480419
0.475721
0.481037
0.423146
0.49361
0.501497
0.443868
0.524094
0.441641
0.483023
0.517224
0.476695
0.473913
0.476845
0.482176
0.435219
0.479584
0.459715
0.518825
0.437533
0.567593
0.469314
0.448975
0.455675
0.47472
0.542503
0.465839
0.490446
0.436029
0.466987
0.441202
0.43327
0.491809
0.494862
0.458662
0.414668
0.433775
0.472481
0.47871
0.489506
0.482072
0.458567
0.46115
0.419913
0.496209
0.455864
0.521034
0.485725
0.49525
0.456403
0.445108
0.484154
0.514594
0.530317
0.43931
0.529392
0.488116
0.457823
0.50595
0.464445
0.478598
0.498686
0.472491
0.459196
0.473911
0.464103
0.490309
0.444725
0.413314
0.451539
0.472591
0.45021
0.471997
0.432618
0.444885
0.517023
0.483735
0.50365
0.524782
0.494001
0.478198
0.526341
0.480051
0.492214
0.472791
0.474256
0.47054
0.442763
0.458768
0.525275
0.444647
0.487758
0.518781
0.46423
0.451044
0.4527
0.477591
0.43216
0.454905
0.457752
0.507707
0.478417
0.493003
0.460868
0.477411
0.463569
0.521737
0.479549
0.484965
0.452273
0.471164
0.56525
0.469626
0.499358
0.456628
0.48768
0.513673
0.46461
0.456211
0.474793
0.500451
0.526742
0.476525
0.540647
0.453308
0.429689
0.505027
0.490642
0.414285
0.507507
0.535082
0.483212
0.440268
0.474678
0.463518
0.390622
0.440945
0.507119
0.444532
0.472896
0.415624
0.502898
0.504523
0.432239
0.491103
0.480845
0.524002
0.507837
0.431165
0.447963
0.502888
0.557937
0.44597
0.552089
0.50572
0.463383
0.482668
0.448341
0.493541
0.501388
0.437181
0.461379
0.407075
0.510544
0.479459
0.47528
0.429154
0.493341
0.440936
0.481447
0.485759
0.481335
0.441217
0.437285
0.575807
0.50872
0.435246
0.508025
0.497662
0.482876
0.497877
0.559252
0.468444
0.461217
0.440019
0.464526
0.487905
0.501085
0.471123
0.479088
0.524374
0.495881
0.481774
0.497459
0.482397
0.467424
0.475762
0.435936
0.473121
0.476289
0.447705
0.478977
0.462378
0.469487
0.569105
0.4066
0.476512
0.490712
0.457735
0.440812
0.467144
0.465586
0.508024
0.475371
0.524842
0.512376
0.493001
0.504713
0.444334
0.51635
0.451177
0.492261
0.465436
0.474598
0.456799
0.44301
0.476249
0.479458
0.447616
0.497015
0.438009
0.506696
0.453094
0.502722
0.468205
0.447793
0.515058
0.470125
0.423719
0.488472
0.423659
0.445375
0.474047
0.436705
0.543723
0.46734
0.435257
0.461466
0.478999
0.456831
0.475755
0.46651
0.510977
0.463995
0.496072
0.481816
0.468004
0.450372
0.403711
0.448145
0.485076
0.449432
0.52547
0.482498
0.439424
0.456152
0.557887
0.543292
0.45854
0.42936
0.491401
0.481676
0.448585
0.50037
0.479226
0.489707
0.455877
0.499873
0.424704
0.427019
0.482874
0.476453
0.446206
0.493782
0.394914
0.48402
0.473667
0.473194
0.398896
0.441137
0.48098
0.420601
0.441849
0.479644
0.483054
0.445522
0.47678
0.524007
0.493508
0.463665
0.476502
0.494979
0.449851
0.523016
0.453762
0.499113
0.470821
0.478496
0.43598
0.480129
0.541698
0.463861
0.551506
0.490886
0.505607
0.445667
0.469388
0.467113
0.497567
0.463385
0.518498
0.460486
0.44954
0.465531
0.541384
0.458033
0.431869
0.478115
0.470337
0.504874
0.529869
0.479958
0.493946
0.458965
0.516685
0.456762
0.448981
0.42766
0.463193
0.445908
0.459873
0.435952
0.497822
0.422588
0.434327
0.488103
0.472153
0.432877
0.489028
0.480849
0.480676
0.396906
0.506983
0.478525
0.514606
0.447523
0.495969
0.399928
0.461886
0.474005
0.435039
0.496676
0.437737
0.445696
0.493574
0.449197
0.494911
0.494362
0.471244
0.443823
0.492541
0.438699
0.475208
0.480188
0.459977
0.417878
0.482938
0.511901
0.44886
0.468996
0.472392
0.473921
0.419466
0.470936
0.426086
0.464999
0.481125
0.497867
0.480788
0.521069
0.491833
0.48746
0.462432
0.497245
0.46469
0.485678
0.460818
0.501696
0.494199
0.441353
0.514651
0.483072
0.460582
0.454995
0.498305
0.489927
0.464745
0.446732
0.466293
0.448067
0.54235
0.451513
0.469708
0.498018
0.488852
0.51092
0.474775
0.41742
0.489888
0.511865
0.461787
0.456023
0.531607
0.485633
0.462645
0.452697
0.451612
0.433542
0.417609
0.463687
0.52123
0.537208
0.468856
0.44109
0.517625
0.477275
0.419899
0.493398
0.464903
0.46042
0.411558
0.444964
0.452919
0.482746
0.4004
0.482638
0.457439
0.447365
0.450432
0.523287
0.476084
0.473909
0.443321
0.485552
0.459899
0.554008
0.481155
0.505805
0.483187
0.426029
0.491283
0.470357
0.459774
0.487536
0.522719
0.478797
0.445712
0.505298
0.440201
0.483441
0.440993
0.473825
0.453261
0.516878
0.466803
0.460824
0.41544
0.477156
0.425369
0.45213
0.467222
0.454906
0.475557
0.475076
0.483802
0.469995
0.473587
0.475682
0.439497
0.47823
0.447167
0.473547
0.47778
0.400205
0.449555
0.475764
0.455003
0.485407
0.508129
0.456672
0.476828
0.383421
0.484293
0.471687
0.448851
0.486087
0.446007
0.484304
0.493777
0.463695
0.473701
0.42104
0.545236
0.421776
0.438365
0.49941
0.408254
0.461526
0.459474
0.447055
0.484811
0.505156
0.531392
0.472443
0.447116
0.490154
0.480081
0.492546
0.47014
0.442163
0.468168
0.483678
0.444047
0.503126
0.512157
0.455676
0.493532
0.486192
0.412747
0.489518
0.494361
0.483079
0.477684
0.453132
0.450962
0.402266
0.474049
0.438771
0.495226
0.474995
0.467267
0.43285
0.441443
0.492404
0.447353
0.421334
0.480464
0.483239
0.475722
0.394246
0.415967
0.468925
0.465343
0.451193
0.507159
0.477395
0.493638
0.471683
0.446791
0.459111
0.505985
0.499119
0.47634
0.468967
0.486769
0.46496
0.423629
0.470169
0.517447
0.437994
0.529861
0.435845
0.512519
0.457545
0.455655
0.487774
0.502185
0.505941
0.476285
0.457536
0.416261
0.441234
0.517338
0.487235
0.455147
0.438482
0.492967
0.436088
0.487063
0.486306
0.493035
0.469886
0.467454
0.436114
0.510656
0.517144
0.462721
0.460772
0.479758
0.457448
0.459309
0.460607
0.461893
0.50996
0.523936
0.467204
0.461305
0.420294
0.467762
0.495797
0.464149
0.47272
0.45339
0.510589
0.510016
0.486855
0.475299
0.495471
0.517321
0.511954
0.471125
0.516705
0.493358
0.416245
0.453707
0.472531
0.504842
0.479606
0.473179
0.40744
0.417367
0.428372
0.503686
0.541545
0.454102
0.470503
0.483366
0.525484
0.504966
0.502901
0.487607
0.425822
0.480261
0.46863
0.439784
0.456256
0.477239
0.42451
0.549516
0.479417
0.491823
0.525441
0.453232
0.444141
0.434897
0.464728
0.50465
0.431489
0.517646
0.382154
0.416269
0.470456
0.471326
0.507748
0.532565
0.399363
0.483579
0.453017
0.473957
0.557466
0.510596
0.431867
0.485195
0.522992
0.512165
0.467305
0.482707
0.476496
0.452119
0.472254
0.466871
0.533594
0.520999
0.507783
0.451038
0.441682
0.428784
0.448034
0.44097
0.534461
0.527178
0.481274
0.460725
0.512552
0.475913
0.456024
0.44656
0.460015
0.461239
0.471511
0.476564
0.551417
0.460892
0.51901
0.438126
0.494943
0.472374
0.456592
0.491297
0.468737
0.411785
0.485888
0.473647
0.490169
0.514038
0.472068
0.483598
0.530037
0.469833
0.449674
0.443898
0.414542
0.462324
0.49466
0.48051
0.466405
0.425427
0.466296
0.481966
0.481248
0.495729
0.446914
0.416539
0.459353
0.460829
0.495965
0.422682
0.449874
0.495124
0.54329
0.458294
0.444885
0.478072
0.527847
0.50916
0.438193
0.428248
0.445095
0.522078
0.461888
0.510478
0.512165
0.395758
0.435659
0.448548
0.489081
0.501471
0.464392
0.453793
0.498163
0.439976
0.45669
0.53258
0.444192
0.499365
0.49066
0.50127
0.460447
0.505756
0.449375
0.490848
0.443693
0.466808
0.500886
0.450774
0.499251
0.463379
0.423353
0.452116
0.483122
0.425957
0.480986
0.471891
0.458385
0.465535
0.403385
0.504784
0.465175
0.476026
0.478817
0.547497
0.486531
0.477259
0.476628
0.473084
0.46596
0.479441
0.431556
0.435788
0.475173
0.486632
0.486176
0.500352
0.566989
0.465904
0.438122
0.456271
0.48708
0.492387
0.478555
0.441926
0.4431
0.455367
0.460403
0.471519
0.496555
0.390638
0.443697
0.466627
0.469159
0.536637
0.469753
0.476082
0.496655
0.47526
0.423674
0.465344
0.441239
0.507849
0.507974
0.465976
0.428105
0.525811
0.406777
0.412142
0.483399
0.455167
0.483942
0.421979
0.489891
0.472687
0.450505
0.471672
0.466527
0.477949
0.475665
0.490026
0.47527
0.467849
0.478663
0.4934
0.435833
0.506153
0.433937
0.494696
0.498914
0.455889
0.5015
0.383659
0.400533
0.45921
0.483152
0.44493
0.490037
0.52108
0.472186
0.513122
0.489405
0.473754
0.459953
0.437711
0.488065
0.491107
0.539179
0.3939
0.481754
0.458671
0.535053
0.476199
0.43493
0.494233
0.452966
0.448532
0.436613
0.486793
0.422176
0.437513
0.468619
0.474471
0.493884
0.417969
0.505038
0.442773
0.479374
0.44347
0.437961
0.469212
0.45283
0.43712
0.475334
0.459684
0.456871
0.471581
0.503868
0.450328
0.504566
0.480701
0.430392
0.483447
0.40199
0.473037
0.431186
0.453781
0.447594
0.455569
0.473837
0.520028
0.458869
0.43456
0.490725
0.517515
0.483502
0.446242
0.527906
0.50401
0.470273
0.455659
0.479656
0.47571
0.440186
0.550445
0.463956
0.475351
0.443367
0.517344
0.477141
0.447874
0.479262
0.477164
0.492481
0.440639
0.487005
0.480446
0.425499
0.438097
0.467646
0.478756
0.483978
0.457136
0.399421
0.507207
0.482076
0.509302
0.441965
0.463057
0.462827
0.46523
0.408007
0.517424
0.45547
0.45822
0.5086
0.484329
0.452147
0.391404
0.472904
0.478241
0.455863
0.420781
0.469612
0.446363
0.486961
0.481088
0.486059
0.447174
0.524157
0.485955
0.51141
0.427611
0.525757
0.454192
0.528199
0.457174
0.487187
0.457746
0.490778
0.442127
0.430701
0.424004
0.472616
0.480419
0.475721
0.481037
0.423146
0.49361
0.501497
0.443868
0.524094
0.441641
0.483023
0.517224
0.476695
0.473913
0.476845
0.482176
0.435219
0.479584
0.459715
0.518825
0.437533
0.567593
0.469314
0.448975
0.455675
0.47472
0.542503
0.465839
0.490446
0.436029
0.466987
0.441202
0.43327
0.491809
0.494862
0.458662
0.414668
0.433775
0.472481
0.47871
0.489506
0.482072
0.458567
0.46115
0.419913
0.496209
0.455864
0.521034
0.485725
0.49525
0.456403
0.445108
0.484154
0.514594
0.530317
0.43931
0.529392
0.488116
0.457823
0.50595
0.464445
0.478598
0.498686
0.472491
0.459196
0.473911
0.464103
0.490309
0.444725
0.413314
0.451539
0.472591
0.45021
0.471997
0.432618
0.444885
0.517023
0.483735
0.50365
0.524782
0.494001
0.478198
0.526341
0.480051
0.492214
0.472791
0.474256
0.47054
0.442763
0.458768
0.525275
0.444647
0.487758
0.518781
0.46423
0.451044
0.4527
0.477591
0.43216
0.454905
0.457752
0.507707
0.478417
0.493003
0.460868
0.477411
0.463569
0.521737
0.479549
0.484965
0.452273
0.471164
0.56525
0.469626
0.499358
0.456628
0.48768
0.513673
0.46461
0.456211
0.474793
0.500451
0.526742
0.476525
0.540647
0.453308
0.429689
0.505027
0.490642
0.414285
0.507507
0.535082
0.483212
0.440268
0.474678
0.463518
0.390622
0.440945
0.507119
0.444532
0.472896
0.415624
0.502898
0.504523
0.432239
0.491103
0.480845
0.524002
0.507837
0.431165
0.447963
0.502888
0.557937
0.44597
0.552089
0.50572
0.463383
0.482668
0.448341
0.493541
0.501388
0.437181
0.461379
0.407075
0.510544
0.479459
0.47528
0.429154
0.493341
0.440936
0.481447
0.485759
0.481335
0.441217
0.437285
0.575807
0.50872
0.435246
0.508025
0.497662
0.482876
0.497877
0.559252
0.468444
0.461217
0.440019
0.464526
0.487905
0.501085
0.471123
0.479088
0.524374
0.495881
0.481774
0.497459
0.482397
0.467424
0.475762
0.435936
0.473121
0.476289
0.447705
0.478977
0.462378
0.469487
0.569105
0.4066
0.476512
0.490712
0.457735
0.440812
0.467144
0.465586
0.508024
0.475371
0.524842
0.512376
0.493001
0.504713
0.444334
0.51635
0.451177
0.492261
0.465436
0.474598
0.456799
0.44301
0.476249
0.479458
0.447616
0.497015
0.438009
0.506696
0.453094
0.502722
0.468205
0.447793
0.515058
0.470125
0.423719
0.488472
0.423659
0.445375
0.474047
0.436705
0.543723
0.46734
0.435257
0.461466
0.478999
0.456831
0.475755
0.46651
0.510977
0.463995
0.496072
0.481816
0.468004
0.450372
0.403711
0.448145
0.485076
0.449432
0.52547
0.482498
0.439424
0.456152
0.557887
0.543292
0.45854
0.42936
0.491401
0.481676
0.448585
0.50037
0.479226
0.489707
0.455877
0.499873
0.424704
0.427019
0.482874
0.476453
0.446206
0.493782
0.394914
0.48402
0.473667
0.473194
0.398896
0.441137
0.48098
0.420601
0.441849
0.479644
0.483054
0.445522
0.47678
0.524007
0.493508
0.463665
0.476502
0.494979
0.449851
0.523016
0.453762
0.499113
0.470821
0.478496
0.43598
0.480129
0.541698
0.463861
0.551506
0.490886
0.505607
0.445667
0.469388
0.467113
0.497567
0.463385
0.518498
0.460486
0.44954
0.465531
0.541384
0.458033
0.431869
0.478115
0.470337
0.504874
0.529869
0.479958
0.493946
0.458965
0.516685
0.456762
0.448981
0.42766
0.463193
0.445908
0.459873
0.435952
0.497822
0.422588
0.434327
0.488103
0.472153
0.432877
0.489028
0.480849
0.480676
0.396906
0.506983
0.478525
0.514606
0.447523
0.495969
0.399928
0.461886
0.474005
0.435039
0.496676
0.437737
0.445696
0.493574
0.449197
0.494911
0.494362
0.471244
0.443823
0.492541
0.438699
0.475208
0.480188
0.459977
0.417878
0.482938
0.511901
0.44886
0.468996
0.472392
0.473921
0.419466
0.470936
0.426086
0.464999
0.481125
0.497867
0.480788
0.521069
0.491833
0.48746
0.462432
0.497245
0.46469
0.485678
0.460818
0.501696
0.494199
0.441353
0.514651
0.483072
0.460582
0.454995
0.498305
0.489927
0.464745
0.446732
0.466293
0.448067
0.54235
0.451513
0.469708
0.498018
0.488852
0.51092
0.474775
0.41742
0.489888
0.511865
0.461787
0.456023
0.531607
0.485633
0.462645
0.452697
0.451612
0.433542
0.417609
0.463687
0.52123
0.537208
0.468856
0.44109
0.517625
0.477275
0.419899
0.493398
0.464903
0.46042
0.411558
0.444964
0.452919
0.482746
0.4004
0.482638
0.457439
0.447365
0.450432
0.523287
0.476084
0.473909
0.443321
0.485552
0.459899
0.554008
0.481155
0.505805
0.483187
0.426029
0.491283
0.470357
0.459774
0.487536
0.522719
0.478797
0.445712
0.505298
0.440201
0.483441
0.440993
0.473825
0.453261
0.516878
0.466803
0.460824
0.41544
0.477156
0.425369
0.45213
0.467222
0.454906
0.475557
0.475076
0.483802
0.469995
0.473587
0.475682
0.439497
0.47823
0.447167
0.473547
0.47778
0.400205
0.449555
0.475764
0.455003
0.485407
0.508129
0.456672
0.476828
0.383421
0.484293
0.471687
0.448851
0.486087
0.446007
0.484304
0.493777
0.463695
0.473701
0.42104
0.545236
0.421776
0.438365
0.49941
0.408254
0.461526
0.459474
0.447055
0.484811
0.505156
0.531392
0.472443
0.447116
0.490154
0.480081
0.492546
0.47014
0.442163
0.468168
0.483678
0.444047
0.503126
0.512157
0.455676
0.493532
0.486192
0.412747
0.489518
0.494361
0.483079
0.477684
0.453132
0.450962
0.402266
0.474049
0.438771
0.495226
0.474995
0.467267
0.43285
0.441443
0.492404
0.447353
0.421334
0.480464
0.483239
0.475722
0.394246
0.415967
0.468925
0.465343
0.451193
0.507159
0.477395
0.493638
0.471683
0.446791
0.459111
0.505985
0.499119
0.47634
0.468967
0.486769
0.46496
0.423629
0.470169
0.517447
0.437994
0.529861
0.435845
0.512519
0.457545
0.455655
0.487774
0.502185
0.505941
0.476285
0.457536
0.416261
0.441234
0.517338
0.487235
0.455147
0.438482
0.492967
0.436088
0.487063
0.486306
0.493035
0.469886
0.467454
0.436114
0.510656
0.517144
0.462721
0.460772
0.479758
0.457448
0.459309
0.460607
0.461893
0.50996
0.523936
0.467204
0.461305
0.420294
0.467762
0.495797
0.464149
0.47272
0.45339
0.510589
0.510016
0.486855
0.475299
0.495471
0.517321
0.511954
0.471125
0.516705
0.493358
0.416245
0.453707
0.472531
0.504842
0.479606
0.473179
0.40744
0.417367
0.428372
0.503686
0.541545
0.454102
0.470503
0.483366
0.525484
0.504966
0.502901
0.487607
0.425822
0.480261
0.46863
0.439784
0.456256
0.477239
0.42451
0.549516
0.479417
0.491823
0.525441
0.453232
0.444141
0.434897
0.464728
0.50465
0.431489
0.517646
0.382154
0.416269
0.470456
0.471326
0.507748
0.532565
0.399363
0.483579
0.453017
0.473957
0.557466
0.510596
0.431867
0.485195
0.522992
0.512165
0.467305
0.482707
0.476496
0.452119
0.472254
0.466871
0.533594
0.520999
0.507783
0.451038
0.441682
0.428784
0.448034
0.44097
0.534461
0.527178
0.481274
0.460725
0.512552
0.475913
0.456024
0.44656
0.460015
0.461239
0.471511
0.476564
0.551417
0.460892
0.51901
0.438126
0.494943
0.472374
0.456592
0.491297
0.468737
0.411785
0.485888
0.473647
0.490169
0.514038
0.472068
0.483598
0.530037
0.469833
0.449674
0.443898
0.414542
0.462324
0.49466
0.48051
0.466405
0.425427
0.466296
0.481966
0.481248
0.495729
0.446914
0.416539
0.459353
0.460829
0.495965
0.422682
0.449874
0.495124
0.54329
0.458294
0.444885
0.478072
0.527847
0.50916
0.438193
0.428248
0.445095
0.522078
0.461888
0.510478
0.512165
0.395758
0.435659
0.448548
0.489081
0.501471
0.464392
0.453793
0.498163
0.439976
0.45669
0.53258
0.444192
0.499365
0.49066
0.50127
0.460447
0.505756
0.449375
0.490848
0.443693
0.466808
0.500886
0.450774
0.499251
0.463379
0.423353
0.452116
0.483122
0.425957
0.480986
0.471891
0.458385
0.465535
0.403385
0.504784
0.465175
0.476026
0.478817
0.547497
0.486531
0.477259
0.476628
0.473084
0.46596
0.479441
0.431556
0.435788
0.475173
0.486632
0.486176
0.500352
0.566989
0.465904
0.438122
0.456271
0.48708
0.492387
0.478555
0.441926
0.4431
0.455367
0.460403
0.471519
0.496555
0.390638
0.443697
0.466627
0.469159
0.536637
0.469753
0.476082
0.496655
0.47526
0.423674
0.465344
0.441239
0.507849
0.507974
0.465976
0.428105
0.525811
0.406777
0.412142
0.483399
0.455167
0.483942
0.421979
0.489891
0.472687
0.450505
0.471672
0.466527
0.477949
0.475665
0.490026
0.47527
0.467849
0.478663
0.4934
0.435833
0.506153
0.433937
0.494696
0.498914
0.455889
0.5015
0.383659
0.400533
0.45921
0.483152
0.44493
0.490037
0.52108
0.472186
0.513122
0.489405
0.473754
0.459953
