0
0
6.17423e-05
0
0
0
5.01832e-05
7.15472e-05
0
0
0
0
0
4.04135e-06
0.000210367
0
0
2.65368e-05
6.52565e-05
0
0
0
0
0
0.00012444
0.0002227
0
0
0
0
0
0
0
0
0.000667245
6.27569e-05
0.000272251
0
0
0
0
0
0
9.69812e-05
0
0
0
0.000153879
0
0
0
0.000244495
0
0.000526522
0
0
0.000200148
0.00117814
0
0.000161754
0
0
0
0
0
0
7.28333e-06
0
0
0
9.19816e-05
0
0.000340769
0.000322989
0.000119537
0
0
0
0
0.000100759
0
0
0
0.000100882
0.000403379
0
0
0
0
0
9.41442e-05
0
0
0
0.00024145
0
0
0
0
0.000217333
0
0
0.000223261
0
0
0
0
0
0.000170344
0.000146084
0
0
6.3995e-05
0.000113505
0
0
0.000374261
2.57101e-05
0.000131346
0
1.42774e-05
0
0.000308681
0
0
0
0
0
0
0
0
0
0
0
4.7558e-05
0.000314244
0
2.76868e-05
0
0
0
0
0.000133309
0
0.000128249
0
0
0
0
0
0
0
0
0
0
0
0
0
0
0
0
0
0
0.000115728
0
0
0
0
0
0
0
0
0
0
0
0
2.59642e-05
0.000271894
0
0
0
0
0.000356331
0
0.000323533
0
0
0.000167116
0
6.94624e-05
2.06381e-05
0
5.58958e-05
0.000143038
0
0
0.000380057
0.000370981
0
5.82298e-06
4.58977e-05
0.000226354
0
0.000324683
1.75881e-05
0
0
0
5.61933e-05
0
0
0
0
0
0
0.000175628
0
0
0
0
0
0
0
0
0.000143731
0
0.000188901
0
0
0
0
0
0
0
0
0
0
0
0
0
0
0
0.000317042
0
4.80199e-05
0
0
0
0.000828328
6.12383e-05
0
0
0.00010122
0
5.95724e-06
0
0
0
0
2.16168e-05
0
0
0.000115294
0.000290532
0
0.000107142
7.14535e-05
0
0
0.000173484
0
0
0
0
0
0
0
0
0
0.000347377
0
0
0.000574537
0
7.79868e-05
7.65631e-05
0
0
0
0
0.000138068
0
0
0
0
0
0
0.00022041
0
0
0.000285577
0
0
0
0
0.000432531
0
0
0.000224905
0.000534237
0
0
0
2.19567e-05
0
5.05491e-05
0
0.000102765
0
0
1.16237e-05
0.000122341
0
0
0
0
7.30196e-05
2.57735e-05
0
0
0
0
0
4.0566e-05
0.000465801
0
4.85884e-05
0
0
0
9.37081e-06
0
0
0
0
0
6.26903e-05
0
0
0.000260358
3.42521e-05
0
0
0
0
4.28073e-05
0
0
0
0
0
0
0
0
0.000166745
4.6639e-05
0
0
0
0
0
0
0
0
0.000187489
0
0
2.34006e-05
0
4.19439e-05
0
0
0
0
0
0.000348953
0.000230743
0.000539108
1.76502e-05
0.000154287
0
0
0
0
8.62402e-05
0
0
0.000140792
0
0
0
0.000242105
0
0
0
0
3.65876e-05
6.31335e-05
0
0
0
9.14621e-05
0
0.000251092
0
0
0
0
0
0.000262196
0
0
0
0.000167752
0.000363856
0
2.66607e-05
1.2445e-05
0
0
0
0
7.03758e-05
0
4.6995e-06
0.000188747
0
0
0
0
0
6.58418e-05
0
0
0
0
0.000169369
8.43648e-05
0.000214007
0
9.33614e-05
0
0
0
0.000140117
0.000215019
0.000103073
0.000112287
5.73263e-05
8.58385e-05
0
0
0
0
0
0
0
0
9.77404e-05
0.000220178
0
0.000252109
0
6.34605e-05
8.62407e-05
0.000258623
0
0
0.000527078
0.000120408
0
0
0
0
0.000155103
0
0
0
0
0
8.99446e-05
0
0.000154607
0
0
0
0
0
0
0
0
0
0
8.736e-05
0
0
0
0
0.000208128
0
7.37103e-05
0
0
1.97926e-05
0
0
0
0
0
0
4.09797e-05
0
0
0
0
0
0
0.000144539
0
8.29785e-06
0
0
6.64457e-05
0
0
0
0
0
0
0
0
0.000123094
0
0
0
0.000422615
0.000152786
0.000102547
0
0
0
6.3133e-05
0
0
0.000285144
0
0.00010441
0
0
0
0.000126134
0.000231193
0
0
0
0
0
0
0
0
6.08074e-05
0
0
1.38147e-05
0
0
0.000772325
0
0
0
0
6.74812e-05
5.68831e-05
1.74475e-05
0
0
1.11465e-05
0
0.000178858
0.000208611
0
0.000973946
0
0
0
0
0
0
0
0.000438929
0.000176427
0
0.000147784
0
0
7.22745e-05
0
0.000139012
0
0
0
9.99913e-05
0.000258782
0
0
0
2.58966e-05
0
0
7.27258e-05
0
4.89221e-06
0.00105219
0.000278959
0
0
0
0
0
0
0
0
0
4.02459e-05
0
6.82181e-05
0
0
0
0
0.000862983
0
0
0
0
0
0
6.88502e-06
0
3.31664e-05
0
0
0
0.00017305
0
0
0
0
0
0
0
0
0
0
0
0
0
8.74586e-05
0
0
0
0
6.66421e-05
0
0.000187252
0
0
1.77969e-05
7.4404e-06
0
0
0
0
0.000252141
8.88986e-05
0
0
0
5.42349e-05
0
0
0
0
0
0
0
1.82059e-05
5.42863e-05
0
4.46983e-05
0
0.00030335
0
0
0
0
0
0.000312073
0
0
0
0
0
0
0
0
0
0
0
0.00034943
0.000190721
0
0
0
0
0
4.86366e-05
0.000231249
0
0
0
0
0
6.14389e-05
0
0.00056877
0
6.63174e-05
0.00043696
0.000101808
0
0
0
0
0
0
0
0.000150285
0.000210955
3.64694e-05
2.86882e-05
5.37803e-05
0
0
5.59058e-05
0
0
0
0
0
7.3966e-05
0
1.42912e-06
0
0
0
5.34393e-05
0
0
7.69051e-05
4.36414e-05
0
0
1.66223e-05
5.66428e-05
0
0
0
8.4617e-05
0
0
0
0
0
0
0
0.000221613
0
0
0
0.000209467
0
0.000132887
0
0
0
0
0
0
0
0
0
0
0
0
0
0
0
0
0.000141752
0
0
0
0.00120648
0
6.85365e-05
0
0
0
0
0
0.000142012
1.78018e-05
0
0
0
0
0
0
0
0
0.00016056
0
0
3.90258e-05
0
0
0
0
0
0.000156258
0
0
0.00070094
0
0.000136089
0
1.86338e-05
0
5.37774e-05
0.000367886
0
0
0
0.000276252
0.000489939
8.32451e-05
0
0
0
0
0
0
1.06714e-05
0
0
0
0.000357933
0
0
0.000300051
0
0.000227129
0.000417001
0.000175826
0.000375924
0
0
1.60211e-05
0.000331064
0
0
0.000163382
0.00022704
0.000308237
0.000169561
0
8.07522e-06
0
0.000304045
0
0
0.000821023
0
0
0
0
0
0
6.36861e-05
0
0
0
0
0
0.00028672
0.000399177
0.000149364
0
3.03448e-05
0.000264281
0
0
0
0
0.000333115
0
0.000110439
0
2.96149e-05
0
0
4.86563e-06
0
3.94545e-05
0
0
0
0
0.000181298
0
0
0
0.000228196
0
0
0
0
0
0
0
0
0
0
0
0
3.74945e-05
0
0
0
0
0.000193421
0
0.000134924
0
0
0
1.27681e-05
0
0.00107192
0
5.92412e-05
0
0
0.000385516
0.000120833
3.87401e-05
0.000313019
0.000572202
3.62171e-05
0
0
0
0.000162266
0
0
0
0
0
0
0
0
0
0
0
0
0
0
0
0
0.000257234
0
0
0
2.12698e-05
0
0.000350463
0
0
0
0
0
0.000114435
0
6.07173e-05
0
0
0
0
0
0
0
0.000355651
0
0
0
0.000153752
0.000368484
0
0
0.000153609
0
0.000173422
8.49179e-05
0
0.000259188
0
0.000227115
0
0
0
0
0
0
0
0
0
0
0
0
0
0
0.000156168
2.52795e-05
0.000202518
0
0
0
0
0
0
0
5.81175e-05
0.000839429
0
0
0.00052449
0
0
0.000229829
0
0
0
0
0
0
0
0.000280676
0.000118128
0.000242907
0
0
0
0
0.00016326
0
0
0
9.37607e-05
0.000310288
6.20646e-05
0
2.54344e-05
5.24645e-05
0
0
0
0
0
0.000660311
0.000124868
0
0
0
0
0
0
0.000173129
0
1.85307e-05
0
0.000320004
0
0.000514215
0
0
0
0
0
0
0.000104062
0.000151504
0
0
0.000406494
0
0
0
0
0.000127048
0
0
0
0
5.39249e-05
0.000359438
3.00262e-05
0
0
0
0.000243674
0
0.000302912
0
0
0.000282297
0
0.000155535
7.56446e-05
2.3627e-05
0
0
0
0
0
0
0
3.21354e-05
0
0
4.17777e-05
0
0
0
0
0
8.29057e-05
0.000472608
0
0
0
0
0
0
0
0
0
0.000299414
0
0
0
0
4.98753e-05
0
0
8.60376e-05
0.000560654
0
0.000480764
0
0
0
0
0
0
0
0
0.000211572
4.01072e-05
0
0
0
1.64367e-05
0
0.000443086
0
0
0
0
0
5.60257e-05
0.000130839
0.000114541
0
0
0
0
0
0
0
0
0
0
0
0
0
0
0
0
0
0
9.75939e-05
0.000172399
3.58341e-05
0
0
0
0
0
0
0
0.000480241
0
0
0
0
0
0.000189507
0
0
0
0.000154075
7.42731e-06
0
0.000399001
0.000363022
0
0
0
0
0
9.95542e-05
0
0
6.45664e-05
0
0
0
4.01688e-05
0
0
0.000103078
0
0
0
0
0
0
0
0
0
0
0
0.00012894
0.000503432
0
0
0.000125823
0
0
0.000213326
0
0
7.40896e-05
0
0.000105327
0
0
0
0
3.58783e-05
0.000648285
0
0
0
0
0
0
0.000295847
0
0
0
6.17427e-05
0
0
0
0
0
0
0
0
0
0
0
1.78249e-06
0
0
0
0
0
0
4.07151e-05
0
0.000307191
0
3.10587e-05
0.000348136
0
0
0.0001885
0
0
0
0
0
0
0
0.000135971
0
0
0
8.40553e-05
4.97571e-05
0.000444914
0
0
0.000667703
0
0.000183975
0.00034807
0
0
0
0
0.000292168
0.000785217
6.82183e-05
0
0
0
0
3.07482e-05
0
0.000401118
0
0
0
0.000425727
0
0
0
0.000609492
0.00027947
0
0.000117275
0
3.72966e-05
0
0
0
0
0
9.38936e-05
0
0
0
7.77017e-05
0
0
0
0.000147739
0
0
0
0
3.80399e-05
0
7.62763e-05
0
0
2.97215e-05
0
0
0.000416698
0
0
0
0
0.00018924
0.000237405
0
0
0
0
0
0
0.000151474
3.89678e-05
0.000144593
0
0
0
0
0.000193916
0
2.82708e-05
0.000188809
0
0.00058113
0
0
0
0.000721261
8.32697e-05
0
0
0
0.000282913
0
0
1.26323e-05
0.000148708
0
0.000197364
3.38578e-05
0
0
0
0
0
0
0
0
0
0
0
5.47411e-05
0
2.43418e-06
0
0.000476473
0
0
0
6.8622e-05
0.000232618
8.29131e-05
0
0
0
0
0
0
0
0
0
0
0
0.000447929
2.26387e-05
0
0
8.05558e-05
0
2.35272e-05
0
0
0
0
5.49652e-05
0.000241291
8.12688e-05
0.000311
0.000120753
0.000394536
0
0.000119272
0
8.73369e-05
0
0
0
0
0
0
0
0
0.000556595
0.000538847
0
0
0
0
5.44049e-05
0
0
5.56464e-05
0
0.000289065
0
0
0
0
0
0.000538582
0.000166559
0
0
0
0
0
0
0
0.000207427
0
0
0
0.000490722
0
0
0
0
0
0
0
0
0
9.19509e-05
0.000184681
0.000255607
0
0
0.000348953
0
0.000222066
0
0
0
6.20305e-05
0
4.2483e-05
0
0
0.000132852
0
9.46975e-05
0
2.23236e-05
0
0
0
0
0
0
0
2.74652e-05
0
0
0
0
0.000323306
0.000380089
0
0
0.000362077
0
0
0
0.000745889
5.23515e-05
0
0
0
0
0
0
0
3.0242e-05
0
0
0
0.000203348
0
0
0
0
0
0
0
0
0.000174031
0.000218838
0.000356189
0
0
1.63472e-05
5.61967e-05
0.000230665
0
8.03981e-05
0
0
0.000205439
3.21445e-05
0
0.000155505
0
0
0
0.000749853
0
0
0
0
0
0.000468249
0
5.56705e-05
0
0
0
0
2.93032e-05
2.71833e-05
0
0
0
0
0
0
0
0
0
0
0
0
0
0
0
0
0
0
0
0
0
0
0.000215712
0
0
0
0.000245879
0
0
0
7.51265e-05
0
0
0.000217182
0
0
0
0
0
0.000285196
0
0
8.61061e-05
0
0
1.62665e-05
0
0
0
2.82925e-05
0.000159751
0
0.000135337
0
0
0
0
0
0
0
0
0
0
0
0
0
0
0.000119572
0
0
0.000243261
0
0
0
0
0
0
0
0
0
0
0
0
0.000199011
0
0
0
0
0
0
0
0.000334164
7.55411e-05
0.00012063
0.000156248
0.000150692
0
0
0.000280918
0
0
0
0.000466552
0
0
0
0
0
0
2.60413e-05
0.000329591
0.000204618
9.27351e-05
0
0
0
0
0
0
0
0
0
0
0
0
0.000423193
0.000429818
5.12381e-05
0.000294887
0
0
0
0.000395508
6.79837e-05
0
0.00044805
0
0.000226431
0
0
0
0.000109463
0
0
0
0
0
0
0.000470186
1.24763e-05
0
8.2709e-06
2.57439e-05
0
0.000258648
9.80943e-05
0.000321124
0.000258036
0.000164008
0
0
0
0
3.94984e-05
4.43092e-05
0
0
0.000305419
0
0
7.67644e-06
0
0
0
0
0
0
0
2.15211e-05
0
0.000441982
0
0
0
0
0
0.000158028
0
0
0
0.000839796
0.000362052
0
0
0.000419424
0.000316908
0.000446388
0
0.00034967
0
0
0
0.000257009
0
0.000110341
0
0
9.11864e-05
3.44628e-05
0.000247264
0
0
0
0
0
0
0.000316789
0
0
0
0
5.08807e-05
0
0
0
0.000225403
0
0
2.30906e-05
0.000505143
0.000399859
0
0.000283469
0
0
0.000181672
0
0.000414237
0
0.000497086
0
0
0.000189779
0
0
2.01291e-05
0
0.000174113
0
0
4.868e-05
0
1.02627e-05
0
0
0
0
0
0.000463942
0
0
0
0
0.000242966
0
0.000551838
0
0
0
0
0
0
0.000320233
0.000464992
0
0
0
0
0
0.000230669
0
0
0
0.00012415
0
0.000256478
0
0.000268359
0.000115953
0
0
0
0
2.68368e-05
0.000198072
0
0.000115072
0
8.53453e-05
0
8.74549e-05
0
0.000459084
0
8.38614e-05
0
2.70562e-05
0
0
0
0.000279667
0
0
0
5.55934e-05
0
0
0.000225329
0
0
0
0
0
0
0
0
0
0
0
0
0
0
0
0
0
0
0
0
0.000150105
0
9.86144e-05
0
0
0
0
0
0.0004181
0
9.47272e-05
0
0
0.000114705
0
0
0
7.84673e-05
0
0
6.17423e-05
0
0
0
5.01832e-05
7.15472e-05
0
0
0
0
0
4.04135e-06
0.000210367
0
0
2.65368e-05
6.52565e-05
0
0
0
0
0
0.00012444
0.0002227
0
0
0
0
0
0
0
0
0.000667245
6.27569e-05
0.000272251
0
0
0
0
0
0
9.69812e-05
0
0
0
0.000153879
0
0
0
0.000244495
0
0.000526522
0
0
0.000200148
0.00117814
0
0.000161754
0
0
0
0
0
0
7.28333e-06
0
0
0
9.19816e-05
0
0.000340769
0.000322989
0.000119537
0
0
0
0
0.000100759
0
0
0
0.000100882
0.000403379
0
0
0
0
0
9.41442e-05
0
0
0
0.00024145
0
0
0
0
0.000217333
0
0
0.000223261
0
0
0
0
0
0.000170344
0.000146084
0
0
6.3995e-05
0.000113505
0
0
0.000374261
2.57101e-05
0.000131346
0
1.42774e-05
0
0.000308681
0
0
0
0
0
0
0
0
0
0
0
4.7558e-05
0.000314244
0
2.76868e-05
0
0
0
0
0.000133309
0
0.000128249
0
0
0
0
0
0
0
0
0
0
0
0
0
0
0
0
0
0
0.000115728
0
0
0
0
0
0
0
0
0
0
0
0
2.59642e-05
0.000271894
0
0
0
0
0.000356331
0
0.000323533
0
0
0.000167116
0
6.94624e-05
2.06381e-05
0
5.58958e-05
0.000143038
0
0
0.000380057
0.000370981
0
5.82298e-06
4.58977e-05
0.000226354
0
0.000324683
1.75881e-05
0
0
0
5.61933e-05
0
0
0
0
0
0
0.000175628
0
0
0
0
0
0
0
0
0.000143731
0
0.000188901
0
0
0
0
0
0
0
0
0
0
0
0
0
0
0
0.000317042
0
4.80199e-05
0
0
0
0.000828328
6.12383e-05
0
0
0.00010122
0
5.95724e-06
0
0
0
0
2.16168e-05
0
0
0.000115294
0.000290532
0
0.000107142
7.14535e-05
0
0
0.000173484
0
0
0
0
0
0
0
0
0
0.000347377
0
0
0.000574537
0
7.79868e-05
7.65631e-05
0
0
0
0
0.000138068
0
0
0
0
0
0
0.00022041
0
0
0.000285577
0
0
0
0
0.000432531
0
0
0.000224905
0.000534237
0
0
0
2.19567e-05
0
5.05491e-05
0
0.000102765
0
0
1.16237e-05
0.000122341
0
0
0
0
7.30196e-05
2.57735e-05
0
0
0
0
0
4.0566e-05
0.000465801
0
4.85884e-05
0
0
0
9.37081e-06
0
0
0
0
0
6.26903e-05
0
0
0.000260358
3.42521e-05
0
0
0
0
4.28073e-05
0
0
0
0
0
0
0
0
0.000166745
4.6639e-05
0
0
0
0
0
0
0
0
0.000187489
0
0
2.34006e-05
0
4.19439e-05
0
0
0
0
0
0.000348953
0.000230743
0.000539108
1.76502e-05
0.000154287
0
0
0
0
8.62402e-05
0
0
0.000140792
0
0
0
0.000242105
0
0
0
0
3.65876e-05
6.31335e-05
0
0
0
9.14621e-05
0
0.000251092
0
0
0
0
0
0.000262196
0
0
0
0.000167752
0.000363856
0
2.66607e-05
1.2445e-05
0
0
0
0
7.03758e-05
0
4.6995e-06
0.000188747
0
0
0
0
0
6.58418e-05
0
0
0
0
0.000169369
8.43648e-05
0.000214007
0
9.33614e-05
0
0
0
0.000140117
0.000215019
0.000103073
0.000112287
5.73263e-05
8.58385e-05
0
0
0
0
0
0
0
0
9.77404e-05
0.000220178
0
0.000252109
0
6.34605e-05
8.62407e-05
0.000258623
0
0
0.000527078
0.000120408
0
0
0
0
0.000155103
0
0
0
0
0
8.99446e-05
0
0.000154607
0
0
0
0
0
0
0
0
0
0
8.736e-05
0
0
0
0
0.000208128
0
7.37103e-05
0
0
1.97926e-05
0
0
0
0
0
0
4.09797e-05
0
0
0
0
0
0
0.000144539
0
8.29785e-06
0
0
6.64457e-05
0
0
0
0
0
0
0
0
0.000123094
0
0
0
0.000422615
0.000152786
0.000102547
0
0
0
6.3133e-05
0
0
0.000285144
0
0.00010441
0
0
0
0.000126134
0.000231193
0
0
0
0
0
0
0
0
6.08074e-05
0
0
1.38147e-05
0
0
0.000772325
0
0
0
0
6.74812e-05
5.68831e-05
1.74475e-05
0
0
1.11465e-05
0
0.000178858
0.000208611
0
0.000973946
0
0
0
0
0
0
0
0.000438929
0.000176427
0
0.000147784
0
0
7.22745e-05
0
0.000139012
0
0
0
9.99913e-05
0.000258782
0
0
0
2.58966e-05
0
0
7.27258e-05
0
4.89221e-06
0.00105219
0.000278959
0
0
0
0
0
0
0
0
0
4.02459e-05
0
6.82181e-05
0
0
0
0
0.000862983
0
0
0
0
0
0
6.88502e-06
0
3.31664e-05
0
0
0
0.00017305
0
0
0
0
0
0
0
0
0
0
0
0
0
8.74586e-05
0
0
0
0
6.66421e-05
0
0.000187252
0
0
1.77969e-05
7.4404e-06
0
0
0
0
0.000252141
8.88986e-05
0
0
0
5.42349e-05
0
0
0
0
0
0
0
1.82059e-05
5.42863e-05
0
4.46983e-05
0
0.00030335
0
0
0
0
0
0.000312073
0
0
0
0
0
0
0
0
0
0
0
0.00034943
0.000190721
0
0
0
0
0
4.86366e-05
0.000231249
0
0
0
0
0
6.14389e-05
0
0.00056877
0
6.63174e-05
0.00043696
0.000101808
0
0
0
0
0
0
0
0.000150285
0.000210955
3.64694e-05
2.86882e-05
5.37803e-05
0
0
5.59058e-05
0
0
0
0
0
7.3966e-05
0
1.42912e-06
0
0
0
5.34393e-05
0
0
7.69051e-05
4.36414e-05
0
0
1.66223e-05
5.66428e-05
0
0
0
8.4617e-05
0
0
0
0
0
0
0
0.000221613
0
0
0
0.000209467
0
0.000132887
0
0
0
0
0
0
0
0
0
0
0
0
0
0
0
0
0.000141752
0
0
0
0.00120648
0
6.85365e-05
0
0
0
0
0
0.000142012
1.78018e-05
0
0
0
0
0
0
0
0
0.00016056
0
0
3.90258e-05
0
0
0
0
0
0.000156258
0
0
0.00070094
0
0.000136089
0
1.86338e-05
0
5.37774e-05
0.000367886
0
0
0
0.000276252
0.000489939
8.32451e-05
0
0
0
0
0
0
1.06714e-05
0
0
0
0.000357933
0
0
0.000300051
0
0.000227129
0.000417001
0.000175826
0.000375924
0
0
1.60211e-05
0.000331064
0
0
0.000163382
0.00022704
0.000308237
0.000169561
0
8.07522e-06
0
0.000304045
0
0
0.000821023
0
0
0
0
0
0
6.36861e-05
0
0
0
0
0
0.00028672
0.000399177
0.000149364
0
3.03448e-05
0.000264281
0
0
0
0
0.000333115
0
0.000110439
0
2.96149e-05
0
0
4.86563e-06
0
3.94545e-05
0
0
0
0
0.000181298
0
0
0
0.000228196
0
0
0
0
0
0
0
0
0
0
0
0
3.74945e-05
0
0
0
0
0.000193421
0
0.000134924
0
0
0
1.27681e-05
0
0.00107192
0
5.92412e-05
0
0
0.000385516
0.000120833
3.87401e-05
0.000313019
0.000572202
3.62171e-05
0
0
0
0.000162266
0
0
0
0
0
0
0
0
0
0
0
0
0
0
0
0
0.000257234
0
0
0
2.12698e-05
0
0.000350463
0
0
0
0
0
0.000114435
0
6.07173e-05
0
0
0
0
0
0
0
0.000355651
0
0
0
0.000153752
0.000368484
0
0
0.000153609
0
0.000173422
8.49179e-05
0
0.000259188
0
0.000227115
0
0
0
0
0
0
0
0
0
0
0
0
0
0
0.000156168
2.52795e-05
0.000202518
0
0
0
0
0
0
0
5.81175e-05
0.000839429
0
0
0.00052449
0
0
0.000229829
0
0
0
0
0
0
0
0.000280676
0.000118128
0.000242907
0
0
0
0
0.00016326
0
0
0
9.37607e-05
0.000310288
6.20646e-05
0
2.54344e-05
5.24645e-05
0
0
0
0
0
0.000660311
0.000124868
0
0
0
0
0
0
0.000173129
0
1.85307e-05
0
0.000320004
0
0.000514215
0
0
0
0
0
0
0.000104062
0.000151504
0
0
0.000406494
0
0
0
0
0.000127048
0
0
0
0
5.39249e-05
0.000359438
3.00262e-05
0
0
0
0.000243674
0
0.000302912
0
0
0.000282297
0
0.000155535
7.56446e-05
2.3627e-05
0
0
0
0
0
0
0
3.21354e-05
0
0
4.17777e-05
0
0
0
0
0
8.29057e-05
0.000472608
0
0
0
0
0
0
0
0
0
0.000299414
0
0
0
0
4.98753e-05
0
0
8.60376e-05
0.000560654
0
0.000480764
0
0
0
0
0
0
0
0
0.000211572
4.01072e-05
0
0
0
1.64367e-05
0
0.000443086
0
0
0
0
0
5.60257e-05
0.000130839
0.000114541
0
0
0
0
0
0
0
0
0
0
0
0
0
0
0
0
0
0
9.75939e-05
0.000172399
3.58341e-05
0
0
0
0
0
0
0
0.000480241
0
0
0
0
0
0.000189507
0
0
0
0.000154075
7.42731e-06
0
0.000399001
0.000363022
0
0
0
0
0
9.95542e-05
0
0
6.45664e-05
0
0
0
4.01688e-05
0
0
0.000103078
0
0
0
0
0
0
0
0
0
0
0
0.00012894
0.000503432
0
0
0.000125823
0
0
0.000213326
0
0
7.40896e-05
0
0.000105327
0
0
0
0
3.58783e-05
0.000648285
0
0
0
0
0
0
0.000295847
0
0
0
6.17427e-05
0
0
0
0
0
0
0
0
0
0
0
1.78249e-06
0
0
0
0
0
0
4.07151e-05
0
0.000307191
0
3.10587e-05
0.000348136
0
0
0.0001885
0
0
0
0
0
0
0
0.000135971
0
0
0
8.40553e-05
4.97571e-05
0.000444914
0
0
0.000667703
0
0.000183975
0.00034807
0
0
0
0
0.000292168
0.000785217
6.82183e-05
0
0
0
0
3.07482e-05
0
0.000401118
0
0
0
0.000425727
0
0
0
0.000609492
0.00027947
0
0.000117275
0
3.72966e-05
0
0
0
0
0
9.38936e-05
0
0
0
7.77017e-05
0
0
0
0.000147739
0
0
0
0
3.80399e-05
0
7.62763e-05
0
0
2.97215e-05
0
0
0.000416698
0
0
0
0
0.00018924
0.000237405
0
0
0
0
0
0
0.000151474
3.89678e-05
0.000144593
0
0
0
0
0.000193916
0
2.82708e-05
0.000188809
0
0.00058113
0
0
0
0.000721261
8.32697e-05
0
0
0
0.000282913
0
0
1.26323e-05
0.000148708
0
0.000197364
3.38578e-05
0
0
0
0
0
0
0
0
0
0
0
5.47411e-05
0
2.43418e-06
0
0.000476473
0
0
0
6.8622e-05
0.000232618
8.29131e-05
0
0
0
0
0
0
0
0
0
0
0
0.000447929
2.26387e-05
0
0
8.05558e-05
0
2.35272e-05
0
0
0
0
5.49652e-05
0.000241291
8.12688e-05
0.000311
0.000120753
0.000394536
0
0.000119272
0
8.73369e-05
0
0
0
0
0
0
0
0
0.000556595
0.000538847
0
0
0
0
5.44049e-05
0
0
5.56464e-05
0
0.000289065
0
0
0
0
0
0.000538582
0.000166559
0
0
0
0
0
0
0
0.000207427
0
0
0
0.000490722
0
0
0
0
0
0
0
0
0
9.19509e-05
0.000184681
0.000255607
0
0
0.000348953
0
0.000222066
0
0
0
6.20305e-05
0
4.2483e-05
0
0
0.000132852
0
9.46975e-05
0
2.23236e-05
0
0
0
0
0
0
0
2.74652e-05
0
0
0
0
0.000323306
0.000380089
0
0
0.000362077
0
0
0
0.000745889
5.23515e-05
0
0
0
0
0
0
0
3.0242e-05
0
0
0
0.000203348
0
0
0
0
0
0
0
0
0.000174031
0.000218838
0.000356189
0
0
1.63472e-05
5.61967e-05
0.000230665
0
8.03981e-05
0
0
0.000205439
3.21445e-05
0
0.000155505
0
0
0
0.000749853
0
0
0
0
0
0.000468249
0
5.56705e-05
0
0
0
0
2.93032e-05
2.71833e-05
0
0
0
0
0
0
0
0
0
0
0
0
0
0
0
0
0
0
0
0
0
0
0.000215712
0
0
0
0.000245879
0
0
0
7.51265e-05
0
0
0.000217182
0
0
0
0
0
0.000285196
0
0
8.61061e-05
0
0
1.62665e-05
0
0
0
2.82925e-05
0.000159751
0
0.000135337
0
0
0
0
0
0
0
0
0
0
0
0
0
0
0.000119572
0
0
0.000243261
0
0
0
0
0
0
0
0
0
0
0
0
0.000199011
0
0
0
0
0
0
0
0.000334164
7.55411e-05
0.00012063
0.000156248
0.000150692
0
0
0.000280918
0
0
0
0.000466552
0
0
0
0
0
0
2.60413e-05
0.000329591
0.000204618
9.27351e-05
0
0
0
0
0
0
0
0
0
0
0
0
0.000423193
0.000429818
5.12381e-05
0.000294887
0
0
0
0.000395508
6.79837e-05
0
0.00044805
0
0.000226431
0
0
0
0.000109463
0
0
0
0
0
0
0.000470186
1.24763e-05
0
8.2709e-06
2.57439e-05
0
0.000258648
9.80943e-05
0.000321124
0.000258036
0.000164008
0
0
0
0
3.94984e-05
4.43092e-05
0
0
0.000305419
0
0
7.67644e-06
0
0
0
0
0
0
0
2.15211e-05
0
0.000441982
0
0
0
0
0
0.000158028
0
0
0
0.000839796
0.000362052
0
0
0.000419424
0.000316908
0.000446388
0
0.00034967
0
0
0
0.000257009
0
0.000110341
0
0
9.11864e-05
3.44628e-05
0.000247264
0
0
0
0
0
0
0.000316789
0
0
0
0
5.08807e-05
0
0
0
0.000225403
0
0
2.30906e-05
0.000505143
0.000399859
0
0.000283469
0
0
0.000181672
0
0.000414237
0
0.000497086
0
0
0.000189779
0
0
2.01291e-05
0
0.000174113
0
0
4.868e-05
0
1.02627e-05
0
0
0
0
0
0.000463942
0
0
0
0
0.000242966
0
0.000551838
0
0
0
0
0
0
0.000320233
0.000464992
0
0
0
0
0
0.000230669
0
0
0
0.00012415
0
0.000256478
0
0.000268359
0.000115953
0
0
0
0
2.68368e-05
0.000198072
0
0.000115072
0
8.53453e-05
0
8.74549e-05
0
0.000459084
0
8.38614e-05
0
2.70562e-05
0
0
0
0.000279667
0
0
0
5.55934e-05
0
0
0.000225329
0
0
0
0
0
0
0
0
0
0
0
0
0
0
0
0
0
0
0
0
0.000150105
0
9.86144e-05
0
0
0
0
0
0.0004181
0
9.47272e-05
0
0
0.000114705
0
0
0
7.84673e-05
