7.53044
8.77615
8.84574
8.91684
9.32761
8.67269
7.12899
6.45037
6.26771
7.69449
13.3883
4.68968
8.14014
5.31897
12.4311
10.8631
8.98261
12.849
5.80907
6.61985
6.85114
5.06623
11.2887
15.9841
9.27297
8.74518
6.83744
6.85617
8.68638
6.71698
7.6409
7.98745
7.0829
7.86951
7.59548
6.83528
4.7647
8.44137
6.30208
11.7954
6.02236
6.44514
10.3689
6.2539
6.50234
9.50734
8.14836
7.75783
9.97013
10.8708
14.0128
9.44978
7.22311
13.2724
7.44371
7.3322
5.69664
9.54223
7.92581
6.40247
15.1712
8.89852
13.2516
7.06018
10.7591
9.11238
9.59298
6.97731
13.0803
7.81639
8.01105
9.06186
14.554
9.30712
13.1252
10.2658
5.94605
8.54803
7.68727
6.42936
6.14716
8.72237
5.39143
11.6737
6.32014
8.00156
9.41163
8.72769
9.47046
8.48218
8.30423
7.65028
11.4903
4.97419
4.7048
9.50292
11.0166
5.58937
10.582
8.2968
5.90357
7.84216
8.81993
7.87454
10.2102
10.6866
7.96953
5.6543
7.0449
5.93336
9.76087
8.58074
7.6357
9.60099
10.0283
9.89083
9.1306
6.6291
8.87953
8.11902
8.06415
6.12095
9.78258
6.84824
12.7005
7.77367
9.17682
7.77571
9.32199
6.94183
9.52105
7.87635
8.90472
6.60382
7.28129
5.32235
13.2555
5.24064
9.13658
11.2067
13.1636
9.4246
7.633
6.38096
5.21044
8.22702
9.22434
9.926
12.7686
9.2207
12.3646
7.14802
7.58274
7.04863
7.41171
7.11274
11.1
7.65983
6.60624
9.27769
8.12063
4.35722
6.80913
7.13971
8.25925
9.98651
6.83687
7.86512
6.69653
7.78307
8.96719
6.81658
10.5255
4.20727
10.3206
5.65606
8.98723
9.1884
6.05542
7.46572
7.60163
9.01143
9.09492
9.91266
7.62764
8.35157
8.71675
7.13974
13.6753
6.83895
6.78746
5.13039
10.2582
9.9486
12.1033
7.9993
4.68613
8.43124
5.29176
9.14558
11.0057
9.03818
6.33285
17.6323
9.00537
8.79114
8.47833
6.91093
7.73266
7.62698
7.55142
7.54119
9.243
6.47062
7.60455
10.3586
9.80824
6.37151
10.3697
10.1727
13.3815
6.03408
9.54785
8.08688
7.92539
11.928
8.94355
8.57497
7.22185
9.03915
8.59913
6.03467
7.57889
7.54896
10.6296
9.25161
11.8053
7.41303
7.60311
7.34798
11.3031
8.60343
7.23518
8.42545
7.83369
8.45005
9.07841
5.62359
7.75262
7.47862
11.2369
6.29843
10.8603
7.50684
8.66348
7.40011
7.31738
8.33163
6.96871
9.25095
8.52435
8.48047
9.86797
6.41667
9.01638
10.6636
12.5761
6.19112
10.5123
9.25216
7.588
8.28477
9.50664
7.61391
7.48473
5.98251
11.8082
7.98649
11.0582
9.96303
7.58478
7.99117
9.40425
9.2085
6.31867
11.122
7.93434
7.05963
8.00493
10.3243
7.58794
8.04904
6.1053
4.90507
6.95821
6.92177
9.92381
8.91384
9.03913
9.6947
8.70675
10.7622
8.86049
7.14194
10.4083
10.4727
6.85143
7.56563
8.36022
9.06927
7.49404
6.66106
9.89092
10.3846
5.20613
8.54563
5.30811
9.3412
8.24961
7.99847
12.0591
5.82751
7.69903
7.3433
6.4211
8.54462
9.41804
8.89984
8.32401
8.60447
8.84062
6.59071
8.63059
5.59677
10.586
10.1263
10.6626
6.66893
6.31452
7.15966
8.26447
8.70929
12.2473
9.0249
5.63549
5.56601
5.4331
6.88928
7.74498
7.75137
8.99203
8.62478
9.90157
8.74553
8.17454
7.39258
9.68769
7.48831
7.90639
6.7211
5.60751
9.28619
9.83908
8.84661
7.79194
6.98251
9.97171
7.44932
6.64469
7.73095
7.5065
8.57294
7.84589
11.109
6.2884
11.9136
7.5179
5.71164
10.6276
5.51191
10.8488
9.11947
8.49458
6.61067
8.44188
5.61687
5.24696
5.7306
10.951
6.90115
10.1035
8.4902
10.5273
7.94713
8.5918
6.13792
6.96906
6.05155
6.73278
9.02605
7.49837
6.42915
9.92121
4.69909
7.61486
8.3997
7.8922
9.69202
9.60597
7.65823
10.1871
9.38399
9.95971
7.74504
5.18811
6.3491
11.5023
10.1962
7.02779
7.03924
6.6853
8.51308
8.46235
15.8276
9.49593
8.11877
4.07562
5.09877
9.15011
10.6894
9.4824
10.176
7.65888
8.3946
10.5171
7.95244
7.11652
10.8422
8.78599
9.59845
7.78493
5.87823
8.71321
12.5193
6.8582
5.66395
8.62744
11.4065
6.29603
7.10819
7.97435
6.78549
7.48623
9.40321
8.37769
6.55301
7.70593
5.65247
7.41167
7.61795
6.45974
6.17214
6.11245
7.26431
7.02083
15.3148
9.77499
7.26895
10.4925
10.4808
8.41457
8.82184
9.29062
9.0561
7.01895
12.6559
8.50709
8.90148
7.76195
10.7163
11.9776
8.20081
10.009
6.52231
5.75189
9.27613
9.11695
8.78656
6.18278
12.7676
8.64716
9.89632
7.1797
6.78828
8.45663
10.2111
12.2244
8.08156
9.0784
11.1183
7.59806
6.16343
10.8507
8.0644
7.93985
6.40483
8.86564
5.76397
12.5919
8.23494
12.3619
4.59603
8.29606
11.4154
9.20625
9.98645
5.51607
6.86096
10.8818
5.95036
6.38842
9.83875
8.75521
8.23284
7.17173
9.62004
8.55353
6.59679
6.20212
6.80535
13.5852
9.3318
14.3599
4.57216
6.34476
9.75972
6.36834
9.09026
8.67786
7.35982
6.44919
12.8462
12.2495
6.7859
8.15704
7.60237
8.20865
6.70507
9.86227
9.65071
13.1081
5.81232
7.8634
9.25304
10.5152
9.78965
7.73713
10.42
10.9724
7.7397
5.04113
11.5341
5.93916
7.68962
8.28166
9.14447
6.82393
7.49338
9.63427
7.34217
5.62359
6.18057
8.06047
8.47515
9.25387
10.3707
8.45831
6.18882
8.00998
9.83096
8.23297
7.72202
16.0461
8.96054
9.98123
9.42476
8.17407
10.1786
11.6538
7.55481
8.3954
8.23333
8.29718
10.0163
5.27011
8.28707
11.9298
8.63064
8.70356
4.34068
7.67899
11.1496
12.9523
7.06653
7.20276
5.91475
7.33905
7.29735
7.60953
5.41581
9.8641
6.3377
10.8665
10.3911
5.10933
5.02628
4.67599
8.81359
7.13732
8.69134
6.04938
7.74431
6.45297
10.7747
9.16933
7.84875
7.3701
11.8191
5.80919
10.7692
8.85957
10.0606
8.69797
9.86263
6.59261
7.35425
8.09064
7.44375
8.63632
6.3758
10.3371
5.47747
6.20129
9.46428
10.7025
7.39515
12.0855
8.46792
9.84411
8.52688
7.80835
5.78325
8.53676
8.15664
8.44777
7.9892
6.57985
6.97551
8.29311
7.72314
9.02463
11.7317
6.91698
4.10414
8.34544
6.03784
8.54558
10.901
6.99608
7.88971
6.83879
9.11167
5.88019
8.42704
8.7839
8.36546
9.19916
9.18664
8.04404
8.88792
4.08567
6.74404
7.12578
10.5896
4.11583
6.0007
7.92819
13.2804
8.61428
7.094
9.12159
15.6682
7.38148
9.30521
10.7977
6.16688
6.1802
6.20617
12.1365
6.11696
6.45584
6.06395
8.93376
7.9895
9.88556
9.30828
10.1204
10.2719
8.97676
10.442
8.96645
12.4091
4.73221
7.97101
10.7377
7.38515
7.43105
12.4125
8.29527
10.3839
7.15785
6.15668
6.87205
7.77143
8.37611
8.54207
7.58077
7.85735
9.15688
6.22535
10.774
7.74218
12.4352
11.0379
9.1019
7.6266
11.9855
6.77706
7.42082
5.933
8.00115
10.3637
5.7862
6.93056
10.8957
6.72948
7.08661
15.6208
8.83823
6.19068
7.83945
6.66044
6.08838
9.02792
6.22299
9.59915
10.7791
10.273
7.92648
12.7222
8.07803
9.30908
7.90084
6.00682
5.70369
7.3235
11.0081
9.88261
8.24369
9.87027
9.66679
7.20871
7.97963
8.4503
6.30344
5.83831
11.048
11.4493
9.86157
8.02242
10.2481
10.0824
9.82757
9.41201
16.0372
9.06969
4.92685
7.94985
6.8899
6.03294
7.87939
8.31156
10.4809
18.7345
9.21958
7.16362
9.94143
10.2175
10.6976
6.49904
8.97965
6.71806
8.25368
9.50186
8.7618
8.40891
11.3708
7.96414
10.7626
9.49134
10.4475
6.23902
5.48788
9.86333
6.54697
10.6915
7.23749
6.9775
11.6007
8.53419
15.5778
12.4257
13.4122
6.66173
8.99997
8.20287
7.16075
5.36647
8.90801
12.7295
8.82316
9.91996
6.65124
9.2857
5.91022
9.67929
6.01586
6.04824
10.3182
6.12528
7.98019
11.0322
7.89154
11.6315
5.46647
13.7378
7.15508
9.47424
8.3933
6.85222
10.6022
8.46826
8.84739
11.2399
6.89898
10.1217
8.89877
5.58383
7.11051
8.29694
8.00936
9.84897
9.06632
10.3659
11.6713
7.56098
6.18805
7.13212
9.82282
6.7534
6.94793
5.76175
8.15476
7.10334
7.15062
6.94998
7.505
9.43919
10.688
4.93374
6.11378
6.67329
5.53173
9.25616
10.2456
7.89131
6.26733
8.91721
8.95048
9.55571
6.4058
6.58679
7.96317
10.7903
7.10686
7.3983
6.89633
8.08481
7.10591
13.3918
8.6875
7.6465
10.5764
9.60999
9.44378
7.20053
7.98618
6.58798
11.0411
11.899
5.98918
7.84375
5.82327
7.10776
8.89259
11.0955
8.1006
9.86381
6.53191
8.01446
11.0622
10.3539
7.17518
6.06154
8.61273
12.0112
6.18354
6.0089
6.8093
4.56668
8.38401
6.32405
7.90602
8.07412
10.0376
5.47013
8.31314
8.34788
6.79415
6.8112
8.66788
7.764
6.94932
6.34749
9.229
8.30268
10.4862
5.37265
9.62258
6.33466
9.11328
11.5535
7.74829
11.5677
7.75885
7.13629
6.01025
8.83299
7.0896
6.02558
12.0336
7.29402
9.40133
13.7095
4.41168
7.95663
13.5696
9.09505
9.54492
7.05232
12.5179
6.61274
9.8696
11.0204
7.33902
7.98761
9.04006
6.19216
8.35334
7.84475
8.07458
11.4896
8.55617
8.40427
11.3431
8.93242
12.4792
9.86924
9.47106
8.46056
11.6333
9.62376
8.35737
7.69546
7.78159
8.83451
10.0315
11.3436
6.08124
8.80823
7.726
6.75954
7.78026
8.57696
7.7527
7.88869
11.1072
6.11552
6.99348
12.5349
12.0305
10.6513
4.56822
4.66344
5.75638
6.31482
9.52044
6.75129
6.80536
6.84546
7.98511
7.66598
5.51139
6.68284
9.02662
7.31081
6.9642
9.18709
12.4197
7.61517
4.49943
10.4633
11.2802
7.63932
8.81241
8.50607
7.16407
10.4518
6.95936
18.7289
5.68991
6.35077
10.4287
8.18704
10.5859
8.0013
6.93646
7.36963
9.79023
6.40484
8.77612
12.1803
8.34569
10.9865
9.94061
10.7346
7.67011
9.15207
6.46274
5.79657
10.4364
6.35721
4.03158
8.77546
9.08283
13.8465
7.26406
13.3944
6.74578
8.48955
10.4003
8.64629
8.19485
7.04626
9.77873
8.85282
8.31271
15.2072
8.62729
4.74649
11.0342
11.4641
7.69821
9.46022
7.95058
7.53599
5.65361
9.76809
10.7269
8.47347
7.84483
8.59878
6.68897
9.26765
6.31017
8.62786
6.82815
10.2229
7.30224
8.07119
10.915
8.51246
9.29345
7.00947
9.25628
9.38189
8.97529
11.8369
5.72753
7.12255
9.09514
9.76599
8.89501
12.8645
7.7365
8.0905
8.57234
10.8094
6.13334
8.99083
7.04827
8.82282
8.48195
8.00388
6.86589
8.51433
12.5463
7.38912
8.48467
10.8974
7.99936
9.20096
8.13382
11.777
8.7484
5.6273
11.6067
5.75906
12.8919
6.22313
8.04567
10.1335
8.63524
6.03902
9.16119
11.0655
11.1988
6.67676
12.2119
9.21319
9.80839
6.81685
8.62931
9.89474
4.70954
9.72623
5.43188
8.11933
7.74468
5.92675
12.284
6.75727
8.83907
6.30097
8.49743
7.84489
13.8353
5.10369
7.33077
10.2307
5.5967
6.32893
9.17438
9.42783
7.15082
9.66217
9.30073
8.81256
9.33216
3.83434
7.9747
7.43286
9.6811
5.96931
5.74843
8.35331
9.08617
7.53029
10.9662
7.17909
9.76105
6.78469
4.2366
10.6516
13.473
5.69473
8.28354
9.09163
7.86091
8.04526
7.58143
9.10211
8.68461
12.1152
9.86485
7.97521
10.7343
6.05106
8.2159
8.91213
6.68695
8.99039
10.1607
6.42716
8.78639
13.3219
14.0296
7.20382
7.84549
10.6123
9.1653
7.78267
6.23466
8.01902
8.40447
8.70365
9.93764
12.1187
4.86345
4.41103
10.757
11.8897
10.3641
6.48645
8.89118
6.26353
7.70247
6.10803
9.10645
9.46131
7.06644
7.53489
9.09477
10.4218
6.26824
12.9593
7.35556
9.40368
9.34186
7.33285
9.81708
8.05898
9.23694
5.29198
6.93795
6.53261
8.93431
12.9487
7.17488
9.50175
11.6057
5.81233
7.84731
8.30763
5.6261
10.4752
12.6891
5.00497
6.39075
7.68723
8.22932
9.03108
6.57504
12.3156
6.9106
6.32973
10.7014
6.19731
10.2114
7.85811
8.51532
13.9591
8.56099
9.68856
10.8199
6.48999
7.8619
10.4966
7.337
7.46855
4.36172
6.53403
7.47715
11.8859
6.38194
9.08619
11.2385
6.12958
8.33946
8.21671
9.06991
5.99356
9.74353
6.97044
8.61297
7.79205
5.99872
9.07139
9.05851
8.22039
7.43202
8.7696
8.48502
11.3904
9.65762
12.2389
6.69454
10.9824
6.23722
7.64933
9.93103
9.8394
7.53042
5.65365
8.13748
4.52464
9.06767
9.48806
7.85561
12.3859
9.14012
8.0999
6.15326
11.089
8.01744
6.42794
7.54788
8.08875
9.14637
11.9495
6.64306
7.22209
6.57155
7.05649
8.45554
11.9315
10.5336
10.4903
5.49112
9.0994
9.32551
5.88835
7.02959
7.15715
8.4215
7.53318
7.23388
8.02264
6.56671
8.12395
6.41994
7.81638
5.03426
8.37212
6.0481
9.61757
9.86709
8.69144
12.2254
9.06542
11.4285
6.86418
9.88099
8.26735
9.45043
6.89763
8.4101
8.34673
8.69686
8.00319
9.02424
7.90086
12.4668
8.41042
7.85132
5.28611
16.1672
7.47572
8.15302
6.81362
8.21503
7.96234
14.4679
8.43724
7.94592
5.38458
7.24442
6.13749
8.11235
8.45963
8.64983
7.26723
6.0244
7.41976
10.5507
5.53782
6.38588
6.18396
9.74332
11.2929
11.0437
8.37544
10.5526
7.87064
8.56003
7.50332
8.74629
7.55463
8.17994
9.88084
7.30112
5.42447
7.94246
7.54254
6.2496
5.24054
7.10985
8.72905
5.42308
8.75828
9.70769
9.55344
5.70946
5.6434
12.7807
6.9735
7.48964
5.02253
5.75333
6.94207
8.40666
9.43737
8.77801
8.04342
10.0512
5.85812
13.7087
6.99229
6.49217
7.24911
9.37528
6.45842
7.18944
8.13396
8.79536
7.7084
8.45667
8.2359
7.2192
7.56399
8.73957
6.42721
6.76032
7.44472
6.07242
5.68289
8.37327
9.47577
8.26655
7.45846
7.88784
7.32346
4.70403
8.01448
12.426
8.72393
9.07734
7.85567
4.87371
9.08604
11.8003
10.6828
11.21
5.00554
5.13275
7.13581
9.22323
7.15953
6.96906
8.02465
6.30191
11.7797
6.44168
6.99881
10.8049
11.2236
10.841
9.70569
6.36098
8.48462
9.37736
10.7291
7.20132
7.59277
12.2157
5.17358
8.49585
8.20779
9.22564
9.02226
7.50967
12.1669
7.61081
16.3836
14.0714
7.89006
5.47324
6.08986
7.46112
8.97079
11.2848
7.55792
6.73024
7.24945
14.0314
11.0128
12.3894
11.9502
6.46326
7.69504
8.14865
6.42079
5.77355
9.47095
8.64072
6.20363
6.4775
8.29761
12.033
8.38728
5.22184
7.41046
8.35637
7.19952
9.37804
10.0036
8.12216
7.27064
9.22962
7.98807
7.58346
7.1188
11.365
10.4173
11.4776
9.10534
6.87735
5.72683
8.27895
7.5551
8.75545
10.5728
9.73168
11.1776
8.17714
7.23983
5.79137
6.07284
7.90569
8.06962
9.76181
8.64238
6.3301
6.829
8.44896
10.6628
8.02547
9.14824
7.93059
9.43689
6.84096
11.0307
10.3964
9.01456
7.81619
8.59274
7.23861
10.2928
7.97701
5.79039
4.70262
5.47077
8.26618
6.38879
10.4012
10.2198
6.44311
6.96615
7.88735
11.4154
6.29295
5.21615
6.85139
9.47112
7.88264
8.14687
8.34581
6.31203
7.90561
4.67328
7.16003
10.396
10.6321
10.3225
10.1644
7.62348
10.6524
8.83607
8.13318
10.2795
7.54895
6.25134
10.1065
7.26041
6.50545
10.264
5.69986
8.58924
12.2088
9.66831
5.69668
5.46639
7.31017
9.86514
8.15174
10.5362
7.13724
9.57604
11.4637
7.7152
7.27872
6.82096
8.32593
8.15126
8.52576
10.4963
9.57312
8.10458
10.634
7.06655
6.34852
8.81134
8.77463
10.4848
8.43027
9.93749
9.19909
13.6254
7.74656
6.56148
7.44344
7.65432
5.54028
6.52842
10.0996
11.4002
9.96084
8.42361
12.236
7.23351
7.5994
7.76721
7.17674
11.3502
7.43465
8.40564
9.93371
6.91134
9.30575
11.1936
9.03547
7.4538
10.7738
8.92966
8.78207
7.5806
6.25926
11.3974
6.01209
8.16833
10.1413
10.9857
11.1863
13.8277
13.9165
7.52679
5.87312
4.61312
7.84194
8.25204
7.52636
7.48235
8.5609
7.8869
5.12149
8.57679
9.66612
8.84406
5.20905
8.09008
7.28088
8.27808
6.62174
4.99695
8.49829
12.1419
11.3492
10.7043
9.85855
10.411
11.1838
10.3431
7.39533
8.96512
8.15548
7.70866
6.92284
12.5642
7.42292
6.98577
7.8558
5.69629
8.02645
8.6161
8.56409
9.21068
7.96303
6.99527
8.98541
9.37965
8.39417
7.03214
8.53968
5.82344
8.52335
7.88726
6.66992
11.9611
8.97935
8.25426
11.9266
9.1144
10.6992
8.59467
10.1055
6.46846
9.4895
7.25089
15.3353
10.9807
6.54474
8.15095
9.06315
8.02729
10.8028
8.11725
6.28235
7.17877
6.7398
8.60257
8.43324
15.715
14.6823
7.64397
6.37481
8.5237
6.29754
11.7147
5.66446
7.3151
6.03713
5.69277
12.0257
7.92656
12.4695
11.4062
8.20989
7.99604
10.8442
7.42658
6.08144
7.54921
6.22367
8.14428
8.322
6.76533
7.295
5.63938
12.1707
6.52222
10.8667
12
13.6415
8.59259
6.68034
7.72083
11.272
9.71942
6.73468
10.5738
7.94526
7.27878
8.32386
11.794
6.38508
7.66464
10.6126
8.754
10.9058
15.6122
5.66264
5.96022
7.21727
5.64166
12.3068
9.59457
6.17446
5.20493
9.22842
7.01367
6.248
7.07497
8.18844
9.046
13.3066
10.9616
7.40004
8.62101
11.8885
8.09183
8.69663
8.53241
7.30264
9.16704
9.78998
11.416
6.4264
4.68389
10.1166
6.85589
9.71687
7.33123
8.90019
8.26362
11.1361
7.61427
8.47911
7.02989
6.94433
7.19129
7.72636
7.0647
8.7868
5.40633
11.2272
10.8423
5.13773
7.33717
4.51996
8.5053
8.87919
10.3964
9.74712
6.84155
9.74982
7.3877
9.16656
9.23085
10.4953
8.08601
5.95642
9.36693
9.23595
10.4642
9.46928
6.84251
8.84409
8.70846
7.10411
8.35916
8.53763
5.98117
6.89068
9.38626
10.9011
5.94045
8.64597
6.06978
6.5844
7.61953
12.8937
8.07275
8.66387
10.6999
7.32579
6.74767
7.55253
8.78216
6.24585
7.09405
10.2332
8.59145
8.42631
6.56208
6.83548
11.69
10.3728
8.69837
11.057
9.59293
9.80693
11.3008
10.088
6.85998
6.64432
8.37474
9.74017
6.87468
8.59437
8.15189
11.4551
8.04437
6.74018
8.97304
6.87628
10.006
10.1768
7.02517
7.03734
10.2767
10.3037
8.89704
10.4242
8.50592
9.61064
9.72498
10.0092
6.41872
8.39263
7.72975
7.04633
11.5549
13.1215
6.91892
7.15369
9.23434
4.49756
8.788
7.7603
5.98434
5.78539
8.57738
8.19478
10.1224
8.48224
7.90122
15.1303
6.45845
5.50853
9.67154
10.4677
8.14352
7.69408
6.82149
8.53516
9.96451
6.86494
5.67772
14.1606
10.1762
8.59848
7.21002
9.54072
8.10038
9.87215
7.74111
7.48272
9.13127
5.95961
6.48387
7.88187
7.15511
12.3506
9.08001
7.49668
10.6373
8.49043
10.8424
6.8792
6.01668
7.54184
10.2263
9.65243
9.72957
8.75418
10.3
8.48866
8.25447
7.29601
10.4338
8.52919
9.4957
10.1428
5.31005
11.151
7.36537
5.91068
10.3438
7.86692
12.0354
5.94306
5.50991
8.66945
8.42723
7.27771
9.86046
9.99856
6.93069
6.01535
8.1748
8.94124
7.52137
8.7814
5.8529
6.33936
8.39836
6.85935
7.51041
9.44181
8.90745
10.1451
9.08532
7.51424
6.36508
8.95796
9.76606
8.0303
7.16377
6.72048
5.35953
6.75854
7.47803
9.96656
5.04639
6.30018
7.15001
7.66917
7.13459
8.13415
11.2657
8.03051
6.72554
10.4627
9.05996
12.5593
8.0049
9.24045
9.49369
9.94687
6.37772
10.0217
5.97883
9.61251
10.0184
9.11714
8.12918
8.19454
6.5124
8.10915
6.27844
6.62901
6.86997
8.53927
7.37524
6.5158
11.554
5.08346
12.2587
7.49251
8.0697
7.45701
6.79011
8.06369
8.66546
8.41851
15.1345
6.4452
6.34285
8.46029
9.24449
7.44452
6.27832
10.7648
8.05446
4.88317
9.41787
6.71205
6.39152
7.47572
6.88896
7.98954
8.50023
5.64788
7.8962
5.99416
10.9624
9.83755
10.2581
8.25305
7.79255
5.28744
8.85217
9.17154
8.25525
6.29363
9.38422
6.54418
10.8161
8.24619
6.33134
8.90477
5.61038
5.44699
6.28836
6.19959
7.26309
6.85666
10.0169
6.24195
10.8439
7.07997
5.15739
7.28553
11.2362
11.3673
9.06677
9.08788
6.59467
7.25251
10.3858
9.25527
9.63035
9.0128
6.52118
5.6097
9.28123
7.52506
7.72008
8.19623
9.18395
10.7055
9.32342
8.28079
8.05217
7.07187
8.52057
11.5746
9.37113
6.15273
6.27389
7.91856
8.3432
5.39551
5.22081
7.50278
7.30111
7.99029
10.5714
10.7216
6.02071
9.9506
5.97031
5.87857
10.3776
6.85376
7.01219
8.29129
9.01104
11.4431
8.20951
5.58366
7.76608
8.73764
8.30646
7.87977
8.63106
6.69816
13.4374
8.85808
10.0051
8.56208
9.98191
8.03758
8.6587
10.5551
6.51563
10.8936
10.3749
8.8747
13.5656
8.50404
6.20538
6.86624
8.64822
6.90726
9.99493
7.0651
7.00836
11.811
8.41416
8.91944
9.01364
14.3646
8.28937
7.88797
6.54005
13.4575
11.6814
11.6624
9.24675
9.38965
5.83756
7.50613
7.98728
9.15947
8.16945
9.43047
8.99268
6.81192
9.3994
6.66123
7.80114
5.34824
9.48704
7.7531
5.92896
5.87132
8.55517
7.99498
12.1709
9.63313
8.93782
13.6084
4.99425
5.89255
6.57429
7.57438
10.0734
7.08347
11.1126
4.72926
5.35902
9.55264
7.53694
8.36465
7.76412
9.39251
8.45306
8.63639
9.19548
15.1936
7.46885
11.3069
10.8224
5.8398
9.34058
8.26341
11.6426
8.02845
9.58641
7.42826
15.0196
10.2478
14.0933
11.7395
11.3973
8.92951
9.88102
9.23403
9.69982
8.80563
7.38467
11.2055
9.27906
4.55851
11.7629
9.71602
8.0261
9.57827
12.074
9.00634
4.9552
6.49598
8.12655
8.23833
4.41485
6.37447
7.60649
9.16709
7.28563
8.88406
7.97469
7.36942
10.0573
6.77426
5.95367
10.6699
10.4608
9.72934
10.8582
10.8529
12.3548
6.37173
9.23646
9.06293
7.025
5.12121
11.9186
6.93206
12.6194
7.29964
5.36947
8.50958
10.6025
8.1298
6.00939
7.95866
7.71297
5.57999
6.54584
7.64172
5.90727
9.46403
7.83749
7.46891
11.0339
13.0734
5.80718
8.87506
7.59761
8.43273
9.87249
9.66738
6.00682
6.5798
6.20139
9.89869
6.45376
7.74349
7.17972
9.74848
11.0889
10.3342
8.62267
6.21846
6.36286
9.69922
9.51178
8.15678
7.89087
5.81692
7.6688
9.46521
12.6972
10.3238
11.0732
7.41108
5.42569
10.5425
9.70748
6.48341
6.55229
9.37511
7.22748
6.90384
9.57622
12.1454
5.70692
5.28222
14.5404
9.49695
11.2168
7.80731
11.3422
7.94845
5.82066
5.41436
8.29171
8.27267
8.9354
6.91583
7.51249
7.0949
6.97843
6.26656
5.68995
10.3716
8.45533
11.7802
8.49351
7.4833
4.48261
8.39356
6.87082
11.52
6.12187
4.86049
7.73613
11.1198
6.08625
6.3329
8.10574
13.5698
8.84747
6.65534
10.6611
8.85864
10.361
6.91292
8.59054
6.3576
8.05585
10.0378
7.02561
7.49955
8.96917
9.03077
9.05366
7.88104
7.71271
4.38672
20.8987
5.00873
4.73947
8.02777
8.1447
10.2165
8.59502
7.14295
8.54179
8.3794
8.34777
9.14163
8.31154
8.80486
6.37889
9.13096
7.25134
10.5349
6.17296
8.86497
10.4106
6.6335
7.81235
9.1806
8.69152
12.0268
8.25045
5.13367
8.32103
8.51443
8.84002
8.35792
9.45954
9.41352
7.50234
7.36357
10.1672
6.47313
11.7756
7.78945
11.5909
4.20955
11.1994
6.27522
10.9444
7.26722
7.03131
6.92527
11.1092
7.04348
10.0087
9.22112
10.998
11.4128
6.9858
8.10872
9.17791
9.83622
13.2442
5.60174
8.07074
8.93462
6.92573
5.88361
9.14404
7.51731
10.4919
4.32943
7.8651
5.8703
6.67552
4.81054
6.41031
6.79853
7.60373
11.3473
9.00167
5.19397
8.35513
10.6949
8.09565
5.60046
9.16579
9.74634
11.1548
6.99872
7.76619
15.3464
7.19323
8.82405
11.9036
5.65205
7.99859
7.4863
7.47859
7.1157
8.12255
6.28314
7.40703
6.93394
9.54291
9.59007
6.05192
5.48494
9.37173
11.39
8.12584
8.6766
10.6957
5.77238
7.57815
12.2156
7.43176
10.3013
8.76221
9.62619
8.77544
8.62604
7.8065
8.4248
9.20285
6.49419
7.76993
12.4389
10.0673
7.99316
5.89584
7.64202
6.57231
4.82218
4.148
7.33621
9.34982
9.16791
11.5785
9.11163
7.87587
9.33272
5.66022
8.42785
8.30856
7.92812
6.99888
8.1625
10.0921
7.31709
6.21236
9.82868
9.23356
7.6265
10.502
9.04868
10.7117
9.19277
9.34088
11.5909
6.47677
8.86339
8.47399
10.5877
5.39791
6.91744
10.3391
7.87263
7.1036
8.69722
8.2635
5.74897
8.58671
8.10692
7.25643
6.95346
12.2411
7.70293
7.67547
7.01222
6.51622
8.20703
10.0182
10.4496
12.1648
8.32434
8.48588
8.63594
8.27642
11.4975
5.63428
8.32933
6.64045
7.70673
9.04247
15.5866
6.09213
7.78194
8.04986
8.08668
6.82571
5.27103
6.89622
7.83285
8.15389
10.6693
8.65386
7.36824
12.1107
8.41217
7.30642
8.04586
8.87908
7.10857
5.61252
7.88158
9.55425
10.1212
9.2883
7.24234
9.34999
5.69694
11.6707
9.65883
6.09049
9.66911
10.5649
6.3642
6.61403
8.90776
8.60661
8.24892
8.4753
6.48124
9.47325
8.32092
7.30422
9.78307
11.035
6.99199
9.79581
9.0411
6.3296
6.76947
10.0928
8.09845
9.32469
7.90195
7.36876
9.02423
8.23672
5.63239
7.14724
6.67397
6.08661
9.2605
10.8243
7.88802
6.67171
6.57452
8.87404
9.57771
8.22049
9.0082
8.83953
6.64832
8.86918
6.7818
7.54927
7.81735
11.8021
10.5829
7.70106
9.62777
7.79063
9.28398
11.6634
11.6037
5.85657
7.27554
8.55812
11.1871
6.92733
9.54813
9.2773
7.3531
6.92976
7.50216
7.5574
6.36872
6.69751
7.85454
8.03602
8.428
10.7266
10.8645
6.93813
7.43539
12.2908
7.47579
9.28589
9.59567
10.5786
10.613
9.11122
7.38962
5.35013
4.73984
8.38442
7.65325
10.7923
7.40376
4.47658
10.4531
7.10977
7.71225
5.97071
7.32784
8.32657
9.60581
6.01807
7.09824
10.8594
7.00463
7.22324
10.0506
9.55198
11.6913
11.1628
9.09152
8.94876
6.56613
5.74004
8.70919
7.24112
7.31983
8.49087
8.07646
5.28947
7.08467
10.2652
6.93133
8.59559
6.41957
8.91694
11.8314
6.90563
10.6453
7.44467
6.03798
7.01821
8.0064
6.87563
7.67579
8.94374
9.5102
9.61857
6.38798
8.25872
8.62687
7.35128
6.31557
8.59329
10.9994
4.78253
8.4144
6.93586
6.51369
8.08291
6.64857
13.6635
7.86584
9.12398
4.65599
7.9089
6.06954
6.27208
6.72359
8.28502
6.94615
6.4528
6.83417
8.84491
12.0165
5.00056
7.29787
9.2899
9.26807
6.61432
13.3303
11.0131
8.33969
7.27356
7.10487
13.6333
11.2697
7.26852
8.5994
5.60742
7.23856
7.19041
9.62897
8.32431
8.89024
7.02546
9.04984
7.01891
7.94186
7.71302
8.41682
11.9226
8.83721
16.1695
6.65907
7.99883
6.31908
8.19154
6.00719
7.28893
7.96546
7.80354
4.55363
7.28519
8.72826
7.27146
11.155
7.76969
11.3227
6.75021
7.70643
5.99818
7.32318
10.1083
8.43451
9.02334
8.53314
7.85934
8.61595
9.15278
7.60371
10.1948
6.79436
6.54707
9.9395
6.65514
10.4695
10.8019
5.58311
4.28769
14.3791
9.99045
9.99955
6.63514
7.94035
6.99008
8.95171
9.1309
9.98321
8.40004
9.20845
8.16133
5.4751
7.58642
5.83648
10.8749
9.5468
7.35026
6.93998
7.91152
9.77314
4.84978
6.9051
9.09621
6.80716
7.46874
11.4408
13.0388
8.74637
11.8599
8.31188
7.94202
8.0617
7.45952
8.46313
10.4923
9.19096
9.72637
8.81761
8.24964
9.2817
6.88246
5.39073
8.20426
7.80805
6.46416
7.17537
8.51778
7.66969
8.95169
9.99185
6.73864
4.86711
9.17663
8.05153
5.78256
6.63061
9.88482
6.78006
6.89237
8.93007
8.84314
11.1154
8.52391
5.8225
7.10073
4.81951
7.29744
6.95134
6.44102
6.99576
10.1849
8.40398
6.08185
9.88401
6.46091
6.9509
10.2633
5.58524
7.10517
8.21393
9.58098
11.7485
5.77813
7.32526
6.762
13.1813
8.33244
8.5556
9.77352
8.89033
9.84938
9.27735
8.486
8.33066
11.1773
9.43463
8.32389
6.59966
8.6724
6.18183
7.46851
10.6669
6.69919
4.14759
9.60863
8.32829
8.68379
7.67189
7.76379
4.4844
5.64421
7.50419
11.1084
5.03725
7.88638
7.21415
9.20732
9.56543
8.34546
9.31615
8.93581
9.4209
7.90216
7.47577
10.7661
5.7403
8.394
5.20181
10.1573
7.76735
7.04084
7.12835
9.49988
9.87314
5.31067
7.03599
7.24206
13.0966
10.1551
11.5051
8.09939
9.85901
5.73861
9.7324
5.90034
6.65426
8.5958
6.97326
8.61033
10.9964
12.4622
9.55181
10.9606
7.44337
9.11934
7.63934
9.9091
11.9067
9.96473
10.4881
12.6039
8.89883
7.95791
7.6592
9.88041
5.35871
8.82408
8.20019
8.38259
4.48089
8.72019
9.54058
8.11686
5.4949
8.20874
9.35524
5.25408
5.52051
9.01749
4.56762
5.73242
9.02603
5.87646
7.05512
5.57135
5.22699
13.7346
15.0208
11.4935
8.95022
8.78458
4.6338
7.11474
7.75939
6.63657
9.35214
9.28148
6.01938
10.2381
7.2287
8.11225
9.20315
7.08924
8.01892
6.25538
9.68771
6.84749
5.82833
12.5784
10.1425
10.639
11.4662
9.26835
6.42638
7.39414
6.41931
6.93723
6.80423
7.47264
10.4577
7.48556
9.86916
6.31649
11.2212
8.4116
7.87595
15.2531
8.108
10.7824
8.07833
6.46207
8.56465
7.74325
5.6682
10.6882
9.03913
8.87849
9.73331
8.24632
7.26899
6.70797
8.85948
11.8379
12.2805
11.3618
7.62207
9.87592
5.21304
10.9366
4.92442
14.6463
12.5892
7.78494
6.36184
6.57108
7.3775
9.0944
9.5903
10.4589
5.67893
10.3894
9.23649
8.27956
6.93945
10.775
7.04028
7.1628
11.5493
11.1699
7.43632
7.22433
7.00642
8.01446
11.2021
15.3889
6.65819
6.54489
9.60748
9.63925
10.8156
10.3185
12.4512
6.70256
9.29106
7.76803
10.0865
6.91754
9.71337
8.60423
8.81004
5.75946
11.0821
14.4857
11.414
9.28359
7.81417
9.92277
8.45084
8.92845
7.99895
7.36707
4.62996
10.213
8.25901
8.2436
6.40571
6.49716
12.8949
8.77086
14.3285
6.12605
9.53396
10.0235
11.3707
10.5013
8.4605
11.4588
7.69877
10.0731
8.87738
8.04075
9.4448
6.26735
8.24933
7.04425
9.14182
9.64246
10.357
7.90604
4.31693
10.3084
6.20993
7.18518
9.21078
4.76972
11.2093
8.20109
8.58094
5.39111
5.91716
13.1413
6.15215
6.69996
7.54316
8.38414
7.45994
7.92081
6.38449
10.5171
8.37314
8.29787
7.58275
9.16714
8.75768
8.90238
11.8089
8.08068
12.2487
7.83541
9.58769
5.92879
12.0174
7.04423
7.99822
8.80832
8.9087
8.92273
9.11742
11.5165
10.7421
9.16843
6.82978
7.32549
5.66212
8.40624
7.29649
9.87964
7.47592
10.7415
9.10049
8.57657
7.34015
9.65224
5.8468
7.97812
8.0716
9.37848
12.4999
5.4758
13.1235
8.41397
8.78
12.8646
6.94688
9.48998
9.18687
10.6796
8.7128
7.92026
6.44624
9.01003
9.36348
11.4779
7.31956
7.07996
6.42065
14.7617
7.31035
8.79888
4.63974
11.0526
8.26023
9.57664
9.15267
6.31288
9.66418
6.30389
8.13477
7.69724
7.75123
7.04528
10.2592
7.87024
9.49361
7.4969
9.10195
11.9531
6.8808
5.41422
7.7692
6.4651
5.65387
9.16312
8.99373
11.6627
7.58982
5.57536
6.91979
8.47001
7.99951
6.50887
8.19733
7.68476
12.8318
10.7924
12.3601
11.23
7.80319
6.25077
9.02634
6.2712
7.34572
8.00302
5.03546
9.76627
6.14913
6.22909
7.77979
11.3126
5.73759
7.64981
9.59408
14.9307
7.24448
12.1207
11.6207
10.605
8.13417
7.4448
8.93393
6.30937
6.25307
4.43552
8.20982
11.2189
7.93902
7.45517
7.90152
8.10405
5.88705
10.713
8.0345
12.5713
10.2294
8.87046
7.61481
5.92029
6.86691
10.3895
5.12835
6.28578
9.02487
7.00992
9.15042
9.31735
8.8275
5.67756
10.1098
7.34574
10.9219
7.3659
5.71204
8.03461
8.27037
11.6963
10.181
3.70491
5.68256
13.6736
6.84125
6.30183
8.86504
5.29288
7.52515
9.56025
6.56537
5.30974
9.70203
5.59836
9.89113
8.73992
7.8864
4.67132
7.56799
8.88964
5.77405
9.89254
10.6437
8.66366
12.8629
7.26525
7.64871
8.92283
4.44442
6.02946
5.92399
7.80092
5.98749
4.95035
5.12136
9.11375
10.6758
7.65954
10.3015
8.19525
6.8722
7.24492
6.77422
13.8413
5.47156
7.68914
7.68704
10.5041
7.79681
8.36463
5.16769
7.96742
6.79427
6.03102
10.7786
7.30129
7.84003
7.787
8.42244
7.65279
9.41119
10.0277
9.40969
11.3151
5.80638
12.841
9.01125
8.60225
10.5062
10.195
6.2646
6.55417
8.13534
5.96121
7.27778
7.35044
10.4618
9.04721
4.97036
5.80798
6.2234
10.7422
11.9947
8.6492
8.08906
9.77246
6.35251
9.33127
8.98873
6.47562
8.15769
9.57477
10.4961
6.94206
7.34106
10.5754
10.1574
7.13511
15.7503
6.63962
7.0053
8.65021
4.64226
6.72695
10.0657
7.54369
7.61737
9.20583
7.99169
9.28892
8.16527
7.76841
8.96406
6.66178
7.63214
8.86582
6.95004
7.32584
8.02596
9.08499
7.8881
9.89529
9.28258
6.95494
8.53139
6.9741
8.8202
11.1335
11.4183
9.21488
8.48054
7.46628
9.51537
8.18248
7.79347
6.03206
8.54406
8.39556
7.96297
7.86773
8.06101
7.03276
6.49653
6.03193
8.63182
12.2189
7.18389
4.83646
8.71034
8.97432
7.4212
9.44194
11.1489
4.91824
7.49077
6.18899
6.33956
8.95273
8.4346
10.4577
11.0371
10.1917
12.558
8.17955
11.8232
8.02717
6.58883
6.92448
12.0456
11.4728
6.078
9.70686
9.31905
6.23584
11.5049
5.6883
13.3404
11.0161
8.6457
9.51192
8.16091
10.8676
10.2743
5.6007
5.0362
6.18417
6.53014
7.13636
12.3347
5.7866
10.0125
9.64547
7.8361
8.76795
8.31981
6.22781
6.14391
9.49368
5.51204
8.02302
9.8581
5.26644
7.51903
5.84117
5.86038
6.63759
6.88483
6.83842
8.23779
7.83092
4.80367
12.9337
6.13063
7.53366
11.7192
9.90782
9.02663
15.8966
9.82933
9.47549
8.60484
9.4735
6.47211
8.86311
6.82472
7.389
7.75874
12.7948
7.99217
5.75617
8.8872
11.0826
10.7838
9.57494
6.3235
6.49651
6.95273
12.1417
6.92427
8.88651
6.69745
7.22635
4.67089
4.94086
8.39291
8.00181
7.94861
7.36871
7.79617
6.79975
7.06278
6.00463
9.31298
7.85097
8.36771
10.4297
6.83748
7.17893
7.34472
9.34609
4.97798
6.09473
8.61329
8.57164
7.13489
10.316
7.56224
8.40686
9.63179
7.12277
11.1481
9.52187
10.1807
7.02783
6.97207
4.8671
8.90991
9.5548
9.56912
8.22384
7.16389
7.19339
8.9807
9.2325
8.99825
9.15441
7.69351
8.05756
10.0241
9.47538
11.1575
9.50896
8.75151
8.74255
6.36946
8.81863
9.1985
7.98011
7.7721
10.5226
10.2107
12.8022
7.60853
6.98925
4.49339
5.87941
9.26101
4.35991
9.07899
8.21375
4.56958
6.76962
9.07062
8.05257
8.74668
8.94733
5.74172
6.53629
6.53852
10.1752
5.31425
7.26874
7.89321
6.63475
6.2949
7.9896
7.93338
8.29516
7.55654
7.2112
9.29988
11.6762
10.9136
7.42691
8.12053
6.68664
9.13224
9.06168
8.86794
11.8164
10.3321
8.08886
7.41118
5.91894
10.1161
10.5892
10.6393
5.26069
5.54428
6.55694
10.2913
5.67661
7.88219
8.46802
8.81886
9.11189
10.6925
7.23884
10.1953
4.64345
6.28236
6.35617
6.05996
8.16664
8.13991
11.5219
11.1265
6.6714
8.25961
6.94813
6.3485
9.818
9.05415
10.8798
8.10843
9.5083
7.71756
7.93172
7.05199
6.41985
4.89871
8.3926
4.7289
9.30171
7.67253
5.88794
5.73265
10.8241
11.8358
7.79385
9.94231
7.13523
7.30998
12.0061
7.96184
10.4025
10.4133
7.80764
11.8285
11.9159
9.37352
5.46362
8.67333
6.61563
11.1944
6.19582
7.8058
9.80199
9.4237
7.76346
8.96666
7.47072
8.48559
9.22259
7.46639
9.19975
5.97357
8.53567
6.1165
7.23836
6.07054
17.114
7.22178
8.57596
9.63617
12.7137
9.65813
8.42822
8.80089
8.94732
8.98674
8.81545
5.83328
7.88455
9.40516
10.1012
7.5349
7.41839
12.1044
7.7802
11.3518
7.42846
9.65175
7.32069
6.20512
8.46713
6.85027
7.60867
8.41902
9.5301
12.3118
7.166
7.42173
7.92106
8.86523
6.45311
7.04261
8.49865
13.6969
5.91476
6.31981
6.56536
12.025
8.03448
7.89636
7.7754
4.67612
9.5685
8.28267
9.79938
8.24144
10.9704
9.89279
9.92726
11.0319
9.42094
11.0839
10.0474
8.64048
11.856
9.28442
7.04782
5.67958
7.26759
7.00359
8.14043
11.7627
8.19547
9.1585
8.28081
6.79983
8.73774
7.78904
8.17739
5.45219
8.09836
10.6376
7.67526
9.2077
11.2139
6.85284
5.35498
8.07463
5.40785
9.24493
10.3351
8.71026
8.33546
7.66457
8.1258
5.17635
8.41266
7.31164
10.7355
8.73221
7.83879
11.151
9.60032
8.89018
8.42863
7.0805
8.79335
12.6633
6.9804
7.9985
7.22573
7.05166
6.97841
7.11447
8.80907
14.1117
10.4405
7.25356
7.28467
14.1251
7.48659
6.1797
6.66279
10.1206
10.7221
4.39608
11.8525
8.73479
7.44432
10.0079
8.8357
6.43175
7.87392
11.5996
8.20666
7.47219
11.0066
9.33628
8.59792
8.41033
4.81835
10.309
9.93551
6.74197
6.39785
6.83363
7.94767
6.66081
6.47884
10.9514
5.55822
16.0178
10.244
6.10358
7.53915
11.8056
10.4758
8.01379
9.79855
5.98379
11.5697
6.12254
6.69143
6.72617
5.46717
7.5923
6.77381
7.0033
8.24107
5.54696
7.91901
6.53569
5.48624
9.3735
11.3173
7.80448
10.6699
6.96996
8.28966
12.2304
7.89428
6.46785
6.3296
7.8181
6.90544
6.12002
10.0776
5.65518
4.05331
6.42435
7.00565
9.17501
12.0442
6.02264
7.40072
8.09254
10.325
7.97116
7.28672
6.73249
8.04913
8.04727
9.53453
6.13288
8.57879
7.45024
6.80359
5.84104
6.87749
7.8103
9.4624
6.79501
9.44652
10.5104
6.327
6.69649
8.25479
7.41573
7.04633
11.3785
11.0869
9.75653
12.3709
6.7527
10.3243
8.88902
7.96944
7.51407
7.62021
8.36181
6.10683
6.33188
8.75906
6.21845
10.4005
7.60844
8.01556
7.52226
7.14674
7.81168
7.83108
12.0341
8.00518
5.86661
11.6764
9.95253
9.20928
4.38991
12.1862
6.59308
4.46248
13.0475
8.18176
17.9674
8.9512
6.17363
7.33696
13.3883
8.09973
10.3202
13.0776
7.17172
7.9312
7.65729
12.854
8.33219
5.66686
5.8498
15.9161
5.93571
8.81069
8.5669
11.709
8.42112
12.7747
9.86666
6.67694
7.00415
8.22064
11.5874
9.07088
9.74582
5.71326
6.76674
8.40092
9.08775
7.83161
7.89034
7.93358
8.20131
8.6306
8.49523
9.32467
7.17534
9.32257
10.5108
10.519
6.91937
6.52543
8.26358
7.69662
8.85603
5.57692
10.8635
9.64633
8.3392
8.3951
6.62015
10.5228
11.0197
9.82186
10.8323
6.84414
7.54384
9.52409
5.29436
6.81022
9.09601
10.4603
11.3745
9.1964
7.80963
4.86851
10.595
8.88345
7.10085
10.4164
7.62972
5.9096
8.90364
6.95212
13.3688
8.78431
7.86968
7.20418
6.38028
7.50021
8.51206
12.0162
10.6526
10.5013
5.02187
8.54537
7.87041
9.8641
7.74631
7.14247
7.63549
6.34846
9.47692
8.48413
12.4932
7.70337
8.20546
7.62421
9.76044
7.91594
7.58517
6.13849
8.66945
8.2119
11.6283
8.9734
8.89092
9.96972
14.4434
8.8831
7.99594
7.2244
9.40348
6.21245
7.91514
9.20824
8.4127
9.51423
7.27789
4.77026
8.00634
12.5903
12.51
7.48218
10.5589
6.93756
7.46197
4.81791
7.3431
6.53076
7.25724
12.2439
8.25049
8.8682
7.16565
5.77251
11.2941
14.3323
12.3978
8.43331
8.283
10.8068
7.06222
8.8325
8.56054
8.62597
8.57589
7.20178
6.90174
8.61133
6.31231
8.66429
7.27045
7.00483
9.67009
9.53739
8.83417
7.44958
4.28987
5.53164
4.31451
5.00405
9.12812
7.31341
7.44238
11.0974
6.9492
7.42099
6.41123
11.1797
9.22095
8.66587
6.61968
7.48034
6.542
9.28504
8.99658
11.3095
10.7931
8.35132
5.46459
7.8552
9.79397
9.89538
5.98998
5.89495
12.3174
10.145
12.3816
5.91626
9.2927
7.22182
6.52804
9.99859
10.2323
6.51655
9.63434
11.8051
8.10993
5.54076
6.55145
8.34507
5.73004
9.07521
8.69196
10.2972
7.0626
8.46031
16.556
8.08695
7.73866
7.95618
7.8128
12.7525
7.44464
8.89622
6.68827
10.7819
10.0636
13.7063
8.05502
10.137
10.8981
5.39774
8.06339
5.36217
5.22501
9.68701
5.72869
11.9987
4.81443
8.88126
15.056
10.279
8.58022
11.0715
9.41478
6.0437
12.2081
8.43638
9.27603
11.5842
11.8516
11.7165
10.0418
9.74335
5.68988
9.7973
5.82885
6.56511
7.14278
10.0712
7.80431
10.9484
5.05298
8.32893
9.78678
8.48581
6.10859
8.41215
12.7055
7.3878
11.176
6.54151
12.1975
6.7665
11.345
4.77178
9.80678
11.6033
9.74558
10.8033
7.20016
8.15196
7.39682
11.2408
7.65009
6.00837
5.94526
10.5501
9.5527
11.6857
6.15821
13.7305
13.7113
6.0695
6.86641
8.90747
6.2173
7.17173
7.29007
5.82292
14.7362
5.98011
8.89909
9.67816
12.0649
6.84968
11.1723
6.81992
10.872
11.7299
11.2338
5.2946
7.94077
5.27254
6.23622
8.12194
10.9718
6.95613
9.03925
8.16523
7.81052
12.588
7.9766
6.91945
6.35062
9.6388
10.0978
9.22103
5.32821
6.0668
7.24736
9.27267
10.5938
6.80645
8.22349
10.2772
11.6712
8.4277
7.95071
7.74031
5.79637
8.25795
5.98517
8.05537
8.22323
16.9356
7.24271
7.67967
8.77165
7.61694
7.23357
9.74447
6.72975
6.70649
7.29745
10.5904
10.7205
5.76554
6.89503
6.45948
9.83312
8.42783
7.1272
9.96234
9.33252
5.43356
6.37663
7.48442
9.63369
6.77359
7.09118
13.1733
9.07555
8.75049
9.18247
8.15694
6.89989
8.26108
10.2363
7.12756
8.26527
9.3883
6.28497
9.4651
7.76678
9.59023
5.33793
7.50987
7.17107
9.92718
6.35177
8.6988
10.316
7.86335
8.40187
5.91264
8.24362
5.8069
9.0373
8.65241
7.29737
6.92064
6.60471
9.64725
8.40292
5.8404
7.56527
8.97468
7.81455
8.31996
8.35621
9.93762
10.0237
11.658
7.35718
10.1803
9.82386
9.27365
8.99464
8.99456
8.77075
7.24121
11.0757
7.59037
8.2782
10.0272
7.88115
12.945
7.88665
9.81089
7.53367
9.86643
8.90055
7.01917
6.5182
9.75599
7.51965
5.91829
6.95493
7.66497
13.7316
6.53906
6.572
10.7638
9.41264
5.90208
9.869
11.6437
8.68413
6.08793
6.30899
4.85313
8.32678
4.75841
9.92686
13.6621
8.22497
9.06221
6.94322
6.71941
9.58599
8.13696
8.60779
10.3999
6.47991
10.9154
10.1606
12.7599
10.0073
12.0647
5.64592
8.95826
7.88897
8.8664
7.71729
7.95382
8.46795
9.61677
4.74092
10.0855
11.1864
7.24331
7.70824
6.7467
5.38768
9.82872
7.33729
5.93865
8.85369
5.13987
7.4635
6.85896
6.26031
9.79268
6.92143
6.96843
11.9102
10.9834
7.61365
8.89374
6.91883
9.94236
7.1018
9.00284
5.03254
7.03244
8.83628
6.86929
9.73167
5.32129
10.9572
8.92574
6.83649
9.21312
12.0792
8.8441
7.3837
6.61536
10.238
7.47763
9.95214
9.75101
10.1524
8.18708
11.0851
8.66747
10.7624
12.5028
8.01234
7.23549
9.36656
9.84603
7.38879
7.56789
5.3491
7.02776
14.6942
9.29799
6.93365
10.788
8.00804
6.04205
5.55249
8.16457
9.48521
6.92198
5.44472
10.3783
15.8329
10.9122
8.5073
6.2256
9.09089
11.9251
8.87086
7.90565
11.6752
6.82714
11.0751
6.81057
7.32831
9.2993
7.2039
8.3955
8.31898
9.15218
10.442
6.18647
11.0659
8.93171
8.81138
6.78661
7.79269
12.0869
6.94431
10.247
6.20212
8.13887
6.13783
8.12567
8.83833
5.43231
9.87843
8.93322
12.3317
5.61531
8.35282
7.67777
7.48283
11.5406
9.73771
8.7669
7.10253
8.24514
9.06317
6.48083
7.437
7.66588
9.68432
9.01596
5.20643
16.0487
7.56172
12.1347
7.54122
8.18014
4.59357
5.8585
6.85729
8.1653
13.4058
7.24041
10.8294
6.1417
8.79979
9.48077
6.92933
6.84523
9.92928
9.33979
8.40619
6.47216
9.19771
5.64959
8.3533
5.94687
12.0681
7.43156
11.7903
10.3911
6.77066
6.81869
11.3123
7.79866
8.98635
10.9731
7.0925
6.3974
6.12331
6.97648
9.86653
9.83282
7.66306
10.0516
8.18548
7.90417
11.8271
7.83685
6.51
8.60786
6.96528
8.99235
9.64816
7.69743
7.00551
9.9547
11.3787
6.41635
7.93577
9.56446
8.99335
6.11943
7.5094
8.11388
10.4966
9.8525
6.37486
9.89868
6.29343
7.54855
8.73255
8.59837
7.1802
10.2277
7.35771
8.27805
8.48679
8.09774
11.4726
6.46066
6.66263
7.23753
6.70454
7.80033
5.87507
10.8201
7.00307
7.16181
9.75774
9.65422
5.37833
8.60904
8.34424
6.74301
8.97671
8.26378
8.94412
8.20008
11.1675
6.26848
7.56933
8.63704
6.66973
5.47299
7.16245
9.29512
11.1609
8.05195
8.32882
5.93508
8.56737
8.12789
7.96481
11.0252
8.59677
8.38467
7.06367
8.09884
6.61621
6.19378
8.33652
9.91019
8.93274
6.57665
10.1357
8.58151
12.3015
8.84188
7.52454
10.7539
9.84187
6.92065
9.90302
11.1933
5.94778
7.52779
6.59697
10.6787
8.99895
7.28629
6.26816
9.14322
6.04746
11.4468
8.51466
8.2749
11.9844
10.1575
7.3601
9.44742
9.28212
6.20348
7.54088
6.7844
9.31526
11.2544
9.81966
7.49209
11.2206
10.0161
12.1029
11.5582
8.43803
11.1664
7.73958
7.13982
7.80098
8.28444
8.61678
8.99632
4.661
6.91176
11.3571
10.0222
6.82412
12.1137
8.38211
10.426
8.13302
5.71197
10.9861
8.12229
9.57369
7.6629
9.05832
10.2449
9.20492
10.1756
7.47291
7.14546
5.50491
15.1363
13.5139
10.3019
12.1056
6.93486
10.641
6.57287
7.64409
6.78551
9.45249
7.26318
8.91833
8.94546
6.2454
9.273
7.72368
6.98316
8.77252
9.02539
7.58792
6.46453
7.46103
5.97201
7.68156
6.01315
10.5533
7.74075
9.20577
10.0258
6.40248
13.3458
7.17048
6.20895
7.98662
8.4947
6.56567
10.9831
9.25588
4.57009
10.7623
7.96422
9.44364
10.9565
9.24257
7.92902
7.36809
9.55117
5.69859
9.10624
7.27806
14.2933
10.3743
8.71093
8.54345
13.5923
7.35838
11.0075
5.39804
10.0065
6.60665
7.38868
9.67348
6.97768
7.62081
9.77872
13.6652
6.64912
12.8121
9.72637
11.8938
8.63102
7.64527
12.0451
7.38927
8.20166
8.74517
5.64159
7.86378
8.37239
7.51778
7.08143
5.52466
9.67596
10.8513
15.2174
8.09248
9.59417
11.3233
7.23375
6.98474
8.04675
11.1491
13.09
7.03308
7.38023
6.86905
9.34651
7.83859
14.1521
7.08672
7.37985
8.30615
9.54081
9.29527
9.24315
7.2627
7.4377
6.00212
9.31151
9.73286
9.69536
8.39883
8.19561
6.37617
10.5067
7.49931
6.80221
8.72472
8.10902
9.82556
8.62084
8.78085
12.5854
9.38262
7.53418
7.0705
11.9909
13.1488
10.5359
8.42379
8.82248
8.94866
6.41011
8.36753
9.91888
8.76308
6.71757
7.80199
7.16532
7.24878
7.85398
7.35936
10.6638
8.44866
6.37309
4.88355
9.40854
6.36606
9.07753
9.22416
7.24689
10.3189
8.21903
7.53044
8.77615
8.84574
8.91684
9.32761
8.67269
7.12899
6.45037
6.26771
7.69449
13.3883
4.68968
8.14014
5.31897
12.4311
10.8631
8.98261
12.849
5.80907
6.61985
6.85114
5.06623
11.2887
15.9841
9.27297
8.74518
6.83744
6.85617
8.68638
6.71698
7.6409
7.98745
7.0829
7.86951
7.59548
6.83528
4.7647
8.44137
6.30208
11.7954
6.02236
6.44514
10.3689
6.2539
6.50234
9.50734
8.14836
7.75783
9.97013
10.8708
14.0128
9.44978
7.22311
13.2724
7.44371
7.3322
5.69664
9.54223
7.92581
6.40247
15.1712
8.89852
13.2516
7.06018
10.7591
9.11238
9.59298
6.97731
13.0803
7.81639
8.01105
9.06186
14.554
9.30712
13.1252
10.2658
5.94605
8.54803
7.68727
6.42936
6.14716
8.72237
5.39143
11.6737
6.32014
8.00156
9.41163
8.72769
9.47046
8.48218
8.30423
7.65028
11.4903
4.97419
4.7048
9.50292
11.0166
5.58937
10.582
8.2968
5.90357
7.84216
8.81993
7.87454
10.2102
10.6866
7.96953
5.6543
7.0449
5.93336
9.76087
8.58074
7.6357
9.60099
10.0283
9.89083
9.1306
6.6291
8.87953
8.11902
8.06415
6.12095
9.78258
6.84824
12.7005
7.77367
9.17682
7.77571
9.32199
6.94183
9.52105
7.87635
8.90472
6.60382
7.28129
5.32235
13.2555
5.24064
9.13658
11.2067
13.1636
9.4246
7.633
6.38096
5.21044
8.22702
9.22434
9.926
12.7686
9.2207
12.3646
7.14802
7.58274
7.04863
7.41171
7.11274
11.1
7.65983
6.60624
9.27769
8.12063
4.35722
6.80913
7.13971
8.25925
9.98651
6.83687
7.86512
6.69653
7.78307
8.96719
6.81658
10.5255
4.20727
10.3206
5.65606
8.98723
9.1884
6.05542
7.46572
7.60163
9.01143
9.09492
9.91266
7.62764
8.35157
8.71675
7.13974
13.6753
6.83895
6.78746
5.13039
10.2582
9.9486
12.1033
7.9993
4.68613
8.43124
5.29176
9.14558
11.0057
9.03818
6.33285
17.6323
9.00537
8.79114
8.47833
6.91093
7.73266
7.62698
7.55142
7.54119
9.243
6.47062
7.60455
10.3586
9.80824
6.37151
10.3697
10.1727
13.3815
6.03408
9.54785
8.08688
7.92539
11.928
8.94355
8.57497
7.22185
9.03915
8.59913
6.03467
7.57889
7.54896
10.6296
9.25161
11.8053
7.41303
7.60311
7.34798
11.3031
8.60343
7.23518
8.42545
7.83369
8.45005
9.07841
5.62359
7.75262
7.47862
11.2369
6.29843
10.8603
7.50684
8.66348
7.40011
7.31738
8.33163
6.96871
9.25095
8.52435
8.48047
9.86797
6.41667
9.01638
10.6636
12.5761
6.19112
10.5123
9.25216
7.588
8.28477
9.50664
7.61391
7.48473
5.98251
11.8082
7.98649
11.0582
9.96303
7.58478
7.99117
9.40425
9.2085
6.31867
11.122
7.93434
7.05963
8.00493
10.3243
7.58794
8.04904
6.1053
4.90507
6.95821
6.92177
9.92381
8.91384
9.03913
9.6947
8.70675
10.7622
8.86049
7.14194
10.4083
10.4727
6.85143
7.56563
8.36022
9.06927
7.49404
6.66106
9.89092
10.3846
5.20613
8.54563
5.30811
9.3412
8.24961
7.99847
12.0591
5.82751
7.69903
7.3433
6.4211
8.54462
9.41804
8.89984
8.32401
8.60447
8.84062
6.59071
8.63059
5.59677
10.586
10.1263
10.6626
6.66893
6.31452
7.15966
8.26447
8.70929
12.2473
9.0249
5.63549
5.56601
5.4331
6.88928
7.74498
7.75137
8.99203
8.62478
9.90157
8.74553
8.17454
7.39258
9.68769
7.48831
7.90639
6.7211
5.60751
9.28619
9.83908
8.84661
7.79194
6.98251
9.97171
7.44932
6.64469
7.73095
7.5065
8.57294
7.84589
11.109
6.2884
11.9136
7.5179
5.71164
10.6276
5.51191
10.8488
9.11947
8.49458
6.61067
8.44188
5.61687
5.24696
5.7306
10.951
6.90115
10.1035
8.4902
10.5273
7.94713
8.5918
6.13792
6.96906
6.05155
6.73278
9.02605
7.49837
6.42915
9.92121
4.69909
7.61486
8.3997
7.8922
9.69202
9.60597
7.65823
10.1871
9.38399
9.95971
7.74504
5.18811
6.3491
11.5023
10.1962
7.02779
7.03924
6.6853
8.51308
8.46235
15.8276
9.49593
8.11877
4.07562
5.09877
9.15011
10.6894
9.4824
10.176
7.65888
8.3946
10.5171
7.95244
7.11652
10.8422
8.78599
9.59845
7.78493
5.87823
8.71321
12.5193
6.8582
5.66395
8.62744
11.4065
6.29603
7.10819
7.97435
6.78549
7.48623
9.40321
8.37769
6.55301
7.70593
5.65247
7.41167
7.61795
6.45974
6.17214
6.11245
7.26431
7.02083
15.3148
9.77499
7.26895
10.4925
10.4808
8.41457
8.82184
9.29062
9.0561
7.01895
12.6559
8.50709
8.90148
7.76195
10.7163
11.9776
8.20081
10.009
6.52231
5.75189
9.27613
9.11695
8.78656
6.18278
12.7676
8.64716
9.89632
7.1797
6.78828
8.45663
10.2111
12.2244
8.08156
9.0784
11.1183
7.59806
6.16343
10.8507
8.0644
7.93985
6.40483
8.86564
5.76397
12.5919
8.23494
12.3619
4.59603
8.29606
11.4154
9.20625
9.98645
5.51607
6.86096
10.8818
5.95036
6.38842
9.83875
8.75521
8.23284
7.17173
9.62004
8.55353
6.59679
6.20212
6.80535
13.5852
9.3318
14.3599
4.57216
6.34476
9.75972
6.36834
9.09026
8.67786
7.35982
6.44919
12.8462
12.2495
6.7859
8.15704
7.60237
8.20865
6.70507
9.86227
9.65071
13.1081
5.81232
7.8634
9.25304
10.5152
9.78965
7.73713
10.42
10.9724
7.7397
5.04113
11.5341
5.93916
7.68962
8.28166
9.14447
6.82393
7.49338
9.63427
7.34217
5.62359
6.18057
8.06047
8.47515
9.25387
10.3707
8.45831
6.18882
8.00998
9.83096
8.23297
7.72202
16.0461
8.96054
9.98123
9.42476
8.17407
10.1786
11.6538
7.55481
8.3954
8.23333
8.29718
10.0163
5.27011
8.28707
11.9298
8.63064
8.70356
4.34068
7.67899
11.1496
12.9523
7.06653
7.20276
5.91475
7.33905
7.29735
7.60953
5.41581
9.8641
6.3377
10.8665
10.3911
5.10933
5.02628
4.67599
8.81359
7.13732
8.69134
6.04938
7.74431
6.45297
10.7747
9.16933
7.84875
7.3701
11.8191
5.80919
10.7692
8.85957
10.0606
8.69797
9.86263
6.59261
7.35425
8.09064
7.44375
8.63632
6.3758
10.3371
5.47747
6.20129
9.46428
10.7025
7.39515
12.0855
8.46792
9.84411
8.52688
7.80835
5.78325
8.53676
8.15664
8.44777
7.9892
6.57985
6.97551
8.29311
7.72314
9.02463
11.7317
6.91698
4.10414
8.34544
6.03784
8.54558
10.901
6.99608
7.88971
6.83879
9.11167
5.88019
8.42704
8.7839
8.36546
9.19916
9.18664
8.04404
8.88792
4.08567
6.74404
7.12578
10.5896
4.11583
6.0007
7.92819
13.2804
8.61428
7.094
9.12159
15.6682
7.38148
9.30521
10.7977
6.16688
6.1802
6.20617
12.1365
6.11696
6.45584
6.06395
8.93376
7.9895
9.88556
9.30828
10.1204
10.2719
8.97676
10.442
8.96645
12.4091
4.73221
7.97101
10.7377
7.38515
7.43105
12.4125
8.29527
10.3839
7.15785
6.15668
6.87205
7.77143
8.37611
8.54207
7.58077
7.85735
9.15688
6.22535
10.774
7.74218
12.4352
11.0379
9.1019
7.6266
11.9855
6.77706
7.42082
5.933
8.00115
10.3637
5.7862
6.93056
10.8957
6.72948
7.08661
15.6208
8.83823
6.19068
7.83945
6.66044
6.08838
9.02792
6.22299
9.59915
10.7791
10.273
7.92648
12.7222
8.07803
9.30908
7.90084
6.00682
5.70369
7.3235
11.0081
9.88261
8.24369
9.87027
9.66679
7.20871
7.97963
8.4503
6.30344
5.83831
11.048
11.4493
9.86157
8.02242
10.2481
10.0824
9.82757
9.41201
16.0372
9.06969
4.92685
7.94985
6.8899
6.03294
7.87939
8.31156
10.4809
18.7345
9.21958
7.16362
9.94143
10.2175
10.6976
6.49904
8.97965
6.71806
8.25368
9.50186
8.7618
8.40891
11.3708
7.96414
10.7626
9.49134
10.4475
6.23902
5.48788
9.86333
6.54697
10.6915
7.23749
6.9775
11.6007
8.53419
15.5778
12.4257
13.4122
6.66173
8.99997
8.20287
7.16075
5.36647
8.90801
12.7295
8.82316
9.91996
6.65124
9.2857
5.91022
9.67929
6.01586
6.04824
10.3182
6.12528
7.98019
11.0322
7.89154
11.6315
5.46647
13.7378
7.15508
9.47424
8.3933
6.85222
10.6022
8.46826
8.84739
11.2399
6.89898
10.1217
8.89877
5.58383
7.11051
8.29694
8.00936
9.84897
9.06632
10.3659
11.6713
7.56098
6.18805
7.13212
9.82282
6.7534
6.94793
5.76175
8.15476
7.10334
7.15062
6.94998
7.505
9.43919
10.688
4.93374
6.11378
6.67329
5.53173
9.25616
10.2456
7.89131
6.26733
8.91721
8.95048
9.55571
6.4058
6.58679
7.96317
10.7903
7.10686
7.3983
6.89633
8.08481
7.10591
13.3918
8.6875
7.6465
10.5764
9.60999
9.44378
7.20053
7.98618
6.58798
11.0411
11.899
5.98918
7.84375
5.82327
7.10776
8.89259
11.0955
8.1006
9.86381
6.53191
8.01446
11.0622
10.3539
7.17518
6.06154
8.61273
12.0112
6.18354
6.0089
6.8093
4.56668
8.38401
6.32405
7.90602
8.07412
10.0376
5.47013
8.31314
8.34788
6.79415
6.8112
8.66788
7.764
6.94932
6.34749
9.229
8.30268
10.4862
5.37265
9.62258
6.33466
9.11328
11.5535
7.74829
11.5677
7.75885
7.13629
6.01025
8.83299
7.0896
6.02558
12.0336
7.29402
9.40133
13.7095
4.41168
7.95663
13.5696
9.09505
9.54492
7.05232
12.5179
6.61274
9.8696
11.0204
7.33902
7.98761
9.04006
6.19216
8.35334
7.84475
8.07458
11.4896
8.55617
8.40427
11.3431
8.93242
12.4792
9.86924
9.47106
8.46056
11.6333
9.62376
8.35737
7.69546
7.78159
8.83451
10.0315
11.3436
6.08124
8.80823
7.726
6.75954
7.78026
8.57696
7.7527
7.88869
11.1072
6.11552
6.99348
12.5349
12.0305
10.6513
4.56822
4.66344
5.75638
6.31482
9.52044
6.75129
6.80536
6.84546
7.98511
7.66598
5.51139
6.68284
9.02662
7.31081
6.9642
9.18709
12.4197
7.61517
4.49943
10.4633
11.2802
7.63932
8.81241
8.50607
7.16407
10.4518
6.95936
18.7289
5.68991
6.35077
10.4287
8.18704
10.5859
8.0013
6.93646
7.36963
9.79023
6.40484
8.77612
12.1803
8.34569
10.9865
9.94061
10.7346
7.67011
9.15207
6.46274
5.79657
10.4364
6.35721
4.03158
8.77546
9.08283
13.8465
7.26406
13.3944
6.74578
8.48955
10.4003
8.64629
8.19485
7.04626
9.77873
8.85282
8.31271
15.2072
8.62729
4.74649
11.0342
11.4641
7.69821
9.46022
7.95058
7.53599
5.65361
9.76809
10.7269
8.47347
7.84483
8.59878
6.68897
9.26765
6.31017
8.62786
6.82815
10.2229
7.30224
8.07119
10.915
8.51246
9.29345
7.00947
9.25628
9.38189
8.97529
11.8369
5.72753
7.12255
9.09514
9.76599
8.89501
12.8645
7.7365
8.0905
8.57234
10.8094
6.13334
8.99083
7.04827
8.82282
8.48195
8.00388
6.86589
8.51433
12.5463
7.38912
8.48467
10.8974
7.99936
9.20096
8.13382
11.777
8.7484
5.6273
11.6067
5.75906
12.8919
6.22313
8.04567
10.1335
8.63524
6.03902
9.16119
11.0655
11.1988
6.67676
12.2119
9.21319
9.80839
6.81685
8.62931
9.89474
4.70954
9.72623
5.43188
8.11933
7.74468
5.92675
12.284
6.75727
8.83907
6.30097
8.49743
7.84489
13.8353
5.10369
7.33077
10.2307
5.5967
6.32893
9.17438
9.42783
7.15082
9.66217
9.30073
8.81256
9.33216
3.83434
7.9747
7.43286
9.6811
5.96931
5.74843
8.35331
9.08617
7.53029
10.9662
7.17909
9.76105
6.78469
4.2366
10.6516
13.473
5.69473
8.28354
9.09163
7.86091
8.04526
7.58143
9.10211
8.68461
12.1152
9.86485
7.97521
10.7343
6.05106
8.2159
8.91213
6.68695
8.99039
10.1607
6.42716
8.78639
13.3219
14.0296
7.20382
7.84549
10.6123
9.1653
7.78267
6.23466
8.01902
8.40447
8.70365
9.93764
12.1187
4.86345
4.41103
10.757
11.8897
10.3641
6.48645
8.89118
6.26353
7.70247
6.10803
9.10645
9.46131
7.06644
7.53489
9.09477
10.4218
6.26824
12.9593
7.35556
9.40368
9.34186
7.33285
9.81708
8.05898
9.23694
5.29198
6.93795
6.53261
8.93431
12.9487
7.17488
9.50175
11.6057
5.81233
7.84731
8.30763
5.6261
10.4752
12.6891
5.00497
6.39075
7.68723
8.22932
9.03108
6.57504
12.3156
6.9106
6.32973
10.7014
6.19731
10.2114
7.85811
8.51532
13.9591
8.56099
9.68856
10.8199
6.48999
7.8619
10.4966
7.337
7.46855
4.36172
6.53403
7.47715
11.8859
6.38194
9.08619
11.2385
6.12958
8.33946
8.21671
9.06991
5.99356
9.74353
6.97044
8.61297
7.79205
5.99872
9.07139
9.05851
8.22039
7.43202
8.7696
8.48502
11.3904
9.65762
12.2389
6.69454
10.9824
6.23722
7.64933
9.93103
9.8394
7.53042
5.65365
8.13748
4.52464
9.06767
9.48806
7.85561
12.3859
9.14012
8.0999
6.15326
11.089
8.01744
6.42794
7.54788
8.08875
9.14637
11.9495
6.64306
7.22209
6.57155
7.05649
8.45554
11.9315
10.5336
10.4903
5.49112
9.0994
9.32551
5.88835
7.02959
7.15715
8.4215
7.53318
7.23388
8.02264
6.56671
8.12395
6.41994
7.81638
5.03426
8.37212
6.0481
9.61757
9.86709
8.69144
12.2254
9.06542
11.4285
6.86418
9.88099
8.26735
9.45043
6.89763
8.4101
8.34673
8.69686
8.00319
9.02424
7.90086
12.4668
8.41042
7.85132
5.28611
16.1672
7.47572
8.15302
6.81362
8.21503
7.96234
14.4679
8.43724
7.94592
5.38458
7.24442
6.13749
8.11235
8.45963
8.64983
7.26723
6.0244
7.41976
10.5507
5.53782
6.38588
6.18396
9.74332
11.2929
11.0437
8.37544
10.5526
7.87064
8.56003
7.50332
8.74629
7.55463
8.17994
9.88084
7.30112
5.42447
7.94246
7.54254
6.2496
5.24054
7.10985
8.72905
5.42308
8.75828
9.70769
9.55344
5.70946
5.6434
12.7807
6.9735
7.48964
5.02253
5.75333
6.94207
8.40666
9.43737
8.77801
8.04342
10.0512
5.85812
13.7087
6.99229
6.49217
7.24911
9.37528
6.45842
7.18944
8.13396
8.79536
7.7084
8.45667
8.2359
7.2192
7.56399
8.73957
6.42721
6.76032
7.44472
6.07242
5.68289
8.37327
9.47577
8.26655
7.45846
7.88784
7.32346
4.70403
8.01448
12.426
8.72393
9.07734
7.85567
4.87371
9.08604
11.8003
10.6828
11.21
5.00554
5.13275
7.13581
9.22323
7.15953
6.96906
8.02465
6.30191
11.7797
6.44168
6.99881
10.8049
11.2236
10.841
9.70569
6.36098
8.48462
9.37736
10.7291
7.20132
7.59277
12.2157
5.17358
8.49585
8.20779
9.22564
9.02226
7.50967
12.1669
7.61081
16.3836
14.0714
7.89006
5.47324
6.08986
7.46112
8.97079
11.2848
7.55792
6.73024
7.24945
14.0314
11.0128
12.3894
11.9502
6.46326
7.69504
8.14865
6.42079
5.77355
9.47095
8.64072
6.20363
6.4775
8.29761
12.033
8.38728
5.22184
7.41046
8.35637
7.19952
9.37804
10.0036
8.12216
7.27064
9.22962
7.98807
7.58346
7.1188
11.365
10.4173
11.4776
9.10534
6.87735
5.72683
8.27895
7.5551
8.75545
10.5728
9.73168
11.1776
8.17714
7.23983
5.79137
6.07284
7.90569
8.06962
9.76181
8.64238
6.3301
6.829
8.44896
10.6628
8.02547
9.14824
7.93059
9.43689
6.84096
11.0307
10.3964
9.01456
7.81619
8.59274
7.23861
10.2928
7.97701
5.79039
4.70262
5.47077
8.26618
6.38879
10.4012
10.2198
6.44311
6.96615
7.88735
11.4154
6.29295
5.21615
6.85139
9.47112
7.88264
8.14687
8.34581
6.31203
7.90561
4.67328
7.16003
10.396
10.6321
10.3225
10.1644
7.62348
10.6524
8.83607
8.13318
10.2795
7.54895
6.25134
10.1065
7.26041
6.50545
10.264
5.69986
8.58924
12.2088
9.66831
5.69668
5.46639
7.31017
9.86514
8.15174
10.5362
7.13724
9.57604
11.4637
7.7152
7.27872
6.82096
8.32593
8.15126
8.52576
10.4963
9.57312
8.10458
10.634
7.06655
6.34852
8.81134
8.77463
10.4848
8.43027
9.93749
9.19909
13.6254
7.74656
6.56148
7.44344
7.65432
5.54028
6.52842
10.0996
11.4002
9.96084
8.42361
12.236
7.23351
7.5994
7.76721
7.17674
11.3502
7.43465
8.40564
9.93371
6.91134
9.30575
11.1936
9.03547
7.4538
10.7738
8.92966
8.78207
7.5806
6.25926
11.3974
6.01209
8.16833
10.1413
10.9857
11.1863
13.8277
13.9165
7.52679
5.87312
4.61312
7.84194
8.25204
7.52636
7.48235
8.5609
7.8869
5.12149
8.57679
9.66612
8.84406
5.20905
8.09008
7.28088
8.27808
6.62174
4.99695
8.49829
12.1419
11.3492
10.7043
9.85855
10.411
11.1838
10.3431
7.39533
8.96512
8.15548
7.70866
6.92284
12.5642
7.42292
6.98577
7.8558
5.69629
8.02645
8.6161
8.56409
9.21068
7.96303
6.99527
8.98541
9.37965
8.39417
7.03214
8.53968
5.82344
8.52335
7.88726
6.66992
11.9611
8.97935
8.25426
11.9266
9.1144
10.6992
8.59467
10.1055
6.46846
9.4895
7.25089
15.3353
10.9807
6.54474
8.15095
9.06315
8.02729
10.8028
8.11725
6.28235
7.17877
6.7398
8.60257
8.43324
15.715
14.6823
7.64397
6.37481
8.5237
6.29754
11.7147
5.66446
7.3151
6.03713
5.69277
12.0257
7.92656
12.4695
11.4062
8.20989
7.99604
10.8442
7.42658
6.08144
7.54921
6.22367
8.14428
8.322
6.76533
7.295
5.63938
12.1707
6.52222
10.8667
12
13.6415
8.59259
6.68034
7.72083
11.272
9.71942
6.73468
10.5738
7.94526
7.27878
8.32386
11.794
6.38508
7.66464
10.6126
8.754
10.9058
15.6122
5.66264
5.96022
7.21727
5.64166
12.3068
9.59457
6.17446
5.20493
9.22842
7.01367
6.248
7.07497
8.18844
9.046
13.3066
10.9616
7.40004
8.62101
11.8885
8.09183
8.69663
8.53241
7.30264
9.16704
9.78998
11.416
6.4264
4.68389
10.1166
6.85589
9.71687
7.33123
8.90019
8.26362
11.1361
7.61427
8.47911
7.02989
6.94433
7.19129
7.72636
7.0647
8.7868
5.40633
11.2272
10.8423
5.13773
7.33717
4.51996
8.5053
8.87919
10.3964
9.74712
6.84155
9.74982
7.3877
9.16656
9.23085
10.4953
8.08601
5.95642
9.36693
9.23595
10.4642
9.46928
6.84251
8.84409
8.70846
7.10411
8.35916
8.53763
5.98117
6.89068
9.38626
10.9011
5.94045
8.64597
6.06978
6.5844
7.61953
12.8937
8.07275
8.66387
10.6999
7.32579
6.74767
7.55253
8.78216
6.24585
7.09405
10.2332
8.59145
8.42631
6.56208
6.83548
11.69
10.3728
8.69837
11.057
9.59293
9.80693
11.3008
10.088
6.85998
6.64432
8.37474
9.74017
6.87468
8.59437
8.15189
11.4551
8.04437
6.74018
8.97304
6.87628
10.006
10.1768
7.02517
7.03734
10.2767
10.3037
8.89704
10.4242
8.50592
9.61064
9.72498
10.0092
6.41872
8.39263
7.72975
7.04633
11.5549
13.1215
6.91892
7.15369
9.23434
4.49756
8.788
7.7603
5.98434
5.78539
8.57738
8.19478
10.1224
8.48224
7.90122
15.1303
6.45845
5.50853
9.67154
10.4677
8.14352
7.69408
6.82149
8.53516
9.96451
6.86494
5.67772
14.1606
10.1762
8.59848
7.21002
9.54072
8.10038
9.87215
7.74111
7.48272
9.13127
5.95961
6.48387
7.88187
7.15511
12.3506
9.08001
7.49668
10.6373
8.49043
10.8424
6.8792
6.01668
7.54184
10.2263
9.65243
9.72957
8.75418
10.3
8.48866
8.25447
7.29601
10.4338
8.52919
9.4957
10.1428
5.31005
11.151
7.36537
5.91068
10.3438
7.86692
12.0354
5.94306
5.50991
8.66945
8.42723
7.27771
9.86046
9.99856
6.93069
6.01535
8.1748
8.94124
7.52137
8.7814
5.8529
6.33936
8.39836
6.85935
7.51041
9.44181
8.90745
10.1451
9.08532
7.51424
6.36508
8.95796
9.76606
8.0303
7.16377
6.72048
5.35953
6.75854
7.47803
9.96656
5.04639
6.30018
7.15001
7.66917
7.13459
8.13415
11.2657
8.03051
6.72554
10.4627
9.05996
12.5593
8.0049
9.24045
9.49369
9.94687
6.37772
10.0217
5.97883
9.61251
10.0184
9.11714
8.12918
8.19454
6.5124
8.10915
6.27844
6.62901
6.86997
8.53927
7.37524
6.5158
11.554
5.08346
12.2587
7.49251
8.0697
7.45701
6.79011
8.06369
8.66546
8.41851
15.1345
6.4452
6.34285
8.46029
9.24449
7.44452
6.27832
10.7648
8.05446
4.88317
9.41787
6.71205
6.39152
7.47572
6.88896
7.98954
8.50023
5.64788
7.8962
5.99416
10.9624
9.83755
10.2581
8.25305
7.79255
5.28744
8.85217
9.17154
8.25525
6.29363
9.38422
6.54418
10.8161
8.24619
6.33134
8.90477
5.61038
5.44699
6.28836
6.19959
7.26309
6.85666
10.0169
6.24195
10.8439
7.07997
5.15739
7.28553
11.2362
11.3673
9.06677
9.08788
6.59467
7.25251
10.3858
9.25527
9.63035
9.0128
6.52118
5.6097
9.28123
7.52506
7.72008
8.19623
9.18395
10.7055
9.32342
8.28079
8.05217
7.07187
8.52057
11.5746
9.37113
6.15273
6.27389
7.91856
8.3432
5.39551
5.22081
7.50278
7.30111
7.99029
10.5714
10.7216
6.02071
9.9506
5.97031
5.87857
10.3776
6.85376
7.01219
8.29129
9.01104
11.4431
8.20951
5.58366
7.76608
8.73764
8.30646
7.87977
8.63106
6.69816
13.4374
8.85808
10.0051
8.56208
9.98191
8.03758
8.6587
10.5551
6.51563
10.8936
10.3749
8.8747
13.5656
8.50404
6.20538
6.86624
8.64822
6.90726
9.99493
7.0651
7.00836
11.811
8.41416
8.91944
9.01364
14.3646
8.28937
7.88797
6.54005
13.4575
11.6814
11.6624
9.24675
9.38965
5.83756
7.50613
7.98728
9.15947
8.16945
9.43047
8.99268
6.81192
9.3994
6.66123
7.80114
5.34824
9.48704
7.7531
5.92896
5.87132
8.55517
7.99498
12.1709
9.63313
8.93782
13.6084
4.99425
5.89255
6.57429
7.57438
10.0734
7.08347
11.1126
4.72926
5.35902
9.55264
7.53694
8.36465
7.76412
9.39251
8.45306
8.63639
9.19548
15.1936
7.46885
11.3069
10.8224
5.8398
9.34058
8.26341
11.6426
8.02845
9.58641
7.42826
15.0196
10.2478
14.0933
11.7395
11.3973
8.92951
9.88102
9.23403
9.69982
8.80563
7.38467
11.2055
9.27906
4.55851
11.7629
9.71602
8.0261
9.57827
12.074
9.00634
4.9552
6.49598
8.12655
8.23833
4.41485
6.37447
7.60649
9.16709
7.28563
8.88406
7.97469
7.36942
10.0573
6.77426
5.95367
10.6699
10.4608
9.72934
10.8582
10.8529
12.3548
6.37173
9.23646
9.06293
7.025
5.12121
11.9186
6.93206
12.6194
7.29964
5.36947
8.50958
10.6025
8.1298
6.00939
7.95866
7.71297
5.57999
6.54584
7.64172
5.90727
9.46403
7.83749
7.46891
11.0339
13.0734
5.80718
8.87506
7.59761
8.43273
9.87249
9.66738
6.00682
6.5798
6.20139
9.89869
6.45376
7.74349
7.17972
9.74848
11.0889
10.3342
8.62267
6.21846
6.36286
9.69922
9.51178
8.15678
7.89087
5.81692
7.6688
9.46521
12.6972
10.3238
11.0732
7.41108
5.42569
10.5425
9.70748
6.48341
6.55229
9.37511
7.22748
6.90384
9.57622
12.1454
5.70692
5.28222
14.5404
9.49695
11.2168
7.80731
11.3422
7.94845
5.82066
5.41436
8.29171
8.27267
8.9354
6.91583
7.51249
7.0949
6.97843
6.26656
5.68995
10.3716
8.45533
11.7802
8.49351
7.4833
4.48261
8.39356
6.87082
11.52
6.12187
4.86049
7.73613
11.1198
6.08625
6.3329
8.10574
13.5698
8.84747
6.65534
10.6611
8.85864
10.361
6.91292
8.59054
6.3576
8.05585
10.0378
7.02561
7.49955
8.96917
9.03077
9.05366
7.88104
7.71271
4.38672
20.8987
5.00873
4.73947
8.02777
8.1447
10.2165
8.59502
7.14295
8.54179
8.3794
8.34777
9.14163
8.31154
8.80486
6.37889
9.13096
7.25134
10.5349
6.17296
8.86497
10.4106
6.6335
7.81235
9.1806
8.69152
12.0268
8.25045
5.13367
8.32103
8.51443
8.84002
8.35792
9.45954
9.41352
7.50234
7.36357
10.1672
6.47313
11.7756
7.78945
11.5909
4.20955
11.1994
6.27522
10.9444
7.26722
7.03131
6.92527
11.1092
7.04348
10.0087
9.22112
10.998
11.4128
6.9858
8.10872
9.17791
9.83622
13.2442
5.60174
8.07074
8.93462
6.92573
5.88361
9.14404
7.51731
10.4919
4.32943
7.8651
5.8703
6.67552
4.81054
6.41031
6.79853
7.60373
11.3473
9.00167
5.19397
8.35513
10.6949
8.09565
5.60046
9.16579
9.74634
11.1548
6.99872
7.76619
15.3464
7.19323
8.82405
11.9036
5.65205
7.99859
7.4863
7.47859
7.1157
8.12255
6.28314
7.40703
6.93394
9.54291
9.59007
6.05192
5.48494
9.37173
11.39
8.12584
8.6766
10.6957
5.77238
7.57815
12.2156
7.43176
10.3013
8.76221
9.62619
8.77544
8.62604
7.8065
8.4248
9.20285
6.49419
7.76993
12.4389
10.0673
7.99316
5.89584
7.64202
6.57231
4.82218
4.148
7.33621
9.34982
9.16791
11.5785
9.11163
7.87587
9.33272
5.66022
8.42785
8.30856
7.92812
6.99888
8.1625
10.0921
7.31709
6.21236
9.82868
9.23356
7.6265
10.502
9.04868
10.7117
9.19277
9.34088
11.5909
6.47677
8.86339
8.47399
10.5877
5.39791
6.91744
10.3391
7.87263
7.1036
8.69722
8.2635
5.74897
8.58671
8.10692
7.25643
6.95346
12.2411
7.70293
7.67547
7.01222
6.51622
8.20703
10.0182
10.4496
12.1648
8.32434
8.48588
8.63594
8.27642
11.4975
5.63428
8.32933
6.64045
7.70673
9.04247
15.5866
6.09213
7.78194
8.04986
8.08668
6.82571
5.27103
6.89622
7.83285
8.15389
10.6693
8.65386
7.36824
12.1107
8.41217
7.30642
8.04586
8.87908
7.10857
5.61252
7.88158
9.55425
10.1212
9.2883
7.24234
9.34999
5.69694
11.6707
9.65883
6.09049
9.66911
10.5649
6.3642
6.61403
8.90776
8.60661
8.24892
8.4753
6.48124
9.47325
8.32092
7.30422
9.78307
11.035
6.99199
9.79581
9.0411
6.3296
6.76947
10.0928
8.09845
9.32469
7.90195
7.36876
9.02423
8.23672
5.63239
7.14724
6.67397
6.08661
9.2605
10.8243
7.88802
6.67171
6.57452
8.87404
9.57771
8.22049
9.0082
8.83953
6.64832
8.86918
6.7818
7.54927
7.81735
11.8021
10.5829
7.70106
9.62777
7.79063
9.28398
11.6634
11.6037
5.85657
7.27554
8.55812
11.1871
6.92733
9.54813
9.2773
7.3531
6.92976
7.50216
7.5574
6.36872
6.69751
7.85454
8.03602
8.428
10.7266
10.8645
6.93813
7.43539
12.2908
7.47579
9.28589
9.59567
10.5786
10.613
9.11122
7.38962
5.35013
4.73984
8.38442
7.65325
10.7923
7.40376
4.47658
10.4531
7.10977
7.71225
5.97071
7.32784
8.32657
9.60581
6.01807
7.09824
10.8594
7.00463
7.22324
10.0506
9.55198
11.6913
11.1628
9.09152
8.94876
6.56613
5.74004
8.70919
7.24112
7.31983
8.49087
8.07646
5.28947
7.08467
10.2652
6.93133
8.59559
6.41957
8.91694
11.8314
6.90563
10.6453
7.44467
6.03798
7.01821
8.0064
6.87563
7.67579
8.94374
9.5102
9.61857
6.38798
8.25872
8.62687
7.35128
6.31557
8.59329
10.9994
4.78253
8.4144
6.93586
6.51369
8.08291
6.64857
13.6635
7.86584
9.12398
4.65599
7.9089
6.06954
6.27208
6.72359
8.28502
6.94615
6.4528
6.83417
8.84491
12.0165
5.00056
7.29787
9.2899
9.26807
6.61432
13.3303
11.0131
8.33969
7.27356
7.10487
13.6333
11.2697
7.26852
8.5994
5.60742
7.23856
7.19041
9.62897
8.32431
8.89024
7.02546
9.04984
7.01891
7.94186
7.71302
8.41682
11.9226
8.83721
16.1695
6.65907
7.99883
6.31908
8.19154
6.00719
7.28893
7.96546
7.80354
4.55363
7.28519
8.72826
7.27146
11.155
7.76969
11.3227
6.75021
7.70643
5.99818
7.32318
10.1083
8.43451
9.02334
8.53314
7.85934
8.61595
9.15278
7.60371
10.1948
6.79436
6.54707
9.9395
6.65514
10.4695
10.8019
5.58311
4.28769
14.3791
9.99045
9.99955
6.63514
7.94035
6.99008
8.95171
9.1309
9.98321
8.40004
9.20845
8.16133
5.4751
7.58642
5.83648
10.8749
9.5468
7.35026
6.93998
7.91152
9.77314
4.84978
6.9051
9.09621
6.80716
7.46874
11.4408
13.0388
8.74637
11.8599
8.31188
7.94202
8.0617
7.45952
8.46313
10.4923
9.19096
9.72637
8.81761
8.24964
9.2817
6.88246
5.39073
8.20426
7.80805
6.46416
7.17537
8.51778
7.66969
8.95169
9.99185
6.73864
4.86711
9.17663
8.05153
5.78256
6.63061
9.88482
6.78006
6.89237
8.93007
8.84314
11.1154
8.52391
5.8225
7.10073
4.81951
7.29744
6.95134
6.44102
6.99576
10.1849
8.40398
6.08185
9.88401
6.46091
6.9509
10.2633
5.58524
7.10517
8.21393
9.58098
11.7485
5.77813
7.32526
6.762
13.1813
8.33244
8.5556
9.77352
8.89033
9.84938
9.27735
8.486
8.33066
11.1773
9.43463
8.32389
6.59966
8.6724
6.18183
7.46851
10.6669
6.69919
4.14759
9.60863
8.32829
8.68379
7.67189
7.76379
4.4844
5.64421
7.50419
11.1084
5.03725
7.88638
7.21415
9.20732
9.56543
8.34546
9.31615
8.93581
9.4209
7.90216
7.47577
10.7661
5.7403
8.394
5.20181
10.1573
7.76735
7.04084
7.12835
9.49988
9.87314
5.31067
7.03599
7.24206
13.0966
10.1551
11.5051
8.09939
9.85901
5.73861
9.7324
5.90034
6.65426
8.5958
6.97326
8.61033
10.9964
12.4622
9.55181
10.9606
7.44337
9.11934
7.63934
9.9091
11.9067
9.96473
10.4881
12.6039
8.89883
7.95791
7.6592
9.88041
5.35871
8.82408
8.20019
8.38259
4.48089
8.72019
9.54058
8.11686
5.4949
8.20874
9.35524
5.25408
5.52051
9.01749
4.56762
5.73242
9.02603
5.87646
7.05512
5.57135
5.22699
13.7346
15.0208
11.4935
8.95022
8.78458
4.6338
7.11474
7.75939
6.63657
9.35214
9.28148
6.01938
10.2381
7.2287
8.11225
9.20315
7.08924
8.01892
6.25538
9.68771
6.84749
5.82833
12.5784
10.1425
10.639
11.4662
9.26835
6.42638
7.39414
6.41931
6.93723
6.80423
7.47264
10.4577
7.48556
9.86916
6.31649
11.2212
8.4116
7.87595
15.2531
8.108
10.7824
8.07833
6.46207
8.56465
7.74325
5.6682
10.6882
9.03913
8.87849
9.73331
8.24632
7.26899
6.70797
8.85948
11.8379
12.2805
11.3618
7.62207
9.87592
5.21304
10.9366
4.92442
14.6463
12.5892
7.78494
6.36184
6.57108
7.3775
9.0944
9.5903
10.4589
5.67893
10.3894
9.23649
8.27956
6.93945
10.775
7.04028
7.1628
11.5493
11.1699
7.43632
7.22433
7.00642
8.01446
11.2021
15.3889
6.65819
6.54489
9.60748
9.63925
10.8156
10.3185
12.4512
6.70256
9.29106
7.76803
10.0865
6.91754
9.71337
8.60423
8.81004
5.75946
11.0821
14.4857
11.414
9.28359
7.81417
9.92277
8.45084
8.92845
7.99895
7.36707
4.62996
10.213
8.25901
8.2436
6.40571
6.49716
12.8949
8.77086
14.3285
6.12605
9.53396
10.0235
11.3707
10.5013
8.4605
11.4588
7.69877
10.0731
8.87738
8.04075
9.4448
6.26735
8.24933
7.04425
9.14182
9.64246
10.357
7.90604
4.31693
10.3084
6.20993
7.18518
9.21078
4.76972
11.2093
8.20109
8.58094
5.39111
5.91716
13.1413
6.15215
6.69996
7.54316
8.38414
7.45994
7.92081
6.38449
10.5171
8.37314
8.29787
7.58275
9.16714
8.75768
8.90238
11.8089
8.08068
12.2487
7.83541
9.58769
5.92879
12.0174
7.04423
7.99822
8.80832
8.9087
8.92273
9.11742
11.5165
10.7421
9.16843
6.82978
7.32549
5.66212
8.40624
7.29649
9.87964
7.47592
10.7415
9.10049
8.57657
7.34015
9.65224
5.8468
7.97812
8.0716
9.37848
12.4999
5.4758
13.1235
8.41397
8.78
12.8646
6.94688
9.48998
9.18687
10.6796
8.7128
7.92026
6.44624
9.01003
9.36348
11.4779
7.31956
7.07996
6.42065
14.7617
7.31035
8.79888
4.63974
11.0526
8.26023
9.57664
9.15267
6.31288
9.66418
6.30389
8.13477
7.69724
7.75123
7.04528
10.2592
7.87024
9.49361
7.4969
9.10195
11.9531
6.8808
5.41422
7.7692
6.4651
5.65387
9.16312
8.99373
11.6627
7.58982
5.57536
6.91979
8.47001
7.99951
6.50887
8.19733
7.68476
12.8318
10.7924
12.3601
11.23
7.80319
6.25077
9.02634
6.2712
7.34572
8.00302
5.03546
9.76627
6.14913
6.22909
7.77979
11.3126
5.73759
7.64981
9.59408
14.9307
7.24448
12.1207
11.6207
10.605
8.13417
7.4448
8.93393
6.30937
6.25307
4.43552
8.20982
11.2189
7.93902
7.45517
7.90152
8.10405
5.88705
10.713
8.0345
12.5713
10.2294
8.87046
7.61481
5.92029
6.86691
10.3895
5.12835
6.28578
9.02487
7.00992
9.15042
9.31735
8.8275
5.67756
10.1098
7.34574
10.9219
7.3659
5.71204
8.03461
8.27037
11.6963
10.181
3.70491
5.68256
13.6736
6.84125
6.30183
8.86504
5.29288
7.52515
9.56025
6.56537
5.30974
9.70203
5.59836
9.89113
8.73992
7.8864
4.67132
7.56799
8.88964
5.77405
9.89254
10.6437
8.66366
12.8629
7.26525
7.64871
8.92283
4.44442
6.02946
5.92399
7.80092
5.98749
4.95035
5.12136
9.11375
10.6758
7.65954
10.3015
8.19525
6.8722
7.24492
6.77422
13.8413
5.47156
7.68914
7.68704
10.5041
7.79681
8.36463
5.16769
7.96742
6.79427
6.03102
10.7786
7.30129
7.84003
7.787
8.42244
7.65279
9.41119
10.0277
9.40969
11.3151
5.80638
12.841
9.01125
8.60225
10.5062
10.195
6.2646
6.55417
8.13534
5.96121
7.27778
7.35044
10.4618
9.04721
4.97036
5.80798
6.2234
10.7422
11.9947
8.6492
8.08906
9.77246
6.35251
9.33127
8.98873
6.47562
8.15769
9.57477
10.4961
6.94206
7.34106
10.5754
10.1574
7.13511
15.7503
6.63962
7.0053
8.65021
4.64226
6.72695
10.0657
7.54369
7.61737
9.20583
7.99169
9.28892
8.16527
7.76841
8.96406
6.66178
7.63214
8.86582
6.95004
7.32584
8.02596
9.08499
7.8881
9.89529
9.28258
6.95494
8.53139
6.9741
8.8202
11.1335
11.4183
9.21488
8.48054
7.46628
9.51537
8.18248
7.79347
6.03206
8.54406
8.39556
7.96297
7.86773
8.06101
7.03276
6.49653
6.03193
8.63182
12.2189
7.18389
4.83646
8.71034
8.97432
7.4212
9.44194
11.1489
4.91824
7.49077
6.18899
6.33956
8.95273
8.4346
10.4577
11.0371
10.1917
12.558
8.17955
11.8232
8.02717
6.58883
6.92448
12.0456
11.4728
6.078
9.70686
9.31905
6.23584
11.5049
5.6883
13.3404
11.0161
8.6457
9.51192
8.16091
10.8676
10.2743
5.6007
5.0362
6.18417
6.53014
7.13636
12.3347
5.7866
10.0125
9.64547
7.8361
8.76795
8.31981
6.22781
6.14391
9.49368
5.51204
8.02302
9.8581
5.26644
7.51903
5.84117
5.86038
6.63759
6.88483
6.83842
8.23779
7.83092
4.80367
12.9337
6.13063
7.53366
11.7192
9.90782
9.02663
15.8966
9.82933
9.47549
8.60484
9.4735
6.47211
8.86311
6.82472
7.389
7.75874
12.7948
7.99217
5.75617
8.8872
11.0826
10.7838
9.57494
6.3235
6.49651
6.95273
12.1417
6.92427
8.88651
6.69745
7.22635
4.67089
4.94086
8.39291
8.00181
7.94861
7.36871
7.79617
6.79975
7.06278
6.00463
9.31298
7.85097
8.36771
10.4297
6.83748
7.17893
7.34472
9.34609
4.97798
6.09473
8.61329
8.57164
7.13489
10.316
7.56224
8.40686
9.63179
7.12277
11.1481
9.52187
10.1807
7.02783
6.97207
4.8671
8.90991
9.5548
9.56912
8.22384
7.16389
7.19339
8.9807
9.2325
8.99825
9.15441
7.69351
8.05756
10.0241
9.47538
11.1575
9.50896
8.75151
8.74255
6.36946
8.81863
9.1985
7.98011
7.7721
10.5226
10.2107
12.8022
7.60853
6.98925
4.49339
5.87941
9.26101
4.35991
9.07899
8.21375
4.56958
6.76962
9.07062
8.05257
8.74668
8.94733
5.74172
6.53629
6.53852
10.1752
5.31425
7.26874
7.89321
6.63475
6.2949
7.9896
7.93338
8.29516
7.55654
7.2112
9.29988
11.6762
10.9136
7.42691
8.12053
6.68664
9.13224
9.06168
8.86794
11.8164
10.3321
8.08886
7.41118
5.91894
10.1161
10.5892
10.6393
5.26069
5.54428
6.55694
10.2913
5.67661
7.88219
8.46802
8.81886
9.11189
10.6925
7.23884
10.1953
4.64345
6.28236
6.35617
6.05996
8.16664
8.13991
11.5219
11.1265
6.6714
8.25961
6.94813
6.3485
9.818
9.05415
10.8798
8.10843
9.5083
7.71756
7.93172
7.05199
6.41985
4.89871
8.3926
4.7289
9.30171
7.67253
5.88794
5.73265
10.8241
11.8358
7.79385
9.94231
7.13523
7.30998
12.0061
7.96184
10.4025
10.4133
7.80764
11.8285
11.9159
9.37352
5.46362
8.67333
6.61563
11.1944
6.19582
7.8058
9.80199
9.4237
7.76346
8.96666
7.47072
8.48559
9.22259
7.46639
9.19975
5.97357
8.53567
6.1165
7.23836
6.07054
17.114
7.22178
8.57596
9.63617
12.7137
9.65813
8.42822
8.80089
8.94732
8.98674
8.81545
5.83328
7.88455
9.40516
10.1012
7.5349
7.41839
12.1044
7.7802
11.3518
7.42846
9.65175
7.32069
6.20512
8.46713
6.85027
7.60867
8.41902
9.5301
12.3118
7.166
7.42173
7.92106
8.86523
6.45311
7.04261
8.49865
13.6969
5.91476
6.31981
6.56536
12.025
8.03448
7.89636
7.7754
4.67612
9.5685
8.28267
9.79938
8.24144
10.9704
9.89279
9.92726
11.0319
9.42094
11.0839
10.0474
8.64048
11.856
9.28442
7.04782
5.67958
7.26759
7.00359
8.14043
11.7627
8.19547
9.1585
8.28081
6.79983
8.73774
7.78904
8.17739
5.45219
8.09836
10.6376
7.67526
9.2077
11.2139
6.85284
5.35498
8.07463
5.40785
9.24493
10.3351
8.71026
8.33546
7.66457
8.1258
5.17635
8.41266
7.31164
10.7355
8.73221
7.83879
11.151
9.60032
8.89018
8.42863
7.0805
8.79335
12.6633
6.9804
7.9985
7.22573
7.05166
6.97841
7.11447
8.80907
14.1117
10.4405
7.25356
7.28467
14.1251
7.48659
6.1797
6.66279
10.1206
10.7221
4.39608
11.8525
8.73479
7.44432
10.0079
8.8357
6.43175
7.87392
11.5996
8.20666
7.47219
11.0066
9.33628
8.59792
8.41033
4.81835
10.309
9.93551
6.74197
6.39785
6.83363
7.94767
6.66081
6.47884
10.9514
5.55822
16.0178
10.244
6.10358
7.53915
11.8056
10.4758
8.01379
9.79855
5.98379
11.5697
6.12254
6.69143
6.72617
5.46717
7.5923
6.77381
7.0033
8.24107
5.54696
7.91901
6.53569
5.48624
9.3735
11.3173
7.80448
10.6699
6.96996
8.28966
12.2304
7.89428
6.46785
6.3296
7.8181
6.90544
6.12002
10.0776
5.65518
4.05331
6.42435
7.00565
9.17501
12.0442
6.02264
7.40072
8.09254
10.325
7.97116
7.28672
6.73249
8.04913
8.04727
9.53453
6.13288
8.57879
7.45024
6.80359
5.84104
6.87749
7.8103
9.4624
6.79501
9.44652
10.5104
6.327
6.69649
8.25479
7.41573
7.04633
11.3785
11.0869
9.75653
12.3709
6.7527
10.3243
8.88902
7.96944
7.51407
7.62021
8.36181
6.10683
6.33188
8.75906
6.21845
10.4005
7.60844
8.01556
7.52226
7.14674
7.81168
7.83108
12.0341
8.00518
5.86661
11.6764
9.95253
9.20928
4.38991
12.1862
6.59308
4.46248
13.0475
8.18176
17.9674
8.9512
6.17363
7.33696
13.3883
8.09973
10.3202
13.0776
7.17172
7.9312
7.65729
12.854
8.33219
5.66686
5.8498
15.9161
5.93571
8.81069
8.5669
11.709
8.42112
12.7747
9.86666
6.67694
7.00415
8.22064
11.5874
9.07088
9.74582
5.71326
6.76674
8.40092
9.08775
7.83161
7.89034
7.93358
8.20131
8.6306
8.49523
9.32467
7.17534
9.32257
10.5108
10.519
6.91937
6.52543
8.26358
7.69662
8.85603
5.57692
10.8635
9.64633
8.3392
8.3951
6.62015
10.5228
11.0197
9.82186
10.8323
6.84414
7.54384
9.52409
5.29436
6.81022
9.09601
10.4603
11.3745
9.1964
7.80963
4.86851
10.595
8.88345
7.10085
10.4164
7.62972
5.9096
8.90364
6.95212
13.3688
8.78431
7.86968
7.20418
6.38028
7.50021
8.51206
12.0162
10.6526
10.5013
5.02187
8.54537
7.87041
9.8641
7.74631
7.14247
7.63549
6.34846
9.47692
8.48413
12.4932
7.70337
8.20546
7.62421
9.76044
7.91594
7.58517
6.13849
8.66945
8.2119
11.6283
8.9734
8.89092
9.96972
14.4434
8.8831
7.99594
7.2244
9.40348
6.21245
7.91514
9.20824
8.4127
9.51423
7.27789
4.77026
8.00634
12.5903
12.51
7.48218
10.5589
6.93756
7.46197
4.81791
7.3431
6.53076
7.25724
12.2439
8.25049
8.8682
7.16565
5.77251
11.2941
14.3323
12.3978
8.43331
8.283
10.8068
7.06222
8.8325
8.56054
8.62597
8.57589
7.20178
6.90174
8.61133
6.31231
8.66429
7.27045
7.00483
9.67009
9.53739
8.83417
7.44958
4.28987
5.53164
4.31451
5.00405
9.12812
7.31341
7.44238
11.0974
6.9492
7.42099
6.41123
11.1797
9.22095
8.66587
6.61968
7.48034
6.542
9.28504
8.99658
11.3095
10.7931
8.35132
5.46459
7.8552
9.79397
9.89538
5.98998
5.89495
12.3174
10.145
12.3816
5.91626
9.2927
7.22182
6.52804
9.99859
10.2323
6.51655
9.63434
11.8051
8.10993
5.54076
6.55145
8.34507
5.73004
9.07521
8.69196
10.2972
7.0626
8.46031
16.556
8.08695
7.73866
7.95618
7.8128
12.7525
7.44464
8.89622
6.68827
10.7819
10.0636
13.7063
8.05502
10.137
10.8981
5.39774
8.06339
5.36217
5.22501
9.68701
5.72869
11.9987
4.81443
8.88126
15.056
10.279
8.58022
11.0715
9.41478
6.0437
12.2081
8.43638
9.27603
11.5842
11.8516
11.7165
10.0418
9.74335
5.68988
9.7973
5.82885
6.56511
7.14278
10.0712
7.80431
10.9484
5.05298
8.32893
9.78678
8.48581
6.10859
8.41215
12.7055
7.3878
11.176
6.54151
12.1975
6.7665
11.345
4.77178
9.80678
11.6033
9.74558
10.8033
7.20016
8.15196
7.39682
11.2408
7.65009
6.00837
5.94526
10.5501
9.5527
11.6857
6.15821
13.7305
13.7113
6.0695
6.86641
8.90747
6.2173
7.17173
7.29007
5.82292
14.7362
5.98011
8.89909
9.67816
12.0649
6.84968
11.1723
6.81992
10.872
11.7299
11.2338
5.2946
7.94077
5.27254
6.23622
8.12194
10.9718
6.95613
9.03925
8.16523
7.81052
12.588
7.9766
6.91945
6.35062
9.6388
10.0978
9.22103
5.32821
6.0668
7.24736
9.27267
10.5938
6.80645
8.22349
10.2772
11.6712
8.4277
7.95071
7.74031
5.79637
8.25795
5.98517
8.05537
8.22323
16.9356
7.24271
7.67967
8.77165
7.61694
7.23357
9.74447
6.72975
6.70649
7.29745
10.5904
10.7205
5.76554
6.89503
6.45948
9.83312
8.42783
7.1272
9.96234
9.33252
5.43356
6.37663
7.48442
9.63369
6.77359
7.09118
13.1733
9.07555
8.75049
9.18247
8.15694
6.89989
8.26108
10.2363
7.12756
8.26527
9.3883
6.28497
9.4651
7.76678
9.59023
5.33793
7.50987
7.17107
9.92718
6.35177
8.6988
10.316
7.86335
8.40187
5.91264
8.24362
5.8069
9.0373
8.65241
7.29737
6.92064
6.60471
9.64725
8.40292
5.8404
7.56527
8.97468
7.81455
8.31996
8.35621
9.93762
10.0237
11.658
7.35718
10.1803
9.82386
9.27365
8.99464
8.99456
8.77075
7.24121
11.0757
7.59037
8.2782
10.0272
7.88115
12.945
7.88665
9.81089
7.53367
9.86643
8.90055
7.01917
6.5182
9.75599
7.51965
5.91829
6.95493
7.66497
13.7316
6.53906
6.572
10.7638
9.41264
5.90208
9.869
11.6437
8.68413
6.08793
6.30899
4.85313
8.32678
4.75841
9.92686
13.6621
8.22497
9.06221
6.94322
6.71941
9.58599
8.13696
8.60779
10.3999
6.47991
10.9154
10.1606
12.7599
10.0073
12.0647
5.64592
8.95826
7.88897
8.8664
7.71729
7.95382
8.46795
9.61677
4.74092
10.0855
11.1864
7.24331
7.70824
6.7467
5.38768
9.82872
7.33729
5.93865
8.85369
5.13987
7.4635
6.85896
6.26031
9.79268
6.92143
6.96843
11.9102
10.9834
7.61365
8.89374
6.91883
9.94236
7.1018
9.00284
5.03254
7.03244
8.83628
6.86929
9.73167
5.32129
10.9572
8.92574
6.83649
9.21312
12.0792
8.8441
7.3837
6.61536
10.238
7.47763
9.95214
9.75101
10.1524
8.18708
11.0851
8.66747
10.7624
12.5028
8.01234
7.23549
9.36656
9.84603
7.38879
7.56789
5.3491
7.02776
14.6942
9.29799
6.93365
10.788
8.00804
6.04205
5.55249
8.16457
9.48521
6.92198
5.44472
10.3783
15.8329
10.9122
8.5073
6.2256
9.09089
11.9251
8.87086
7.90565
11.6752
6.82714
11.0751
6.81057
7.32831
9.2993
7.2039
8.3955
8.31898
9.15218
10.442
6.18647
11.0659
8.93171
8.81138
6.78661
7.79269
12.0869
6.94431
10.247
6.20212
8.13887
6.13783
8.12567
8.83833
5.43231
9.87843
8.93322
12.3317
5.61531
8.35282
7.67777
7.48283
11.5406
9.73771
8.7669
7.10253
8.24514
9.06317
6.48083
7.437
7.66588
9.68432
9.01596
5.20643
16.0487
7.56172
12.1347
7.54122
8.18014
4.59357
5.8585
6.85729
8.1653
13.4058
7.24041
10.8294
6.1417
8.79979
9.48077
6.92933
6.84523
9.92928
9.33979
8.40619
6.47216
9.19771
5.64959
8.3533
5.94687
12.0681
7.43156
11.7903
10.3911
6.77066
6.81869
11.3123
7.79866
8.98635
10.9731
7.0925
6.3974
6.12331
6.97648
9.86653
9.83282
7.66306
10.0516
8.18548
7.90417
11.8271
7.83685
6.51
8.60786
6.96528
8.99235
9.64816
7.69743
7.00551
9.9547
11.3787
6.41635
7.93577
9.56446
8.99335
6.11943
7.5094
8.11388
10.4966
9.8525
6.37486
9.89868
6.29343
7.54855
8.73255
8.59837
7.1802
10.2277
7.35771
8.27805
8.48679
8.09774
11.4726
6.46066
6.66263
7.23753
6.70454
7.80033
5.87507
10.8201
7.00307
7.16181
9.75774
9.65422
5.37833
8.60904
8.34424
6.74301
8.97671
8.26378
8.94412
8.20008
11.1675
6.26848
7.56933
8.63704
6.66973
5.47299
7.16245
9.29512
11.1609
8.05195
8.32882
5.93508
8.56737
8.12789
7.96481
11.0252
8.59677
8.38467
7.06367
8.09884
6.61621
6.19378
8.33652
9.91019
8.93274
6.57665
10.1357
8.58151
12.3015
8.84188
7.52454
10.7539
9.84187
6.92065
9.90302
11.1933
5.94778
7.52779
6.59697
10.6787
8.99895
7.28629
6.26816
9.14322
6.04746
11.4468
8.51466
8.2749
11.9844
10.1575
7.3601
9.44742
9.28212
6.20348
7.54088
6.7844
9.31526
11.2544
9.81966
7.49209
11.2206
10.0161
12.1029
11.5582
8.43803
11.1664
7.73958
7.13982
7.80098
8.28444
8.61678
8.99632
4.661
6.91176
11.3571
10.0222
6.82412
12.1137
8.38211
10.426
8.13302
5.71197
10.9861
8.12229
9.57369
7.6629
9.05832
10.2449
9.20492
10.1756
7.47291
7.14546
5.50491
15.1363
13.5139
10.3019
12.1056
6.93486
10.641
6.57287
7.64409
6.78551
9.45249
7.26318
8.91833
8.94546
6.2454
9.273
7.72368
6.98316
8.77252
9.02539
7.58792
6.46453
7.46103
5.97201
7.68156
6.01315
10.5533
7.74075
9.20577
10.0258
6.40248
13.3458
7.17048
6.20895
7.98662
8.4947
6.56567
10.9831
9.25588
4.57009
10.7623
7.96422
9.44364
10.9565
9.24257
7.92902
7.36809
9.55117
5.69859
9.10624
7.27806
14.2933
10.3743
8.71093
8.54345
13.5923
7.35838
11.0075
5.39804
10.0065
6.60665
7.38868
9.67348
6.97768
7.62081
9.77872
13.6652
6.64912
12.8121
9.72637
11.8938
8.63102
7.64527
12.0451
7.38927
8.20166
8.74517
5.64159
7.86378
8.37239
7.51778
7.08143
5.52466
9.67596
10.8513
15.2174
8.09248
9.59417
11.3233
7.23375
6.98474
8.04675
11.1491
13.09
7.03308
7.38023
6.86905
9.34651
7.83859
14.1521
7.08672
7.37985
8.30615
9.54081
9.29527
9.24315
7.2627
7.4377
6.00212
9.31151
9.73286
9.69536
8.39883
8.19561
6.37617
10.5067
7.49931
6.80221
8.72472
8.10902
9.82556
8.62084
8.78085
12.5854
9.38262
7.53418
7.0705
11.9909
13.1488
10.5359
8.42379
8.82248
8.94866
6.41011
8.36753
9.91888
8.76308
6.71757
7.80199
7.16532
7.24878
7.85398
7.35936
10.6638
8.44866
6.37309
4.88355
9.40854
6.36606
9.07753
9.22416
7.24689
10.3189
8.21903
