3.50207
3.85282
3.97278
3.81302
4.12151
3.42871
3.73117
3.78458
3.58734
3.76314
3.41034
3.81725
3.86734
3.7258
3.49044
3.81709
3.84526
3.51352
3.70431
3.82238
3.55525
3.62315
3.93398
3.57326
3.61725
3.82739
3.91613
3.38842
3.5392
3.46105
3.78253
4.01003
3.49426
3.61727
3.94714
3.5818
3.65329
3.93522
3.67526
4.0296
3.95353
3.99571
3.50484
3.4961
4.03029
3.69068
3.71798
4.10371
3.81986
3.81097
3.81865
3.90102
3.91433
3.4834
3.4704
3.59256
4.04253
3.66132
3.98254
3.71198
3.83086
3.82447
3.6623
3.57169
4.06435
3.73665
3.70835
3.99575
4.03914
3.98009
3.60607
3.60861
4.03145
3.80466
3.48823
3.34301
3.87151
3.75546
3.4164
3.53043
3.88362
3.76509
3.72994
3.70412
3.56836
3.55119
3.9297
3.92223
3.40395
4.10339
3.36668
4.06186
3.9128
3.62104
3.3644
3.84278
3.52958
3.83556
3.36476
3.42851
3.87082
3.76732
3.47495
3.59484
3.70175
3.91718
3.90219
3.78203
3.52608
4.05482
3.73529
3.99075
3.60075
3.76522
3.4994
3.6591
3.667
3.51564
3.69732
3.85089
3.99751
3.48863
3.7249
3.46541
3.66496
3.69237
3.57469
3.98663
3.55444
3.36138
3.92299
3.848
3.82547
3.45356
4.00501
3.7113
3.81878
3.90492
3.91205
4.18527
3.469
3.52044
3.69625
3.78186
3.51529
3.80309
3.57317
4.0381
3.97755
4.10768
3.65443
3.64928
3.85602
3.82767
3.90086
3.70643
3.6256
3.93383
3.85658
3.18049
3.40596
3.69608
3.84417
3.87145
3.60216
3.67157
3.52916
3.67374
3.54626
3.80343
3.60016
3.66602
4.05752
4.24549
3.55243
3.60227
3.87661
3.81519
3.94357
3.70037
3.72469
3.98129
4.0024
3.71714
4.05532
3.74511
4.0598
3.71132
3.85011
3.5576
3.83329
3.65037
3.66919
4.03587
3.66528
3.94605
3.02815
3.582
3.95307
4.25501
3.78938
3.96379
3.91711
4.16051
3.66197
3.77443
3.8538
3.33334
3.5879
4.10538
3.68186
3.74953
4.16413
3.75196
3.68626
3.58767
3.86295
3.84534
3.46739
3.57026
3.52884
3.7015
3.83702
4.07833
3.62875
4.10352
3.73621
3.50858
3.99319
3.71542
3.97709
3.69284
3.88879
3.99106
3.94025
3.39511
3.71453
3.84315
4.09729
3.37658
3.57048
3.54753
3.97426
3.84541
3.52685
3.82313
3.53553
3.72697
3.64898
4.09183
3.86609
3.52272
4.14485
3.48214
3.71865
3.44816
3.49827
3.7165
3.89098
3.89641
3.54682
3.49601
3.81308
3.78652
3.79857
4.18684
3.70391
4.01706
3.73652
4.14086
3.71048
3.86857
3.88221
3.64961
3.87679
3.78013
3.62153
3.90518
3.99865
3.8455
3.67327
3.33895
4.11937
3.79214
3.59147
4.06609
3.94668
3.2897
3.56831
3.60761
3.56948
3.7691
3.35103
3.7226
3.75667
3.40576
3.59598
3.58429
3.7658
3.79859
3.73438
3.27197
3.72914
4.18368
3.66363
3.90801
3.91267
3.38304
3.50017
3.96799
3.61959
3.59485
3.63335
3.55913
3.66722
4.05145
3.98382
3.60493
4.07924
3.45617
3.55079
3.88353
3.81136
3.89427
3.75254
3.90638
3.87187
3.78478
3.78674
4.02407
3.51534
3.92533
4.12046
3.80668
3.8909
3.56426
3.96226
3.66723
4.24553
3.68588
3.48335
3.6756
3.51772
3.90988
3.57606
3.73451
3.55649
3.74845
3.52444
4.05223
3.61004
3.7439
3.76459
3.61241
3.59413
3.52688
3.58772
3.7695
3.79227
3.40611
3.84429
3.38509
3.66836
3.79905
3.73042
3.43496
4.01929
4.02807
3.85671
3.56682
3.44645
3.85553
3.6717
4.07276
3.53489
3.74354
3.82585
3.86783
3.92493
3.5517
3.73229
3.55613
3.80772
3.38461
3.96314
3.82655
3.64927
3.9041
3.61268
3.73509
3.72742
3.96927
3.69187
3.80664
4.00409
3.44808
3.77339
3.81838
4.09071
3.99972
3.76614
3.38685
3.89927
3.85598
4.04658
3.68141
3.81013
3.75102
3.54873
3.62504
3.70085
4.04166
3.87675
3.56426
3.7699
3.79569
3.97526
3.8725
3.74888
3.47565
3.55832
3.93112
3.87831
3.53374
3.67749
3.66561
4.00431
3.93221
3.79998
4.27504
3.63805
3.63353
3.81373
3.62006
3.74132
3.71553
3.77978
3.92005
3.6897
3.69573
3.96705
3.77787
3.48446
3.87957
3.28351
3.66555
3.83052
3.82031
3.75162
3.36527
3.8959
3.62544
3.55186
3.67127
3.90885
3.91441
4.01595
3.64131
3.63616
3.45667
3.55078
4.07328
3.92467
3.58848
3.79278
3.74717
3.85152
3.64287
3.67978
3.80678
4.04481
3.8812
3.74574
3.90013
3.90828
3.95438
3.47735
3.25255
3.72972
3.84032
3.5888
3.79118
3.84501
3.54135
3.95541
3.97041
3.71771
3.60373
4.05997
3.57864
3.73958
3.83804
3.93531
4.04568
3.68784
3.68586
3.7489
3.80959
3.95681
3.56106
3.50207
3.85282
3.97278
3.81302
4.12151
3.42871
3.73117
3.78458
3.58734
3.76314
3.41034
3.81725
3.86734
3.7258
3.49044
3.81709
3.84526
3.51352
3.70431
3.82238
3.55525
3.62315
3.93398
3.57326
3.61725
3.82739
3.91613
3.38842
3.5392
3.46105
3.78253
4.01003
3.49426
3.61727
3.94714
3.5818
3.65329
3.93522
3.67526
4.0296
3.95353
3.99571
3.50484
3.4961
4.03029
3.69068
3.71798
4.10371
3.81986
3.81097
3.81865
3.90102
3.91433
3.4834
3.4704
3.59256
4.04253
3.66132
3.98254
3.71198
3.83086
3.82447
3.6623
3.57169
4.06435
3.73665
3.70835
3.99575
4.03914
3.98009
3.60607
3.60861
4.03145
3.80466
3.48823
3.34301
3.87151
3.75546
3.4164
3.53043
3.88362
3.76509
3.72994
3.70412
3.56836
3.55119
3.9297
3.92223
3.40395
4.10339
3.36668
4.06186
3.9128
3.62104
3.3644
3.84278
3.52958
3.83556
3.36476
3.42851
3.87082
3.76732
3.47495
3.59484
3.70175
3.91718
3.90219
3.78203
3.52608
4.05482
3.73529
3.99075
3.60075
3.76522
3.4994
3.6591
3.667
3.51564
3.69732
3.85089
3.99751
3.48863
3.7249
3.46541
3.66496
3.69237
3.57469
3.98663
3.55444
3.36138
3.92299
3.848
3.82547
3.45356
4.00501
3.7113
3.81878
3.90492
3.91205
4.18527
3.469
3.52044
3.69625
3.78186
3.51529
3.80309
3.57317
4.0381
3.97755
4.10768
3.65443
3.64928
3.85602
3.82767
3.90086
3.70643
3.6256
3.93383
3.85658
3.18049
3.40596
3.69608
3.84417
3.87145
3.60216
3.67157
3.52916
3.67374
3.54626
3.80343
3.60016
3.66602
4.05752
4.24549
3.55243
3.60227
3.87661
3.81519
3.94357
3.70037
3.72469
3.98129
4.0024
3.71714
4.05532
3.74511
4.0598
3.71132
3.85011
3.5576
3.83329
3.65037
3.66919
4.03587
3.66528
3.94605
3.02815
3.582
3.95307
4.25501
3.78938
3.96379
3.91711
4.16051
3.66197
3.77443
3.8538
3.33334
3.5879
4.10538
3.68186
3.74953
4.16413
3.75196
3.68626
3.58767
3.86295
3.84534
3.46739
3.57026
3.52884
3.7015
3.83702
4.07833
3.62875
4.10352
3.73621
3.50858
3.99319
3.71542
3.97709
3.69284
3.88879
3.99106
3.94025
3.39511
3.71453
3.84315
4.09729
3.37658
3.57048
3.54753
3.97426
3.84541
3.52685
3.82313
3.53553
3.72697
3.64898
4.09183
3.86609
3.52272
4.14485
3.48214
3.71865
3.44816
3.49827
3.7165
3.89098
3.89641
3.54682
3.49601
3.81308
3.78652
3.79857
4.18684
3.70391
4.01706
3.73652
4.14086
3.71048
3.86857
3.88221
3.64961
3.87679
3.78013
3.62153
3.90518
3.99865
3.8455
3.67327
3.33895
4.11937
3.79214
3.59147
4.06609
3.94668
3.2897
3.56831
3.60761
3.56948
3.7691
3.35103
3.7226
3.75667
3.40576
3.59598
3.58429
3.7658
3.79859
3.73438
3.27197
3.72914
4.18368
3.66363
3.90801
3.91267
3.38304
3.50017
3.96799
3.61959
3.59485
3.63335
3.55913
3.66722
4.05145
3.98382
3.60493
4.07924
3.45617
3.55079
3.88353
3.81136
3.89427
3.75254
3.90638
3.87187
3.78478
3.78674
4.02407
3.51534
3.92533
4.12046
3.80668
3.8909
3.56426
3.96226
3.66723
4.24553
3.68588
3.48335
3.6756
3.51772
3.90988
3.57606
3.73451
3.55649
3.74845
3.52444
4.05223
3.61004
3.7439
3.76459
3.61241
3.59413
3.52688
3.58772
3.7695
3.79227
3.40611
3.84429
3.38509
3.66836
3.79905
3.73042
3.43496
4.01929
4.02807
3.85671
3.56682
3.44645
3.85553
3.6717
4.07276
3.53489
3.74354
3.82585
3.86783
3.92493
3.5517
3.73229
3.55613
3.80772
3.38461
3.96314
3.82655
3.64927
3.9041
3.61268
3.73509
3.72742
3.96927
3.69187
3.80664
4.00409
3.44808
3.77339
3.81838
4.09071
3.99972
3.76614
3.38685
3.89927
3.85598
4.04658
3.68141
3.81013
3.75102
3.54873
3.62504
3.70085
4.04166
3.87675
3.56426
3.7699
3.79569
3.97526
3.8725
3.74888
3.47565
3.55832
3.93112
3.87831
3.53374
3.67749
3.66561
4.00431
3.93221
3.79998
4.27504
3.63805
3.63353
3.81373
3.62006
3.74132
3.71553
3.77978
3.92005
3.6897
3.69573
3.96705
3.77787
3.48446
3.87957
3.28351
3.66555
3.83052
3.82031
3.75162
3.36527
3.8959
3.62544
3.55186
3.67127
3.90885
3.91441
4.01595
3.64131
3.63616
3.45667
3.55078
4.07328
3.92467
3.58848
3.79278
3.74717
3.85152
3.64287
3.67978
3.80678
4.04481
3.8812
3.74574
3.90013
3.90828
3.95438
3.47735
3.25255
3.72972
3.84032
3.5888
3.79118
3.84501
3.54135
3.95541
3.97041
3.71771
3.60373
4.05997
3.57864
3.73958
3.83804
3.93531
4.04568
3.68784
3.68586
3.7489
3.80959
3.95681
3.56106
