0.0142688
0.014634
0.0134701
0.0200116
0.016663
0.0153006
0.0141541
0.0149875
0.0147664
0.0137753
0.0155471
0.0162924
0.0148873
0.0148542
0.0137581
0.0140415
0.0160671
0.014984
0.0140506
0.0133375
0.0126081
0.0176058
0.0134073
0.0197716
0.0193841
0.0116444
0.0164045
0.0153151
0.0197988
0.0129736
0.0148018
0.0157465
0.0156259
0.0164746
0.0155085
0.0136116
0.0151132
0.0137554
0.0160283
0.0166054
0.0183048
0.0124275
0.017479
0.0140082
0.016678
0.019399
0.0193862
0.0147291
0.0136007
0.0139156
0.017121
0.0147479
0.0136039
0.017959
0.014417
0.0161915
0.0129615
0.0179732
0.0155516
0.0180659
0.0133347
0.017367
0.0101159
0.0152625
0.0169339
0.0138578
0.0153003
0.01401
0.0144502
0.0144544
0.0152051
0.0150999
0.0167694
0.0142536
0.0142247
0.017279
0.0152292
0.01621
0.0151998
0.00968621
0.0157366
0.0137562
0.0150521
0.0112129
0.0192569
0.0169412
0.0147659
0.0124876
0.0161791
0.0157148
0.0181515
0.0151642
0.0170695
0.0172437
0.0143863
0.0142138
0.0180742
0.0149877
0.0136409
0.0133888
0.0161967
0.0182908
0.0162717
0.0145385
0.0153186
0.0132675
0.0130809
0.0172138
0.0137279
0.0155149
0.0132373
0.0193
0.0139102
0.0182249
0.0184698
0.0145306
0.0147112
0.014775
0.0169715
0.0162844
0.0153947
0.0170428
0.0208687
0.0164835
0.0171855
0.0182267
0.0162564
0.0142705
0.0145411
0.0135148
0.0131416
0.0172762
0.0175484
0.0124501
0.0156339
0.0109561
0.0126603
0.0194487
0.0154588
0.0163257
0.0180393
0.018319
0.0130876
0.0163411
0.0143046
0.0172111
0.0172875
0.0146159
0.0138649
0.0148468
0.0177022
0.0153161
0.0173184
0.0155152
0.0150081
0.0181903
0.0184611
0.0118943
0.013948
0.0142806
0.0145427
0.0157524
0.0137697
0.0128622
0.0181027
0.0165278
0.0150481
0.0123777
0.0147069
0.0135391
0.0146113
0.0128991
0.0172187
0.0184085
0.0159627
0.0139411
0.0143287
0.0136871
0.0151175
0.0125278
0.0157973
0.0166982
0.0143657
0.0126557
0.0183541
0.0180525
0.015376
0.0165068
0.0155752
0.0173121
0.0164133
0.0138043
0.0133682
0.012315
0.0124791
0.0159424
0.0156677
0.0174929
0.0181219
0.0153478
0.013787
0.0199946
0.018296
0.0164217
0.0166142
0.0148243
0.0143829
0.0142178
0.0160241
0.0180433
0.0159142
0.0139147
0.0176228
0.0163726
0.0168605
0.0130617
0.0176716
0.0121245
0.0130066
0.0157873
0.0143455
0.0137068
0.0152448
0.014734
0.0148266
0.0148346
0.0156886
0.0152987
0.0180022
0.014745
0.0163714
0.014509
0.0164079
0.0143344
0.0147791
0.0154772
0.0139529
0.0163117
0.0186502
0.0168242
0.0132676
0.016197
0.0132981
0.0150194
0.0161519
0.0152745
0.0154025
0.0172119
0.0150473
0.0147474
0.0188751
0.0146054
0.0222978
0.0186245
0.0142255
0.0138736
0.0126794
0.0138414
0.0148179
0.0180593
0.0146148
0.0149274
0.0145383
0.0150342
0.0145554
0.016765
0.0146166
0.0209068
0.0167997
0.0158222
0.0168609
0.0158047
0.0148035
0.0161951
0.0117679
0.0169776
0.0188495
0.0158679
0.0136482
0.0146151
0.0153128
0.0140294
0.015534
0.018443
0.0140959
0.0150394
0.0149962
0.0137542
0.0154586
0.0172768
0.0183977
0.016273
0.0173147
0.0150285
0.0145478
0.0168881
0.0156411
0.0143089
0.0156756
0.0156378
0.0201873
0.0169521
0.0133791
0.014325
0.0140714
0.0159032
0.0170424
0.0151676
0.0135197
0.0145231
0.0159085
0.016593
0.0138015
0.0152079
0.0215353
0.0144355
0.013139
0.0133986
0.0135948
0.0144812
0.0161469
0.0124792
0.0165234
0.0117306
0.0190098
0.0178024
0.015558
0.0143362
0.0148395
0.0129851
0.0156368
0.0154605
0.0179426
0.0151886
0.0119883
0.0179678
0.0190252
0.0149345
0.0138562
0.0153924
0.0113351
0.014442
0.0133367
0.0176268
0.017055
0.0150823
0.0143406
0.0162356
0.0128281
0.0142581
0.0135849
0.0146997
0.0132147
0.01529
0.0153255
0.0182094
0.0139301
0.0152215
0.0143315
0.0138316
0.0150521
0.0136135
0.0151915
0.0127515
0.0134785
0.0167517
0.0140683
0.0153072
0.0127657
0.0183701
0.0161496
0.0142512
0.0155132
0.0134042
0.0124862
0.0205657
0.0174735
0.01716
0.0144477
0.0170461
0.015155
0.0173307
0.0164296
0.0129693
0.0130647
0.015027
0.0169091
0.0136099
0.0134311
0.0146655
0.0158046
0.0138815
0.0151886
0.0128368
0.0140553
0.0158149
0.0162811
0.0155751
0.0177281
0.0162844
0.0167356
0.0175848
0.0142753
0.0156826
0.0133502
0.0194171
0.0128013
0.0185399
0.0185434
0.0158041
0.0151768
0.0164251
0.0198534
0.0120022
0.0196664
0.0178178
0.0153545
0.0139361
0.0192669
0.0182096
0.0157641
0.0147919
0.0172347
0.0154555
0.0140261
0.0186411
0.0165301
0.0172957
0.0134716
0.0144337
0.0200289
0.0141984
0.0128523
0.0175519
0.0152716
0.0140251
0.0118597
0.0188471
0.0165659
0.0142334
0.0153088
0.0152398
0.0189217
0.0177562
0.0158029
0.0174618
0.0139974
0.0139087
0.0146246
0.0157719
0.0145857
0.0194041
0.0159806
0.0177066
0.0153541
0.0140995
0.0157055
0.0139428
0.0136841
0.0145611
0.0146263
0.0140857
0.0170986
0.01201
0.0166689
0.013479
0.0134212
0.0152793
0.0155932
0.0174489
0.0185022
0.0175276
0.0123241
0.0155114
0.015758
0.0117244
0.0142835
0.0156717
0.0161193
0.0154248
0.0127467
0.0141185
0.017322
0.0130612
0.0122113
0.0167336
0.016128
0.0135722
0.0154293
0.0164888
0.0178946
0.0137314
0.020271
0.0161535
0.0140058
0.0160826
0.0154828
0.0137095
0.0135508
0.0122362
0.0157802
0.0173627
0.0118499
0.0129646
0.0188127
0.0188308
0.0160073
0.0150168
0.0139589
0.0170935
0.017988
0.0149143
0.0169912
0.0144054
0.0143321
0.0134323
0.0143904
0.0149084
0.0134012
0.0163415
0.0138905
0.0167972
0.0139554
0.0178256
0.0177743
0.0169782
0.0124654
0.0121528
0.0170427
0.0140376
0.0112852
0.0175845
0.0153767
0.0130181
0.0193093
0.0174945
0.0191397
0.0179197
0.0149415
0.0120003
0.0113868
0.0124976
0.018363
0.0165046
0.0181773
0.0160276
0.0152499
0.0181819
0.0163801
0.0143976
0.0144219
0.0148071
0.0116597
0.0139801
0.0153504
0.0164299
0.0159206
0.0132884
0.0116361
0.0130312
0.0184231
0.0141307
0.0154804
0.0163989
0.0137523
0.0131442
0.014952
0.0134801
0.0150027
0.0160978
0.0164358
0.0146733
0.0180459
0.0144254
0.014116
0.0151385
0.0165117
0.0138159
0.0138145
0.0135346
0.0158632
0.0153105
0.0137875
0.0164264
0.0170457
0.0156458
0.0145801
0.0147778
0.0145002
0.0136385
0.0139409
0.0154918
0.0159378
0.0156695
0.0163922
0.016619
0.0176106
0.0123933
0.0136647
0.0123047
0.0142688
0.014407
0.0159855
0.016513
0.0149808
0.0146948
0.0140024
0.0115924
0.0167889
0.0168993
0.0149914
0.0219374
0.015168
0.0133143
0.0167239
0.0168106
0.0150369
0.0139536
0.0176406
0.0120815
0.0171581
0.0140713
0.0141799
0.0165406
0.0150326
0.0189885
0.0181525
0.0122532
0.0154241
0.0139207
0.0121144
0.0164808
0.0154573
0.0123728
0.0139792
0.0156372
0.0173197
0.0137079
0.0164385
0.0172309
0.0119962
0.0169162
0.0156341
0.0169515
0.0168015
0.0180935
0.0188621
0.0146018
0.0167546
0.0183136
0.0183965
0.0162336
0.0218062
0.0170907
0.0156903
0.0169376
0.0165467
0.0135562
0.0135051
0.0132464
0.0142761
0.0138764
0.0160643
0.0166521
0.0186524
0.0187626
0.0160306
0.0139303
0.0150575
0.0166634
0.0146309
0.012842
0.0138606
0.0154137
0.0128215
0.0135069
0.0150203
0.0155964
0.0149769
0.0143145
0.0134271
0.0169777
0.0157908
0.0156706
0.0142366
0.0132942
0.0174751
0.0162236
0.0137768
0.0141856
0.0150569
0.0171121
0.0162043
0.0180529
0.0141819
0.016939
0.0155489
0.0114985
0.0148701
0.015279
0.0169741
0.0158809
0.014436
0.0167152
0.018454
0.0154452
0.0146107
0.0142862
0.0157121
0.0155121
0.015957
0.0163021
0.0127776
0.0153787
0.018568
0.015999
0.0143382
0.0141225
0.0173282
0.016807
0.0173875
0.0160937
0.0168831
0.013805
0.0135209
0.0145986
0.0129179
0.0138465
0.0186237
0.0180627
0.0153956
0.0136814
0.0136441
0.0147771
0.0127674
0.0150124
0.0150509
0.0157513
0.0143565
0.0148013
0.0171654
0.0129934
0.0126282
0.0167502
0.0129126
0.013371
0.0174504
0.0132946
0.0150829
0.016772
0.0153147
0.0144109
0.0126398
0.0169372
0.0143037
0.0117992
0.0140807
0.015406
0.0130217
0.0169206
0.0143469
0.0113143
0.0112831
0.0142087
0.0156179
0.0147422
0.0149239
0.0137111
0.0187172
0.0178652
0.0170002
0.0128173
0.0164588
0.0131368
0.0168276
0.0167739
0.0152985
0.0132754
0.0157163
0.0139773
0.0204477
0.0140937
0.0146777
0.0121765
0.0179073
0.0154895
0.0138833
0.0133895
0.0150938
0.0122626
0.0152627
0.0155565
0.00985834
0.0180318
0.0153121
0.0133966
0.0135493
0.0148105
0.0166422
0.0142541
0.0173671
0.0113963
0.0148595
0.0147825
0.0152558
0.0166965
0.0165333
0.0135799
0.0157234
0.0151907
0.0140556
0.0179672
0.0135213
0.01842
0.0172278
0.0168486
0.0142473
0.0137519
0.0133923
0.0155954
0.0143207
0.0156682
0.0143737
0.0190514
0.0167592
0.0152205
0.0148607
0.0151508
0.0157841
0.0159404
0.0155288
0.0150514
0.0187864
0.0171712
0.0117393
0.0118059
0.0162075
0.0176495
0.0173434
0.0151427
0.0146809
0.0160212
0.0168354
0.016196
0.0177538
0.0137197
0.0130911
0.0168031
0.013253
0.0137375
0.0166013
0.0149158
0.0156416
0.0131325
0.0150979
0.0191098
0.0157621
0.012857
0.0145028
0.0147454
0.0157818
0.0172735
0.0170472
0.017255
0.0143499
0.0171922
0.0129471
0.0149747
0.0170978
0.0123445
0.015428
0.0152843
0.015002
0.0134396
0.00992329
0.0166618
0.0151611
0.0150452
0.0142699
0.0123349
0.0140558
0.0154207
0.0155085
0.014387
0.0160403
0.0166485
0.0129643
0.0127518
0.0140375
0.0170704
0.0153866
0.0160483
0.0140682
0.0162397
0.0126453
0.0147029
0.0134066
0.0131114
0.0127327
0.0130215
0.0173456
0.015937
0.0136212
0.0139811
0.0137883
0.0151536
0.0178642
0.0151501
0.0172548
0.0157008
0.0139507
0.0128878
0.0164015
0.015121
0.0168511
0.0126991
0.0173251
0.0158488
0.0138168
0.013246
0.0168848
0.0133728
0.0151351
0.0177649
0.0142866
0.0127016
0.0147566
0.0117957
0.0155207
0.0150713
0.0152889
0.0175255
0.0179105
0.0147101
0.0155506
0.0154015
0.0132907
0.014206
0.0170424
0.0182051
0.0158856
0.0147136
0.0162212
0.0129075
0.0147604
0.0108747
0.017288
0.0190233
0.0150163
0.0165118
0.0149403
0.0176393
0.0189349
0.0163152
0.0149871
0.0122202
0.0129199
0.0159191
0.015711
0.0121402
0.0171693
0.0127428
0.0189291
0.0140782
0.0163129
0.0144342
0.0146836
0.0135446
0.0145858
0.0174312
0.0167581
0.014736
0.0153993
0.0186979
0.0162492
0.012197
0.0182052
0.0154956
0.0165369
0.017178
0.0156601
0.0173257
0.0169488
0.0178707
0.0165134
0.0159216
0.0164069
0.0158413
0.0145142
0.0157244
0.0152487
0.0146622
0.0154883
0.0147146
0.0165428
0.010965
0.017109
0.0159345
0.0126125
0.0126027
0.0142688
0.014634
0.0134701
0.0200116
0.016663
0.0153006
0.0141541
0.0149875
0.0147664
0.0137753
0.0155471
0.0162924
0.0148873
0.0148542
0.0137581
0.0140415
0.0160671
0.014984
0.0140506
0.0133375
0.0126081
0.0176058
0.0134073
0.0197716
0.0193841
0.0116444
0.0164045
0.0153151
0.0197988
0.0129736
0.0148018
0.0157465
0.0156259
0.0164746
0.0155085
0.0136116
0.0151132
0.0137554
0.0160283
0.0166054
0.0183048
0.0124275
0.017479
0.0140082
0.016678
0.019399
0.0193862
0.0147291
0.0136007
0.0139156
0.017121
0.0147479
0.0136039
0.017959
0.014417
0.0161915
0.0129615
0.0179732
0.0155516
0.0180659
0.0133347
0.017367
0.0101159
0.0152625
0.0169339
0.0138578
0.0153003
0.01401
0.0144502
0.0144544
0.0152051
0.0150999
0.0167694
0.0142536
0.0142247
0.017279
0.0152292
0.01621
0.0151998
0.00968621
0.0157366
0.0137562
0.0150521
0.0112129
0.0192569
0.0169412
0.0147659
0.0124876
0.0161791
0.0157148
0.0181515
0.0151642
0.0170695
0.0172437
0.0143863
0.0142138
0.0180742
0.0149877
0.0136409
0.0133888
0.0161967
0.0182908
0.0162717
0.0145385
0.0153186
0.0132675
0.0130809
0.0172138
0.0137279
0.0155149
0.0132373
0.0193
0.0139102
0.0182249
0.0184698
0.0145306
0.0147112
0.014775
0.0169715
0.0162844
0.0153947
0.0170428
0.0208687
0.0164835
0.0171855
0.0182267
0.0162564
0.0142705
0.0145411
0.0135148
0.0131416
0.0172762
0.0175484
0.0124501
0.0156339
0.0109561
0.0126603
0.0194487
0.0154588
0.0163257
0.0180393
0.018319
0.0130876
0.0163411
0.0143046
0.0172111
0.0172875
0.0146159
0.0138649
0.0148468
0.0177022
0.0153161
0.0173184
0.0155152
0.0150081
0.0181903
0.0184611
0.0118943
0.013948
0.0142806
0.0145427
0.0157524
0.0137697
0.0128622
0.0181027
0.0165278
0.0150481
0.0123777
0.0147069
0.0135391
0.0146113
0.0128991
0.0172187
0.0184085
0.0159627
0.0139411
0.0143287
0.0136871
0.0151175
0.0125278
0.0157973
0.0166982
0.0143657
0.0126557
0.0183541
0.0180525
0.015376
0.0165068
0.0155752
0.0173121
0.0164133
0.0138043
0.0133682
0.012315
0.0124791
0.0159424
0.0156677
0.0174929
0.0181219
0.0153478
0.013787
0.0199946
0.018296
0.0164217
0.0166142
0.0148243
0.0143829
0.0142178
0.0160241
0.0180433
0.0159142
0.0139147
0.0176228
0.0163726
0.0168605
0.0130617
0.0176716
0.0121245
0.0130066
0.0157873
0.0143455
0.0137068
0.0152448
0.014734
0.0148266
0.0148346
0.0156886
0.0152987
0.0180022
0.014745
0.0163714
0.014509
0.0164079
0.0143344
0.0147791
0.0154772
0.0139529
0.0163117
0.0186502
0.0168242
0.0132676
0.016197
0.0132981
0.0150194
0.0161519
0.0152745
0.0154025
0.0172119
0.0150473
0.0147474
0.0188751
0.0146054
0.0222978
0.0186245
0.0142255
0.0138736
0.0126794
0.0138414
0.0148179
0.0180593
0.0146148
0.0149274
0.0145383
0.0150342
0.0145554
0.016765
0.0146166
0.0209068
0.0167997
0.0158222
0.0168609
0.0158047
0.0148035
0.0161951
0.0117679
0.0169776
0.0188495
0.0158679
0.0136482
0.0146151
0.0153128
0.0140294
0.015534
0.018443
0.0140959
0.0150394
0.0149962
0.0137542
0.0154586
0.0172768
0.0183977
0.016273
0.0173147
0.0150285
0.0145478
0.0168881
0.0156411
0.0143089
0.0156756
0.0156378
0.0201873
0.0169521
0.0133791
0.014325
0.0140714
0.0159032
0.0170424
0.0151676
0.0135197
0.0145231
0.0159085
0.016593
0.0138015
0.0152079
0.0215353
0.0144355
0.013139
0.0133986
0.0135948
0.0144812
0.0161469
0.0124792
0.0165234
0.0117306
0.0190098
0.0178024
0.015558
0.0143362
0.0148395
0.0129851
0.0156368
0.0154605
0.0179426
0.0151886
0.0119883
0.0179678
0.0190252
0.0149345
0.0138562
0.0153924
0.0113351
0.014442
0.0133367
0.0176268
0.017055
0.0150823
0.0143406
0.0162356
0.0128281
0.0142581
0.0135849
0.0146997
0.0132147
0.01529
0.0153255
0.0182094
0.0139301
0.0152215
0.0143315
0.0138316
0.0150521
0.0136135
0.0151915
0.0127515
0.0134785
0.0167517
0.0140683
0.0153072
0.0127657
0.0183701
0.0161496
0.0142512
0.0155132
0.0134042
0.0124862
0.0205657
0.0174735
0.01716
0.0144477
0.0170461
0.015155
0.0173307
0.0164296
0.0129693
0.0130647
0.015027
0.0169091
0.0136099
0.0134311
0.0146655
0.0158046
0.0138815
0.0151886
0.0128368
0.0140553
0.0158149
0.0162811
0.0155751
0.0177281
0.0162844
0.0167356
0.0175848
0.0142753
0.0156826
0.0133502
0.0194171
0.0128013
0.0185399
0.0185434
0.0158041
0.0151768
0.0164251
0.0198534
0.0120022
0.0196664
0.0178178
0.0153545
0.0139361
0.0192669
0.0182096
0.0157641
0.0147919
0.0172347
0.0154555
0.0140261
0.0186411
0.0165301
0.0172957
0.0134716
0.0144337
0.0200289
0.0141984
0.0128523
0.0175519
0.0152716
0.0140251
0.0118597
0.0188471
0.0165659
0.0142334
0.0153088
0.0152398
0.0189217
0.0177562
0.0158029
0.0174618
0.0139974
0.0139087
0.0146246
0.0157719
0.0145857
0.0194041
0.0159806
0.0177066
0.0153541
0.0140995
0.0157055
0.0139428
0.0136841
0.0145611
0.0146263
0.0140857
0.0170986
0.01201
0.0166689
0.013479
0.0134212
0.0152793
0.0155932
0.0174489
0.0185022
0.0175276
0.0123241
0.0155114
0.015758
0.0117244
0.0142835
0.0156717
0.0161193
0.0154248
0.0127467
0.0141185
0.017322
0.0130612
0.0122113
0.0167336
0.016128
0.0135722
0.0154293
0.0164888
0.0178946
0.0137314
0.020271
0.0161535
0.0140058
0.0160826
0.0154828
0.0137095
0.0135508
0.0122362
0.0157802
0.0173627
0.0118499
0.0129646
0.0188127
0.0188308
0.0160073
0.0150168
0.0139589
0.0170935
0.017988
0.0149143
0.0169912
0.0144054
0.0143321
0.0134323
0.0143904
0.0149084
0.0134012
0.0163415
0.0138905
0.0167972
0.0139554
0.0178256
0.0177743
0.0169782
0.0124654
0.0121528
0.0170427
0.0140376
0.0112852
0.0175845
0.0153767
0.0130181
0.0193093
0.0174945
0.0191397
0.0179197
0.0149415
0.0120003
0.0113868
0.0124976
0.018363
0.0165046
0.0181773
0.0160276
0.0152499
0.0181819
0.0163801
0.0143976
0.0144219
0.0148071
0.0116597
0.0139801
0.0153504
0.0164299
0.0159206
0.0132884
0.0116361
0.0130312
0.0184231
0.0141307
0.0154804
0.0163989
0.0137523
0.0131442
0.014952
0.0134801
0.0150027
0.0160978
0.0164358
0.0146733
0.0180459
0.0144254
0.014116
0.0151385
0.0165117
0.0138159
0.0138145
0.0135346
0.0158632
0.0153105
0.0137875
0.0164264
0.0170457
0.0156458
0.0145801
0.0147778
0.0145002
0.0136385
0.0139409
0.0154918
0.0159378
0.0156695
0.0163922
0.016619
0.0176106
0.0123933
0.0136647
0.0123047
0.0142688
0.014407
0.0159855
0.016513
0.0149808
0.0146948
0.0140024
0.0115924
0.0167889
0.0168993
0.0149914
0.0219374
0.015168
0.0133143
0.0167239
0.0168106
0.0150369
0.0139536
0.0176406
0.0120815
0.0171581
0.0140713
0.0141799
0.0165406
0.0150326
0.0189885
0.0181525
0.0122532
0.0154241
0.0139207
0.0121144
0.0164808
0.0154573
0.0123728
0.0139792
0.0156372
0.0173197
0.0137079
0.0164385
0.0172309
0.0119962
0.0169162
0.0156341
0.0169515
0.0168015
0.0180935
0.0188621
0.0146018
0.0167546
0.0183136
0.0183965
0.0162336
0.0218062
0.0170907
0.0156903
0.0169376
0.0165467
0.0135562
0.0135051
0.0132464
0.0142761
0.0138764
0.0160643
0.0166521
0.0186524
0.0187626
0.0160306
0.0139303
0.0150575
0.0166634
0.0146309
0.012842
0.0138606
0.0154137
0.0128215
0.0135069
0.0150203
0.0155964
0.0149769
0.0143145
0.0134271
0.0169777
0.0157908
0.0156706
0.0142366
0.0132942
0.0174751
0.0162236
0.0137768
0.0141856
0.0150569
0.0171121
0.0162043
0.0180529
0.0141819
0.016939
0.0155489
0.0114985
0.0148701
0.015279
0.0169741
0.0158809
0.014436
0.0167152
0.018454
0.0154452
0.0146107
0.0142862
0.0157121
0.0155121
0.015957
0.0163021
0.0127776
0.0153787
0.018568
0.015999
0.0143382
0.0141225
0.0173282
0.016807
0.0173875
0.0160937
0.0168831
0.013805
0.0135209
0.0145986
0.0129179
0.0138465
0.0186237
0.0180627
0.0153956
0.0136814
0.0136441
0.0147771
0.0127674
0.0150124
0.0150509
0.0157513
0.0143565
0.0148013
0.0171654
0.0129934
0.0126282
0.0167502
0.0129126
0.013371
0.0174504
0.0132946
0.0150829
0.016772
0.0153147
0.0144109
0.0126398
0.0169372
0.0143037
0.0117992
0.0140807
0.015406
0.0130217
0.0169206
0.0143469
0.0113143
0.0112831
0.0142087
0.0156179
0.0147422
0.0149239
0.0137111
0.0187172
0.0178652
0.0170002
0.0128173
0.0164588
0.0131368
0.0168276
0.0167739
0.0152985
0.0132754
0.0157163
0.0139773
0.0204477
0.0140937
0.0146777
0.0121765
0.0179073
0.0154895
0.0138833
0.0133895
0.0150938
0.0122626
0.0152627
0.0155565
0.00985834
0.0180318
0.0153121
0.0133966
0.0135493
0.0148105
0.0166422
0.0142541
0.0173671
0.0113963
0.0148595
0.0147825
0.0152558
0.0166965
0.0165333
0.0135799
0.0157234
0.0151907
0.0140556
0.0179672
0.0135213
0.01842
0.0172278
0.0168486
0.0142473
0.0137519
0.0133923
0.0155954
0.0143207
0.0156682
0.0143737
0.0190514
0.0167592
0.0152205
0.0148607
0.0151508
0.0157841
0.0159404
0.0155288
0.0150514
0.0187864
0.0171712
0.0117393
0.0118059
0.0162075
0.0176495
0.0173434
0.0151427
0.0146809
0.0160212
0.0168354
0.016196
0.0177538
0.0137197
0.0130911
0.0168031
0.013253
0.0137375
0.0166013
0.0149158
0.0156416
0.0131325
0.0150979
0.0191098
0.0157621
0.012857
0.0145028
0.0147454
0.0157818
0.0172735
0.0170472
0.017255
0.0143499
0.0171922
0.0129471
0.0149747
0.0170978
0.0123445
0.015428
0.0152843
0.015002
0.0134396
0.00992329
0.0166618
0.0151611
0.0150452
0.0142699
0.0123349
0.0140558
0.0154207
0.0155085
0.014387
0.0160403
0.0166485
0.0129643
0.0127518
0.0140375
0.0170704
0.0153866
0.0160483
0.0140682
0.0162397
0.0126453
0.0147029
0.0134066
0.0131114
0.0127327
0.0130215
0.0173456
0.015937
0.0136212
0.0139811
0.0137883
0.0151536
0.0178642
0.0151501
0.0172548
0.0157008
0.0139507
0.0128878
0.0164015
0.015121
0.0168511
0.0126991
0.0173251
0.0158488
0.0138168
0.013246
0.0168848
0.0133728
0.0151351
0.0177649
0.0142866
0.0127016
0.0147566
0.0117957
0.0155207
0.0150713
0.0152889
0.0175255
0.0179105
0.0147101
0.0155506
0.0154015
0.0132907
0.014206
0.0170424
0.0182051
0.0158856
0.0147136
0.0162212
0.0129075
0.0147604
0.0108747
0.017288
0.0190233
0.0150163
0.0165118
0.0149403
0.0176393
0.0189349
0.0163152
0.0149871
0.0122202
0.0129199
0.0159191
0.015711
0.0121402
0.0171693
0.0127428
0.0189291
0.0140782
0.0163129
0.0144342
0.0146836
0.0135446
0.0145858
0.0174312
0.0167581
0.014736
0.0153993
0.0186979
0.0162492
0.012197
0.0182052
0.0154956
0.0165369
0.017178
0.0156601
0.0173257
0.0169488
0.0178707
0.0165134
0.0159216
0.0164069
0.0158413
0.0145142
0.0157244
0.0152487
0.0146622
0.0154883
0.0147146
0.0165428
0.010965
0.017109
0.0159345
0.0126125
0.0126027
