dim = 2, LX = 32, LT = 16
g = 0.01, kappa = 0.2905
number of blocks: 500 number of steps in each block: 10000
0.0441574 -1.2057 0.0155718 -1.05788 -1.52375 -0.0258852 0.336849 0.677691 -0.282939 -1.60265 -0.609087 1.20281 -1.3534 -2.45606 -0.718595 -1.83279 
1.20149 -0.110519 -0.0476819 1.28245 0.282106 -0.60609 1.83339 -1.40788 -0.429502 0.222606 0.686201 -1.04273 -1.46521 -2.79197 -1.42579 -1.87865 
-0.525009 -0.754696 0.543224 0.106726 -0.50683 -0.385024 1.54851 1.69363 -0.040617 -0.287647 1.91441 1.42936 -0.333919 -2.05642 -0.319912 -1.73488 
0.708212 -0.0490782 0.217736 -1.17896 -0.0838303 -1.0384 0.584086 2.1209 -1.23764 0.299815 1.52536 0.140053 0.261675 -1.51913 -1.18845 -1.19245 
0.507576 -1.46726 -0.779654 -0.132454 -1.02778 -0.621207 -0.893773 0.0338609 0.519289 0.891876 0.867628 2.2652 -1.77643 -1.35467 0.511489 -0.299908 
-0.989367 0.464839 -0.0124982 0.994157 0.122342 -0.74559 1.26476 0.436811 -0.591117 0.400693 0.131212 0.182739 -1.689 -1.03784 -1.75438 -2.99903 
-1.36467 -0.459565 -1.47665 0.024511 0.518523 -0.799658 -0.646619 -0.465911 -1.95838 0.433736 1.11452 0.27294 -1.18048 -1.88981 2.19568 0.122105 
-2.02813 -0.725588 1.2409 -1.17947 -1.85255 -1.51717 -2.83054 -2.68564 -1.37478 0.237277 1.97906 -2.20276 -0.959588 -2.83806 -2.58735 -1.9255 
-2.57434 0.763408 2.17638 -0.977928 -1.07525 -1.26334 -2.04799 -1.78442 -1.87582 0.541862 -0.381413 -0.671143 -1.40975 -3.46906 -2.35982 -1.91287 
-1.23647 -1.62249 -2.20367 -0.451207 -0.537448 -0.688578 -0.414374 1.59995 -0.147351 -0.0543031 -0.25416 0.569229 -0.0416555 -2.84518 -1.85017 0.330814 
-3.34679 -2.97533 -1.89585 -2.5435 0.367692 -1.60672 -3.25365 -0.140319 0.187269 -0.834468 -1.84646 -0.741021 1.48287 0.0690736 -1.11576 -1.38298 
-1.88515 -2.78243 -1.72716 -2.11841 -1.66102 -0.649221 -2.64079 -2.27239 0.231033 -0.120168 -2.64279 -1.2837 -2.41595 -0.857512 -2.98459 -1.77964 
-2.84016 -1.91672 -2.58171 -2.35509 -0.376698 -1.18448 -1.40754 -0.126546 -1.17111 0.29524 -1.69814 0.0660237 -0.431116 -1.3428 -2.15528 -0.788957 
-3.30893 -2.20795 -3.09932 -1.45733 0.0573364 -1.65728 -0.230521 -0.149951 -1.5419 -0.329319 -0.124584 0.189084 0.230932 -0.427334 -0.893773 -1.74899 
-2.21156 -2.74875 -1.65315 -1.34814 -1.25682 -0.553354 -1.45259 -0.828996 -1.29246 1.57081 1.89473 1.46308 0.0525655 0.0786268 -0.652274 -2.29297 
-0.262035 0.108731 -0.73882 -2.10507 0.103304 -0.858764 0.188084 -0.334369 -0.452378 1.34267 1.30319 0.686683 -0.349911 -2.15459 -0.82783 -1.70811 
-0.770554 -1.84975 -0.538932 -0.162224 1.84861 1.8267 1.71386 -0.186052 0.446626 1.29604 1.62068 -0.788518 -2.1323 -1.16034 -0.542057 -1.10464 
-1.50142 -2.04 0.240285 0.652305 0.273431 1.19902 0.134944 -1.61055 1.47529 -0.228317 -0.727563 -1.28012 0.0758123 0.0229503 -1.0691 -1.96821 
-2.21093 -2.01054 -0.263807 0.141634 -0.185353 -0.660563 0.398874 0.572455 1.22498 0.930183 -0.0317857 0.0517698 -0.107896 -1.40874 -2.33619 -2.89776 
-1.27527 -1.33665 -0.752431 0.423186 -1.48071 -0.37602 0.561106 1.28305 1.66344 0.503616 -0.310278 0.535515 0.978751 -1.23925 -1.21776 -2.10384 
-0.234358 -2.11533 -1.7704 -1.46204 -1.31392 -1.01266 -0.341902 0.349078 0.758094 1.25548 1.5172 0.438503 0.465039 -2.11205 -1.41235 -0.737519 
-0.569763 -2.42054 -0.905195 -2.79489 -1.42607 -0.104474 0.171487 0.595883 1.9772 1.21112 0.545916 -0.0613433 -2.85432 -2.832 -2.39201 -0.454782 
0.768012 -0.242858 -2.03989 -0.746719 0.482771 2.10851 2.75088 0.191498 2.32937 0.0826452 0.809599 -0.823321 -2.06323 -1.11485 -2.17038 0.0635745 
-1.28594 -1.588 -0.827293 -0.438453 -0.268474 1.21421 2.18969 -0.798937 0.722543 0.381311 0.806251 -0.331867 -1.25747 -1.84259 -2.77923 -1.91342 
-0.544007 -2.16006 -1.15424 -0.185238 -1.41808 -1.6139 -0.572628 0.458628 -0.0369346 1.33651 1.40275 0.430569 -1.17495 -1.22868 -1.62768 -0.324942 
-0.381784 -1.00805 -1.62605 -0.453624 -1.29819 -0.675412 -2.36498 -0.82078 0.114079 0.34741 0.48741 -1.17599 0.228557 -1.17886 -0.512828 -0.0550765 
-2.33896 0.646442 0.390887 -0.775549 -0.518173 1.72344 0.250564 1.28785 0.920882 0.478242 -0.584162 -0.546062 1.02573 0.293413 -1.27633 -1.16854 
-2.61725 -2.03237 -0.795952 -0.768346 -0.496544 0.20901 -0.662281 0.123975 0.817152 -0.818412 1.80641 0.693715 0.643955 0.533074 -1.4216 -0.270442 
-2.2037 -3.04304 -1.49181 0.256665 -1.19105 -2.01678 -2.05974 -1.0516 -0.62667 0.724116 0.400641 2.36416 -0.189413 -0.522412 -0.524056 -0.430913 
-1.44289 0.488473 -1.09732 0.193839 -0.631015 -0.972498 -1.0117 -0.0528013 0.293718 -0.624607 1.28258 1.11326 -1.8099 -1.8499 -2.17386 -3.27129 
-1.09534 -1.06112 0.614096 0.528066 -1.21935 0.0756347 -1.08706 -1.09738 -0.234558 1.09978 0.0694048 1.24863 0.421957 -1.38704 -1.23819 -1.70334 
0.10821 0.62376 -0.447551 0.443535 0.526718 1.66172 0.0828127 -0.355233 0.482908 0.697534 0.420536 -0.0981828 -1.98787 -1.6249 -0.675689 -2.9103 
3.74834 0.00921934
