dim = 2, LX = 8, LT = 16
g = 0.01, kappa = 0.249377
number of blocks: 1000 number of steps in each block: 10000
0.948569 1.30635 0.464368 -0.833689 0.303316 0.0883968 1.4971 0.151924 -0.988951 0.685799 1.08466 -1.18395 -0.419623 -0.00818344 0.736844 1.00386 
1.09812 0.0464796 -0.892253 1.60196 2.2662 1.35426 1.59112 -0.135099 0.663927 -0.552791 -0.893049 -1.40091 -0.542734 0.673552 -0.0780319 1.46157 
0.712586 1.38594 -0.0658051 -1.18588 -0.210608 -0.303183 -0.829722 -0.598118 -0.805449 -1.51555 -0.524042 -0.738284 -1.7878 0.356783 0.574919 1.02224 
1.10343 1.03853 1.3216 -0.423564 -1.93823 0.866009 1.24722 -1.68793 -1.97686 -0.277323 -0.25399 -0.434192 1.79018 -0.576299 -1.23272 0.849255 
-0.027568 0.192289 -0.381582 0.478929 -0.484936 1.81656 0.607543 0.32264 -2.09695 0.887017 -0.944156 -0.0775549 0.596815 0.529943 0.361708 1.83739 
0.21806 -0.100755 0.6675 1.58871 -0.315926 0.66227 0.337478 0.438092 -2.16328 -1.38249 -0.975232 -2.02022 -0.523248 1.74466 1.04171 1.63555 
0.517701 -0.273146 -0.255186 0.175889 -0.214439 0.14144 -1.2649 -1.68992 -2.14692 -2.03582 -2.69093 -0.131078 0.21476 1.9522 -0.248219 -0.581292 
1.23309 -1.24059 -0.16592 -1.69474 -1.00727 0.359696 -1.30793 -3.24066 -1.5253 -1.44213 0.195087 1.16715 -0.4797 0.90051 -0.606816 -0.0598354 
0.0153575 6.15028e-05
