dim = 2, LX = 8, LT = 48
g = 0, kappa = 0.235294
number of blocks: 2000 number of steps in each block: 50000
-0.628952 2.5757 0.139847 0.444106 -1.24182 -1.29685 -1.32856 0.234821 0.81179 -0.616502 0.872643 -0.521391 0.642035 0.332434 -1.19476 -0.710293 0.181244 0.824388 -0.714681 -0.0426437 -0.103464 0.553119 -0.563174 0.47622 -0.371547 0.653557 0.8532 1.57433 0.468214 2.42952 -0.010679 2.91255 2.02204 0.962612 -1.24762 -0.68984 -0.293758 0.71773 -0.369786 -1.43762 -1.29575 -2.29243 -1.10417 -0.0408986 -0.239914 0.334078 0.572606 -0.151478 
-0.0636762 -0.153802 -0.508404 -2.19264 -2.00418 -0.969756 -1.87159 -0.843283 -2.10492 -3.1624 0.847341 0.70823 0.0483431 -1.87694 -0.306869 1.1158 1.00852 1.86113 -1.40253 -1.50621 -0.487107 -1.0709 -0.958207 -0.504062 0.49735 0.00321382 -1.30817 0.991211 -1.6936 2.3668 0.200397 0.493426 0.648502 0.131639 -1.89446 -0.136685 1.35239 2.69364 0.0560729 -1.25817 -1.87843 -1.78981 -3.19976 -0.580001 -0.358041 0.220278 0.606296 -0.350069 
1.34724 1.28889 0.0487497 -2.5935 -1.01625 -0.89696 -1.43981 1.27094 -0.644239 -0.813646 -0.547143 1.24717 1.60695 1.14213 2.91865 -0.446259 -0.158036 0.852478 -0.375981 -0.671412 -0.629683 -1.02273 1.6642 1.72911 1.23308 -0.473287 -1.74112 -0.688666 0.315788 1.99016 -0.874418 0.011934 -0.722423 -1.75228 -3.28665 0.486257 1.10534 0.563659 0.842385 -0.510973 0.0333999 -0.964955 -2.34042 0.936577 0.312549 0.488089 -0.00441264 1.57267 
0.683488 0.150503 -1.7366 -1.84898 -2.02335 -0.558742 1.07497 -1.9729 -2.22272 -1.64952 1.78686 0.557312 0.822873 0.699598 -0.404107 -0.920704 0.094137 0.122406 0.679782 -1.67913 -0.551563 -1.29597 0.589533 -0.111311 1.0141 0.492425 -0.464477 -2.40754 1.08869 -0.659112 -0.158624 0.970949 -1.26077 -1.46286 -1.2662 0.480125 -0.8839 -0.238017 0.664622 -0.335636 -0.200415 -0.420575 -1.80104 -0.629071 -0.819347 0.608801 0.0612766 -0.51725 
1.64931 -1.55683 -0.888935 -2.60102 0.242399 -0.0834758 -0.226061 2.37463 -1.48637 -0.79611 0.704225 -1.6553 0.516127 0.856688 -0.0977012 2.14148 0.0513883 0.623286 0.668558 2.43164 2.16371 1.21384 0.908018 1.21305 0.59801 1.75225 0.340691 -0.253095 0.520558 -0.367611 3.01191 2.08924 1.21582 -0.991011 -1.20371 -0.451429 -0.62531 -0.581625 -0.351484 -0.761224 0.241705 0.914916 1.81928 0.893311 1.2261 2.17412 2.59836 0.956664 
0.887093 -0.520628 -1.79139 -3.32546 -1.35932 1.46295 -0.0885261 1.65199 0.143621 2.2659 0.887726 1.41523 0.841362 1.07032 -0.0906149 1.67827 -0.937969 1.98248 0.274777 0.21037 -0.282885 2.36463 1.64769 0.957934 -0.676499 -0.276636 0.476698 0.351184 -1.23204 0.568784 0.442744 0.47366 2.20769 0.831996 -0.93153 1.46577 -0.0853487 -1.05312 0.56059 -1.74546 -0.679977 0.28111 0.184446 0.814874 0.632433 1.7667 0.301611 0.973318 
-1.88169 -0.778593 -0.597298 -1.3097 -1.06716 0.862148 1.31058 -0.356841 1.5514 1.41405 -0.932441 -0.609115 2.20971 2.44461 0.395506 0.91129 -0.733419 0.837755 -0.385244 -0.641287 -0.26996 -0.64665 0.644056 1.49379 0.0654135 -1.3652 -0.893078 -0.535499 -0.691577 0.0596143 -0.468094 0.857006 -1.19666 -0.414923 -1.73931 2.22698 -0.657486 -2.31693 -1.25769 -3.26407 0.218447 -0.417133 -0.0995112 -0.687298 0.788513 0.390769 -2.09308 -0.140332 
-0.762596 1.26583 0.583617 -1.1177 -1.21802 -1.00079 0.556544 0.189847 -0.579523 0.125088 0.433221 0.437122 1.34061 0.289602 0.765573 -0.0667597 0.298107 1.60489 0.729361 -0.34947 -0.493826 -1.19141 -1.71087 -0.500674 0.564869 1.35338 -0.140026 1.68955 1.65383 0.630758 0.401551 0.934035 1.23223 0.605911 0.278382 -0.290321 -0.871833 -1.71371 -1.04581 -2.04756 -1.78434 -0.910339 0.523309 0.754693 0.589374 0.652306 0.844815 -1.71403 
5.74504e-05 3.02936e-06
