dim = 2, LX = 8, LT = 48
g = 0.01, kappa = 0.249377
number of blocks: 2000 number of steps in each block: 10000
1.69621 0.978516 -1.34266 -0.233618 -0.324958 0.340708 -0.610276 0.554564 -0.439013 2.69031 1.97171 -0.307008 1.14816 0.533131 -0.0468926 -1.27549 0.346423 0.854736 1.22236 1.11349 -1.33126 0.950743 1.45173 2.14804 0.721501 0.140394 0.764557 -0.15497 0.413339 -0.497308 -0.612776 0.292087 -0.234926 0.107563 0.133739 0.2882 0.307761 -1.02688 -1.32873 0.576544 -0.7291 -0.106663 -2.65308 -1.06966 -1.5089 -0.0691906 0.181277 -0.107157 
1.02375 1.33245 1.09203 -0.895369 -0.235048 -0.498332 -0.207187 0.229894 2.02452 1.72826 3.00887 1.57438 1.84811 1.34853 0.180134 0.930181 -0.391326 -0.322265 -0.0328277 1.1355 1.1903 1.19351 1.38281 2.20119 -0.891727 -0.0459292 0.323561 -0.150763 0.601557 -0.408585 -0.279172 -1.64717 1.72871 0.258356 2.34946 -0.283722 1.52071 -0.720069 -0.984869 -0.671589 -1.11948 -0.703299 1.08165 -1.75571 -0.877237 0.870545 -0.933054 -0.815162 
-0.913411 -0.28754 -0.581967 0.718355 1.96622 -0.0214431 -0.8178 1.43918 -0.414952 1.59046 2.64041 1.89197 1.75374 -0.611655 -1.97035 0.163309 -0.140145 0.581921 -0.749887 -0.126377 2.60411 1.37898 0.30884 -1.81752 -0.0828816 -1.34963 -0.14302 -0.913844 0.373887 -0.960618 -0.392244 -0.51468 1.01723 2.60782 2.15583 0.124348 0.139859 0.203648 0.0750183 -0.111988 1.33821 0.964605 1.41795 1.45553 -0.365534 1.70012 0.493847 -0.0369449 
-2.30116 -1.46328 0.0434851 -0.306932 0.614603 -2.10669 -0.497451 0.208587 -0.849257 -0.860649 2.79483 1.85512 -0.95325 -2.79147 -1.0337 -0.259418 1.55666 -0.509462 -0.869694 -1.30673 1.51225 -0.360125 -0.934454 -2.32817 -0.00777481 -0.8032 -1.85472 -0.960304 -1.96209 -0.258326 0.463188 -0.66664 -0.443692 2.22047 2.19543 2.5992 -0.856542 -0.925447 -0.612008 -0.595941 0.216924 1.59929 0.673799 1.07592 1.18829 1.15511 0.384026 -0.296166 
-1.91321 -1.1671 -0.181704 0.721267 0.182598 -2.10372 -2.03341 -0.994235 0.191019 -1.18231 1.1604 -0.656744 -1.36675 -2.14076 -0.168845 0.479952 1.09568 -0.892084 2.1319 0.376302 1.07541 0.776656 -0.81693 -1.73894 -1.10415 -2.05447 -1.75183 0.193877 -0.334156 -0.520819 1.3579 -0.741811 0.339893 1.37607 -0.0912099 0.493639 -0.652853 -0.939837 0.861227 0.478132 -0.229691 1.39027 -0.5039 0.764001 1.25102 -0.350908 -1.76259 -1.05777 
-0.726859 -2.12459 -1.74397 -1.06385 0.92355 -0.668204 -1.16867 -0.69981 1.8783 -0.112629 2.0891 0.705782 -0.0271501 -0.143745 -1.34997 1.27454 -0.367316 -0.597274 0.00802266 -0.545563 0.940208 0.0287814 -0.72254 -0.674957 -0.386116 0.0273466 0.262182 -0.078725 0.480154 -0.593376 0.81561 1.9468 1.31163 0.744644 1.5705 -0.155177 -0.178181 -0.926879 1.48 2.85265 2.0111 2.0475 0.261725 1.38267 -0.133222 -0.898217 -1.56609 -2.25654 
0.361431 0.456001 -2.25448 -0.188826 -0.299408 0.921853 -0.251606 -1.30878 0.947795 2.04241 3.32351 1.08391 -0.451121 0.257678 1.52624 0.0857969 0.947796 1.00037 1.54175 -0.156088 -0.624526 -0.119233 -1.28325 -1.18301 0.69865 1.29776 1.13093 0.0688471 -0.311298 0.887158 0.20033 1.0784 0.155521 -0.836096 0.786087 2.59336 2.50198 1.46747 1.81619 2.73962 1.16701 -1.25109 0.369453 0.307418 -1.72368 -1.3553 -2.05004 -0.893553 
0.611155 0.350781 -0.778059 -0.40363 0.0997999 0.808593 0.136818 2.12601 1.3571 2.44893 2.88561 1.79236 0.621905 0.150471 -0.485323 -1.33155 -0.663436 -0.836109 0.665299 0.392687 -1.6373 -1.37734 0.582528 -0.51132 -1.77205 -0.383517 -0.422325 -0.120047 -0.425897 -0.0723039 1.47649 1.64647 -0.0737524 0.0794488 2.26713 0.18407 0.838497 1.95389 1.20011 1.01359 1.06172 -0.700363 -1.90179 -1.69507 -2.2242 -0.673027 -0.699388 -0.626953 
1.6178e-07 5.86762e-08
