dim = 2, LX = 8, LT = 24
g = 0.249377, kappa = 0.2796
number of blocks: 500 number of steps in each block: 10000
0.984469 -0.295913 -0.0496815 0.112568 1.65774 -0.195407 -0.152298 -1.26525 -0.341249 -0.207886 0.746447 0.636385 0.883296 0.332693 -0.460014 -0.0728761 0.23635 -0.326259 0.531912 0.80134 -0.600773 -0.752624 0.573329 0.242136 
-0.0275405 -1.04376 -0.272436 0.689974 0.652758 -1.73691 0.165002 -0.389423 -0.947134 -0.545544 -0.537793 -0.466911 -1.09701 0.650282 0.444935 -0.459891 0.882762 -1.57521 -0.0730592 0.177711 -0.466241 -0.0980091 0.150228 -0.862992 
0.161213 1.48871 0.1481 0.841492 -0.499351 -0.847434 0.404625 -0.962267 -0.985831 -1.05768 0.128886 -1.05173 -0.0418979 -0.766714 -1.4224 1.13058 -0.405403 -1.0135 -0.708827 -0.301799 -0.352333 -0.874642 1.48009 1.61246 
-0.00695098 0.661097 1.2191 0.298208 -0.202507 -0.535819 -0.881303 -0.227486 0.467244 -1.2711 -0.55381 -1.35127 -0.872935 0.563858 -1.07698 0.362031 -0.574131 -0.991562 -0.0779748 0.405481 -0.410162 -0.0915671 0.795497 -0.386792 
0.663455 -0.494797 0.555659 0.126115 -0.606837 0.376319 -0.802138 -0.298102 0.304019 -0.214776 -0.198001 -0.720954 -0.22498 -0.901142 -0.427613 -0.78788 -0.671375 0.29185 -1.29684 0.353257 1.09066 -0.535021 0.357455 -0.572115 
0.636704 -0.305685 -0.373273 -0.26007 0.130784 0.362902 0.827384 -0.54711 -0.920375 0.161588 -0.000440074 0.962542 -1.26602 -0.342387 -0.338384 0.307467 -1.53133 0.0402352 0.718879 0.86074 0.970957 0.291091 0.421815 0.224644 
0.740594 0.534782 -0.960773 -0.613701 -1.76178 -0.905132 -0.670475 -0.969198 -0.184689 0.0991271 -1.09487 -0.398701 0.334544 -0.204987 0.393392 0.472905 0.300883 0.79957 0.949796 0.25845 0.311785 -0.916797 -0.181247 -0.682554 
0.211064 0.557956 -0.236554 0.848915 0.434301 -0.248998 -0.894727 0.0616228 -1.1494 -0.116998 0.227773 -1.03056 0.571048 -1.3228 0.0530371 -0.619898 -0.116912 1.04329 0.453334 -0.580616 -0.289316 0.108518 0.708578 0.378634 
0 0
