dim = 2, LX = 8, LT = 16
g = 0.01, kappa = 0.2796
number of blocks: 1000 number of steps in each block: 10000
0.992453 1.53677 -0.0597235 -1.39913 -0.332359 -0.662549 0.769442 -0.382256 -1.02553 0.418913 0.676124 -1.05185 0.121691 1.06471 1.12113 3.27562 
1.77641 0.0500901 -1.3307 0.957001 1.6041 0.626866 0.995515 -0.248566 0.632457 -0.745564 -1.16671 -1.48168 -0.469764 0.858422 0.600816 2.35799 
-0.867785 -1.33799 -0.482373 -1.84495 -0.933194 -0.939532 -1.3692 -0.90102 -2.40902 -2.74363 -1.41693 -1.26078 -2.07906 0.182213 -0.497735 1.37231 
1.23251 -0.974928 0.803145 -1.04412 -0.141475 0.888281 0.924005 -2.02238 -0.872213 -2.00517 -1.30287 -1.03847 1.43709 -0.655629 -1.24082 0.887082 
-0.347505 -0.29088 -0.924434 -0.458609 -0.561712 1.58429 0.310747 -0.155112 -2.27296 -0.0108351 -1.64925 -0.563888 0.503732 0.654229 0.25733 -1.68816 
-0.0715006 -0.550718 -0.198064 0.826775 -0.785029 0.191456 -0.190124 -0.0646415 -2.70337 -1.74004 -1.31647 -0.0045259 0.195749 2.20547 1.24856 1.69702 
0.639329 -0.448227 -0.802827 -0.387802 -0.85483 -0.562874 -1.97927 -2.37908 -2.48144 -2.40744 -1.79624 0.549424 0.904815 0.764443 -0.132385 -1.00157 
1.77128 0.677712 -0.0703881 -2.16276 -1.73758 -0.503282 -2.09996 -0.951624 -1.30381 -1.74972 0.0682838 1.424 0.163902 1.35949 -0.758794 -0.597525 
0.472222 0.0010133
