dim = 2, LX = 8, LT = 16
g = 0.01, kappa = 0.2905
number of blocks: 1000 number of steps in each block: 10000
-1.14255 -1.94579 -0.584956 -2.55241 -1.89322 -1.07582 -0.281054 0.747536 0.335191 2.10887 1.77517 -0.864596 -0.380689 0.53035 -0.246721 -1.41239 
1.14873 -1.73699 -2.53709 -0.227104 -1.01098 -1.15593 0.840946 0.176295 0.0798299 -0.0576652 -0.538644 0.073778 1.07605 1.28872 -0.474601 -0.358565 
1.43429 0.57345 -1.99414 -2.66639 -1.16493 -2.12871 -1.88269 0.530813 0.0203743 -1.68931 0.340326 0.286828 -0.55531 0.359471 -0.537906 -0.457298 
-0.754733 -0.738548 -1.29861 -2.47946 -0.742824 0.0350473 0.264469 1.75235 -2.13252 -1.50351 -0.885166 -0.236493 1.27755 1.53429 1.33013 0.576259 
-1.7669 -2.13317 -2.81178 -2.55043 -2.11244 0.262077 0.0205061 0.221312 -2.1693 0.357384 -1.60613 -0.682513 0.0725557 -0.836333 1.18861 -0.00669319 
-1.58537 -2.33566 -1.27917 -1.36032 -2.57424 -0.966625 -0.135334 0.59494 -1.93904 -0.865453 -1.14336 -2.28978 -1.41589 0.140562 0.727256 -0.35372 
-2.6978 -2.91471 -2.48134 -2.46461 -2.77966 -0.915171 -1.49726 -1.351 -1.24209 -1.47377 -2.71534 -0.583092 -0.681446 0.613733 -1.6433 -2.64508 
-0.257138 -2.07785 -1.92418 -0.859709 -2.42098 -0.69238 -1.78968 0.411932 0.287319 -0.31521 0.51515 1.01313 -1.01038 -0.293933 -1.75663 -1.26449 
2.56974 0.00487458
