dim = 2, LX = 16, LT = 16
g = 0.01, kappa = 0.2796
number of blocks: 500 number of steps in each block: 10000
0.41017 -0.0739728 0.187437 -0.372266 -0.856591 1.12535 -0.564324 0.283972 1.24632 1.41728 0.141274 -0.278114 1.10392 1.58542 0.214187 1.52277 
-0.435284 0.405346 0.815363 -0.0186165 0.941024 0.576357 1.03848 -0.82639 0.791167 2.32811 0.936434 1.26667 1.5957 -0.100242 1.22278 0.194223 
0.0021799 -0.0881985 0.453748 0.135881 -2.13129 -0.434518 1.52474 -0.0132036 0.215254 -0.13373 0.297703 -2.34986 -0.69427 -0.66464 -1.03449 0.686772 
0.521995 -0.334153 0.803066 1.38332 0.581396 1.79163 0.968637 -0.0828848 -0.0817512 -0.920469 0.685787 0.637565 0.0468255 1.44294 0.954473 1.91697 
-0.151621 0.214929 1.02333 -0.323091 0.462741 -1.68369 0.12455 -0.664297 -1.37699 -0.559411 0.16624 1.69603 2.54158 1.12839 0.216933 1.07104 
0.316138 0.0111698 0.439545 0.263494 0.412774 -0.00547383 -0.737483 -0.972451 -0.417306 -0.371772 0.293669 1.87905 1.39824 -0.366291 1.49001 0.404012 
0.727638 1.09101 2.17017 -0.429315 0.976989 -1.47856 -1.46877 -2.27773 -0.491637 -0.0480623 -1.25124 -0.545929 0.812935 0.213432 -0.177746 -0.083383 
-0.0383566 -0.101574 -0.54098 0.838003 0.0938387 -0.694295 -1.50851 0.0644238 0.470813 -0.0517359 -0.175351 0.138074 -1.06021 -1.00808 -1.26332 -0.00624691 
-0.325397 0.405053 -0.191464 -1.49082 -0.753122 -1.16833 0.447166 1.55662 0.576579 1.33038 -0.0919237 -0.863405 -0.837932 0.362441 0.394042 2.01587 
-0.248188 -0.545144 -1.45521 1.50328 1.69726 0.6866 1.34313 1.11971 1.04007 0.326523 -0.785131 -0.117834 -0.246528 0.845181 0.0464972 1.31957 
0.484586 0.391385 -0.131393 -1.04834 0.293357 -1.43189 -1.19124 -0.211397 -1.39108 0.569685 0.152133 -0.89401 -1.69647 0.175748 0.0401359 0.577234 
0.424927 0.747128 1.04443 0.289196 -2.0546 0.71603 0.645908 -1.42634 -1.31636 -2.13646 -0.891535 -0.639566 0.912525 -0.881477 -1.70922 -0.0897373 
0.910358 0.329557 -0.103417 0.190003 -0.0938582 1.32576 0.486556 1.21048 -0.0778968 1.77318 -0.180695 -0.0299553 0.545262 0.901177 -0.0969469 1.86888 
1.26601 -0.663872 0.156121 1.93763 -0.0617362 0.372945 -0.178049 1.19894 0.0830573 -0.567795 -0.0274932 -1.43933 -0.00515784 2.62715 2.37403 2.99144 
0.759396 -0.119415 -0.0486729 0.200052 -0.32183 0.255019 -0.902167 -0.596421 -2.67189 -0.950733 -1.36609 0.7771 -0.45295 1.84961 1.737 0.973434 
2.55869 -0.701962 -0.323568 -1.69276 -1.74184 0.52531 -1.87498 -2.81345 -0.57315 -0.421897 1.03633 1.20071 0.55765 2.61464 0.560565 1.24869 
0.509644 0.00157401
