dim = 2, LX = 16, LT = 48
g = 0.01, kappa = 0.2796
number of blocks: 5000 number of steps in each block: 10000
-0.25465 2.13927 1.96167 1.41272 1.37343 2.7429 0.567701 -1.05423 0.0307686 0.108135 1.38205 1.0383 1.63629 1.47274 0.233405 0.103759 0.258437 0.62544 -0.785859 -0.578513 -1.20853 0.00282966 2.33078 0.198213 2.26754 2.65204 -0.194853 0.341483 0.60802 -0.926885 0.492285 -0.170157 0.0225108 -0.354366 1.08236 1.28232 1.28107 0.166165 -0.154104 -0.0685493 -0.401826 -0.247358 1.52897 0.259633 0.765055 2.32059 2.03475 2.006 
1.72295 1.44198 1.27715 0.0288469 0.522178 0.257996 -1.2209 -0.911382 0.454738 1.3292 -0.148565 0.154501 0.539628 1.75572 2.03302 1.52158 2.14974 -1.22167 -0.69941 -1.38911 -0.369341 1.09679 0.774777 -0.681538 1.22539 1.3854 0.889574 -2.22329 -0.476463 -0.692847 0.473895 1.71214 1.73348 0.841901 0.5586 -1.13711 1.43295 -0.147315 1.13851 -0.823013 1.63672 0.263605 1.45986 2.1216 1.63292 -0.57305 1.45886 1.83178 
1.51423 0.95945 0.513428 -0.411969 -0.581547 0.979365 -0.508097 0.0648487 -1.45694 -0.517542 0.178016 0.899918 -0.874139 1.69144 2.79458 1.77686 0.191669 1.10749 -0.491997 -2.0041 -1.16577 -0.576373 -1.54091 -1.26604 1.4622 0.603981 -0.357289 -1.3818 -1.01378 0.759033 1.26189 -0.111309 0.25138 -1.00688 -1.95886 0.118122 -0.448708 0.888864 0.535506 0.679338 0.328183 0.197498 2.03643 1.82465 1.49841 1.29686 0.360381 1.14608 
0.495298 1.18228 1.29093 0.35567 -0.0911237 0.592098 -0.70336 -0.416892 -0.0854705 -2.39027 0.561738 -0.238701 0.156408 -0.641664 1.64944 1.18038 -0.112925 -0.513258 0.308582 0.133893 0.475881 1.81706 0.356978 -0.392219 -0.0844727 0.522805 -1.11304 -1.50005 0.2484 1.43544 1.38276 1.08192 -0.782227 -2.09668 -2.34157 -1.80711 -0.591953 -0.547265 0.152554 -1.62705 0.387312 0.236633 1.30296 0.222856 1.95299 -1.35252 -1.15364 1.69719 
0.804469 2.13705 1.54455 1.51288 -0.616324 1.26625 0.878912 -0.337406 1.10924 -0.51246 1.13765 -0.141777 -0.742912 0.487706 1.04426 0.375432 1.29668 -2.48481 0.94745 -0.417001 0.858116 1.67038 -0.758099 -0.972763 -1.4787 -1.41518 -1.38288 -0.869405 0.952027 2.44723 -0.0929343 1.84893 -0.769031 -1.07845 -1.9732 -0.858984 -1.10924 -2.51223 -0.817536 -2.77648 -1.74549 0.951254 0.763445 -0.660432 0.00178963 0.133027 -0.250067 0.664823 
0.103714 0.901974 0.436431 0.56937 -0.457777 0.64005 0.610127 1.70443 1.65774 1.55308 -0.587593 -1.99503 0.499969 0.577626 0.859929 0.355231 -0.524568 -2.04387 0.980021 1.47328 -0.422737 -0.744177 0.574468 1.65817 1.84095 -2.57562 -1.72313 1.34443 0.89723 0.438983 -0.755358 1.88644 0.237175 0.921334 -0.532917 -0.759192 0.899152 -0.097692 -1.62396 -1.69264 -0.592609 1.52395 1.44636 0.226304 -0.551966 0.81894 1.30628 0.183478 
0.206962 -1.2362 -0.670143 0.504761 0.689454 -0.0181872 0.838714 1.68341 0.404037 0.375268 0.0291962 -1.61311 -1.29385 0.815265 1.21153 1.06664 0.0939135 -1.34483 -1.50124 1.20311 2.27792 -0.184327 -0.8646 -1.74066 -1.58641 -1.70467 -1.50673 -0.807653 -1.21703 -0.382595 -0.429192 1.29456 0.234854 1.01893 0.373491 -0.0071517 0.117105 -0.0096761 0.973474 1.42003 1.2828 -0.62346 1.49586 1.13075 1.18496 -1.36312 -0.0265403 -0.715609 
-1.61176 -1.93179 0.499295 1.25958 -0.307821 -0.17149 0.184888 0.178679 -0.954695 -0.162651 -1.3461 -0.631174 0.712811 -0.530093 -1.39192 -1.2248 -0.42532 -0.0260911 -0.496585 1.33747 0.99918 0.0179921 -0.461573 -1.78154 -2.26613 -2.3142 -0.31724 -0.16048 -2.18221 0.248401 0.0471786 0.686596 0.762444 1.53162 0.945552 0.912467 -0.196084 -1.8929 1.24829 0.930126 1.21755 -0.191608 1.07302 1.24374 1.01263 -0.260659 -0.159658 -0.00803316 
0.674063 -1.16089 0.433854 2.15185 1.14126 -0.711358 -0.340526 0.468927 1.01827 -0.210512 0.265338 -1.55011 -0.541169 -1.39231 -2.70496 -2.0856 -0.918499 1.06195 -0.414095 1.08755 0.679503 0.65878 -1.41522 -1.75637 -3.33786 -1.65177 0.0852716 0.322768 -1.3342 1.3019 -0.509346 -1.35811 0.358282 0.67761 -0.891188 0.193421 -0.900649 1.07493 0.83313 0.816114 -0.104805 -1.91816 0.242859 0.900547 0.852091 1.37587 1.60351 1.02644 
0.0939186 -1.18937 -0.625356 -0.564159 -0.900513 -0.198205 -0.919689 -0.56405 -0.419074 -2.09693 0.604544 -0.33443 -0.906188 -0.560343 -1.43952 -0.853847 0.250685 1.8966 -1.02105 -1.02104 0.870334 -0.517997 -1.69836 -2.46014 -2.34913 -1.08971 -1.74029 -0.0788424 -2.00415 0.348731 -1.64265 -1.88459 -0.155635 0.500647 -0.970411 -0.0338773 1.47089 0.018495 0.59985 -0.533256 -1.20433 -0.224647 -1.2025 0.873851 1.54195 1.09399 2.03112 0.683378 
1.69474 1.27077 0.230778 -1.87491 -0.435847 0.319473 -0.899893 2.97807 0.80427 0.625767 0.329394 1.14818 1.01266 1.26801 -0.625668 -1.50153 -0.57602 0.697708 -0.519638 0.0400704 0.541237 -0.642963 1.03587 -0.0508733 -0.331206 -1.83858 -1.66459 -0.697188 -0.15274 0.112518 -1.39843 -1.07697 -0.684377 -1.17661 -2.20525 0.643627 1.34423 0.196561 0.480705 0.308066 1.11639 0.747941 -0.603143 1.13602 1.83662 1.55858 0.977442 2.29587 
1.12992 -0.309264 -1.79122 0.386887 -0.854679 -0.15211 -0.376687 -1.60955 -0.942304 0.202769 1.98424 1.29398 1.61256 0.928878 -1.04784 -1.21569 -0.148594 0.880561 0.34071 -1.09567 0.168948 -1.3724 0.295911 -0.175413 -0.257972 -0.835318 -1.29655 -3.3898 -0.502973 -1.87754 -1.56358 0.0317485 -0.816954 -0.331318 0.419831 1.35033 0.18697 -0.0650103 1.15731 0.624835 1.16155 0.751602 -0.468815 0.766712 0.512654 1.18925 0.675656 0.00663524 
0.516749 -0.219088 -1.11018 -2.3184 0.00731584 -0.570824 -1.20821 1.8654 -0.955957 -0.70051 1.35645 -0.710313 0.627219 0.718869 -0.097048 2.55104 1.52798 1.75807 0.929211 2.82469 2.78387 1.47477 1.26981 0.806075 -0.167802 1.62376 -0.808634 -1.79516 -0.649183 -0.0310822 0.952441 0.628529 1.42679 -0.141333 -0.503666 0.676342 0.357388 -0.103599 0.505035 0.902706 1.8482 1.30546 2.34347 1.61305 2.02675 2.7391 2.46985 0.638187 
0.231815 -0.749688 -2.08876 -0.878702 -0.624378 1.04139 -1.6578 1.16552 -0.36533 1.70816 0.802162 2.01426 1.57304 1.79106 0.573677 2.09568 0.337133 1.56615 1.18661 0.991704 -0.119395 0.0957538 1.11666 1.00986 0.052063 -0.209821 -0.11282 -0.752125 -1.90087 -1.22834 -1.90888 -1.33468 1.87549 0.718101 -0.538474 1.99758 1.07466 0.236468 1.66487 -0.231389 0.253245 1.11353 0.435176 -1.04423 0.939712 0.746839 0.872085 -0.0991525 
2.70568 -0.866714 -0.614881 0.332672 0.743237 -0.38511 -0.0923206 -1.14311 0.854572 0.340653 -0.467437 0.115593 2.91892 3.27265 0.896047 1.65329 0.101265 1.82544 -0.218432 -1.08151 0.0780498 -0.924236 0.719273 1.94097 0.350198 -1.40907 -1.62114 -0.919599 -1.45058 -1.57161 -1.32073 -0.647116 -2.229 -1.38196 -2.424 2.41914 1.09604 -0.771925 -0.498918 0.421672 2.01561 0.701614 -0.793456 -0.952538 0.708053 1.15387 2.09103 1.46383 
1.74191 -0.302942 0.43649 1.97259 1.84394 2.48311 0.248281 -0.130003 -1.16314 0.155943 0.602348 1.05054 2.48424 1.5303 2.20386 0.887785 0.808576 1.86824 0.550951 -0.539147 -0.722125 0.147131 -0.375139 -0.488418 1.0736 1.72992 -0.353373 1.21312 0.864328 -1.10633 -0.760147 -0.940587 -0.595935 -0.981208 -0.0153277 0.752308 1.12929 -0.905726 -0.563866 -0.522934 -0.360068 -0.511747 0.952723 0.132861 0.149914 0.544829 0.973093 3.394 
0.00143473 9.45866e-06
