dim = 2, LX = 8, LT = 32
g = 0.01, kappa = 0.249377
number of blocks: 5000 number of steps in each block: 10000
-3.62055 -2.66876 -3.6387 -4.26787 -1.71331 -1.93355 -2.23287 0.217912 0.913805 1.29532 2.48075 1.55164 0.469876 1.33379 1.94405 1.95452 1.17659 1.40337 -2.40151 -1.31157 -0.715184 -1.40726 -2.43755 -2.60961 -2.34698 -1.01712 -2.95829 -4.51784 -3.9424 -2.84281 -3.63534 -3.84787 
-4.13143 -3.64062 -4.5044 -3.35115 -3.23331 -0.591936 -0.319773 2.54204 0.484949 1.88997 1.23019 0.556167 1.06959 1.46633 0.563413 1.0665 1.18106 -1.18193 -0.946594 -1.91847 0.361053 -1.12766 0.029735 0.403992 -1.7565 -1.29585 -3.51391 -5.14901 -4.35194 -1.63825 -1.84714 -4.04101 
-3.92577 -4.97062 -1.11233 -3.89354 -2.68304 -1.70631 2.31245 2.94892 0.980526 1.42871 0.859437 1.67081 1.84906 3.02898 2.98646 2.15181 -0.0577101 -1.27385 0.47858 -1.17045 1.2049 0.299603 -0.620797 -2.57431 -0.975636 -0.765647 -1.58303 -2.12942 -3.87856 -0.853342 -1.56162 -1.10794 
-3.67629 -4.35543 -2.72538 -1.70181 -3.58775 -0.609025 -0.201074 2.12869 2.48857 2.27351 1.54926 1.09888 1.31165 1.72286 2.54226 1.40916 1.36997 -0.917252 -1.10482 -1.45854 -1.63011 -0.126615 -2.08891 -3.09859 -2.11654 0.60373 -0.623386 -1.83735 -1.42851 -3.75072 -3.20855 -2.73884 
-2.02059 -2.57897 -4.00484 -3.11977 -2.88468 -0.11247 1.58873 0.118615 1.67661 1.07787 1.65271 1.87727 3.33901 3.07027 2.71356 0.983657 2.01076 0.812716 -0.447954 -0.364131 -3.7143 -2.63574 -2.65641 -0.571059 -1.01445 -0.336318 0.507361 -3.3816 -1.53618 -2.48041 1.29672 0.154265 
-3.20355 -4.35663 -3.77549 -3.14527 -2.12932 -0.691351 2.34586 2.44713 0.905595 0.362736 0.745409 1.37976 1.64982 1.788 1.2945 0.341612 1.23436 0.358635 0.842262 -1.1887 -2.02855 -1.07779 -1.63813 0.0718617 -1.20152 -1.21165 -0.0872253 -1.52924 -3.58454 -0.583292 0.0941939 -1.36421 
-1.064 -2.40106 -2.90414 -3.43363 -0.550165 -0.883228 0.668916 0.430382 2.2737 0.703311 1.08302 1.26836 1.25728 0.585844 1.2761 0.730869 1.14072 2.67084 0.277212 0.259254 -2.09296 -2.2108 -2.09411 -1.98367 -2.91729 -5.01789 -2.07802 -0.811017 -2.10065 -0.566088 1.53232 1.23515 
-1.6425 -3.27426 -2.16391 -0.607868 -2.21114 -1.4627 0.895298 -0.449137 1.64149 3.48774 2.28239 1.44563 -0.78018 2.75876 1.82212 0.268123 1.37732 -0.0607522 0.831683 -0.835711 -1.10217 -1.30796 -2.33689 -1.60452 -2.4496 -2.64069 -1.69753 -1.93205 -2.87731 -3.02979 -1.61433 -2.45243 
8.45704 0.0293256
